\ 
\ Covariance Function Histogram Table
\ 
\ X Parameter: Eccentricity
\ X Abbrev   : e
\ X Units    : none
\ X Items    : 99          
\ 
\ Y Parameter: Minimum Mass
\ Y Abbrev   : Mpsini
\ Y Units    : Mj
\ Y Items    : 100         
\ 
|col000|col001|col002|col003|col004|col005|col006|col007|col008|col009|col010|col011|col012|col013|col014|col015|col016|col017|col018|col019|col020|col021|col022|col023|col024|col025|col026|col027|col028|col029|col030|col031|col032|col033|col034|col035|col036|col037|col038|col039|col040|col041|col042|col043|col044|col045|col046|col047|col048|col049|col050|col051|col052|col053|col054|col055|col056|col057|col058|col059|col060|col061|col062|col063|col064|col065|col066|col067|col068|col069|col070|col071|col072|col073|col074|col075|col076|col077|col078|col079|col080|col081|col082|col083|col084|col085|col086|col087|col088|col089|col090|col091|col092|col093|col094|col095|col096|col097|col098|col099|
|int   |int   |int   |int   |int   |int   |int   |int   |int   |int   |int   |int   |int   |int   |int   |int   |int   |int   |int   |int   |int   |int   |int   |int   |int   |int   |int   |int   |int   |int   |int   |int   |int   |int   |int   |int   |int   |int   |int   |int   |int   |int   |int   |int   |int   |int   |int   |int   |int   |int   |int   |int   |int   |int   |int   |int   |int   |int   |int   |int   |int   |int   |int   |int   |int   |int   |int   |int   |int   |int   |int   |int   |int   |int   |int   |int   |int   |int   |int   |int   |int   |int   |int   |int   |int   |int   |int   |int   |int   |int   |int   |int   |int   |int   |int   |int   |int   |int   |int   |int   |
      0      0      0      0      0      0      0      0      0      0      0      0      0      0      0      0      0      0      0      0      0      0      0      0      0      0      0      0      0      0      0      0      0      0      0      0      0      0      0      0      0      0      0      0      0      0      0      0      0      0      0      0      0      0      0      0      0      0      0      0      0      0      0      0      0      0      0      0      0      0      0      0      0      0      0      0      0      0      0      0      0      0      0      0      0      0      0      0      0      0      0      0      0      0      0      0      0      0      0      0
      0      0      0      0      0      0      0      0      0      0      0      0      0      0      0      0      0      0      0      0      0      0      0      0      0      0      0      0      0      0      0      0      0      0      0      0      0      0      0      0      0      0      0      0      0      0      0      0      0      0      0      0      0      0      0      0      0      0      0      0      0      0      0      0      0      0      0      0      0      0      0      0      0      0      0      0      0      0      0      0      0      0      0      0      0      0      0      0      0      0      0      0      0      0      0      0      0      0      0      0
      0      0      0      0      0      0      0      0      0      0      0      0      0      0      0      0      0      0      0      0      0      0      0      0      0      0      0      0      0      0      0      0      0      0      0      0      0      0      0      0      0      0      0      0      0      0      0      0      0      0      0      0      0      0      0      0      0      0      0      0      0      0      0      0      0      0      0      0      0      0      0      0      0      0      0      0      0      0      0      0      0      0      0      0      0      0      0      0      0      0      0      0      0      0      0      0      0      0      0      0
      0      0      0      0      0      0      0      0      0      0      5      0      0      0      0      0      0      0      3      5      0      0      0      0      0      0      0      0      0      0      4      0      0      0      0      0      2      0      0      0      0      0      4      0      0      0      3      0      0      4      0      0      0      1      0      1      0      2      0      0      0      0      0      0      0      0      0      0      3      0      0      0      0      0      0      0      0      0      0      0      0      0      0      0      0      0      0      0      0      0      0      0      0      0      0      0      0      0      0      0
      0      0      0      0      0      0      0      0      0      0      0      0      0      0      0      0      0      0      0      0      0     10      0      0      0      2      0      0      0      0      0      1      3      0      0      0      2      0      0      0      3      1      6      1      0      1      0      0      3      1     12      0      0      0      1      0      0      0      0      5      2      0      0      2      0      0      0      0      0      0      0      0      0      0      0      0      0      0      0      0      0      0      0      0      0      0      0      0      0      0      0      0      0      0      0      0      0      0      0      0
      0      0      0      0      0      0      0      0      0      0      0      0      0      0      0      0      0      0      0      0      2      0      0      0      0      0      1      0      0      0      0      0      0      0      4      0      0      0      0      0      0      5      2      4      0      0      0      0      0      0      0      6      0      1      0      2      0      0      0      0      0      0      5      0      0      0      1      4      0      0      0      0      0      0      0      0      0      0      0      0      0      0      0      0      0      0      0      0      0      0      0      0      0      0      0      0      0      0      0      0
      0      0      0      0      0      0      0      0      0      0      0      0      0      0      0      0      0      0      0      0      0      1      0      0      0      0      0      0      0      0      0      0      0      0      0      0      0      0      2      2      3      0      1      0      1      4      0      6      1      2      0      4      0      0      0      0      0      1      1      5      0      0      0      0      0      0      0      0      0      0      4      0      0      0      0      0      0      0      0      0      0      0      0      0      0      0      0      0      0      0      0      0      0      0      0      0      0      0      0      0
      0      0      0      0      0      0      0      0      0      0      0      0      1      0      0      0      0      0      0      0      0      0      0      0      1      0      0      0      1      0      3      0      1      0     16      0      5      0      0      2      0      0      0      0      0      0      9      0      1      2      0      0      0      7      0      0      0      0      0      0      0      5      0      1      1      0      0      0      0      0      0      2      0      0      0      0      0      0      0      0      0      0      0      0      0      0      0      0      0      0      0      0      0      0      0      0      0      0      0      0
      0      0      0      0      0      0      0      0      0      0      0      0      0      0      0      0      0      0      0      0      0      0      1      0      0      0      0      0      0      7      0      6      0      0      0      0      2      0      0      1      0      0      1      4      0      0      0      0      7     10      2      0      0      4      4      3      0      4      0      0      7      0      0      0      0      0      0      0      0      0      0      0      0      0      0      0      0      0      0      0      0      0      0      0      0      0      0      0      0      0      0      0      0      0      0      0      0      0      0      0
      0      0      0      0      0      0      0      0      0      0      0      0      0      0      0      0      0      0      0      0      0      0      0      0      0      0      0      0      0      0      0      0      0      5      0      0      0      1      2      0      0      0      0      0      2      0      1      5      3      0      6      0      0      0      0      0      0      0      0      0      0      0      0      0      0      0      0      0      0      0      0      0      0      0      0      0      0      0      0      0      0      0      0      0      0      0      0      0      0      0      0      0      0      0      0      0      0      0      0      0
      0      0      0      0      0      0      0      0      0      0      0      0      0      0      0      0      3      0      0      0      0      0      0      0      0      0      0      0      0      0      0      7      0      1      0      0      0      5      0      0      1      3      2      2      2      0      0      0      0      7      0      0      0      0      1      0      0      5      0      0      6      7      0      0      0      0      0      0      0      0      0      0      0      1      0      0      0      0      0      0      0      0      0      0      0      0      0      0      0      0      0      0      0      0      0      0      0      0      0      0
      0      0      0      0      0      0      0      0      4      0      0      0      0      0      0      0      0      0      0      0      0      0      0      0      0      0      0      0      6      0      0      0      4      2      0      3      6     17      0      1      0     10      1      1      0      2      0      6      3      2      1      0      0      0      0      0      1      0      0      3      0     11      0      0      0      0      0      0      0      0      0      0      0      0      0      0      0      0      0      0      0      0      0      0      0      0      0      0      0      0      0      0      0      0      0      0      0      0      0      0
      0      0      0      0      0      0      0      0      0      0      0      0      0      0      0      0      0      0      0      0      0      0      0      2      0      2      0      1      0      4      0      0      0      1      0      3      1      0      0      0     10      0      0      0      6      0      0      0      0      1      0      0      7      8      5      1      1      0      5      0     17      0      0      0      3      7      0      0      0      1      0      0      0      0      0      0      0      0      0      0      0      0      0      0      0      0      0      0      0      0      0      0      0      0      0      0      0      0      0      0
      0      0      0      0      0      0      0      0      0      0      0      0      0      0      0      0      0      0      0      0      0      0      0      0      0     13      0      0      1      0      7      0      3      1      0     17      2      7      0     13      0      1      1      9      2      9      3      1      2      0      0      0      0      0      0      0      5     17      2      0      2     15      0      0      0      1      0      0      2      0      0      0      0      0      0      0      0      0      0      0      0      0      0      0      0      0      0      0      0      0      0      0      0      0      0      0      0      0      0      0
      0      0      0      0      0      0      0      0      0      0      0      0      0      0      0      0      0      0      0      0      2      0      0      1      2      0      7      0      1      0      0      0      0      0      7      0      0      3      0      9      0      1      8      6      1      9      5      5      0      6      0      2      1      9      0      2      5      0      0      0      0      0      0      1      0      0      0      0      0      0      0      0      0      0      4      0      0      0      0      0      0      0      0      0      0      0      0      0      0      0      0      0      0      0      0      0      0      0      0      0
      0      0      0      0      0      0      0      0      0      0      0      0      0      0      0      0      0      7      0      0      0      0      0      4      0      0      0      0      4      0      6      0      0      0      1      4      1      3      0      0      4      2      0      0      1      1     10      1      6      7      2      9      3      6      2      6      0      1      1      1      0      0      0      1      0      0      0      0      1      0      0      0      0      1      3      0      0      0      0      0      0      0      0      0      0      0      0      0      0      0      0      0      0      0      0      0      0      0      0      0
      0      0      0      0      0      0      0      0      0      0      0      0      0      0      0      0      0      0      0      0      0      0      0      0      0      4      0      1      0      1     19      4      4      1      1      0      8      6      8      4      0      2      1      0     10      0      0      0      3      0      0      3      8      0      8      2      3      5      2      9      0      7      0      0      6      0      0      0      0      0      0      0      0      0      0      2      0      0      0      0      0      0      0      0      0      0      0      0      0      0      0      0      0      0      0      0      0      0      0      0
      0      0      0      0      0      0      0      0      0      0      0      0      0      0      0      0      0      0      0      0      0      0      0      0      0      0      2      0      0      0      0      0      0      8      0      1      7      6     10      2      1      4      7      0      0      0      1      6      2      1     16     18      0      0      0      1      1      4      8      4     13      0      1      0      2      2     13      0      3      0      4      1      0      0      0      0      0      0      2      0      1      0      2      0      0      0      0      0      0      0      0      0      0      0      0      0      0      0      0      0
      0      0      0      0      0      0      0      0      0      0      0      0      0      0      0      0      0      0      0      0      2      1      0      0      0      2      1      2      1      0      0      3      0      1      0      1      4      0      0      0      4      2      0     17     10     19      1      8      3      1      0      3      3      6      0     10      7      2      2      3      0      0      1      0      0      0      0      0      0      0     12      1      0      0      0      0      0      0      0      0      0      0      0      0      0      0      0      0      0      0      0      0      0      0      0      0      0      0      0      0
      0      0      0      0      0      0      0      0      0      0      0      0      0      0      0      0      0      1      0      0      0      0      0      0      0      2      0      0      1      2      3      3      5      3      0      5      3      8      7      2      0      0      5      5     13     32     17      1      0      7      3     10      2      0      1      1      0      0      4      1      1      0      0      0      1      0      2      0      0      0      0      5      0      0      2      0      4      0      1      0      0      0      0      0      0      0      0      0      0      0      0      0      0      0      0      0      0      0      0      0
      0      0      0      0      0      0      0      0      0      0      0      0      0      0      0      0      0      0      0      0      0      1      0      0      2      0      0      0      0      2     17      1      2      0      5      2      9      1      0     19      9      5     12      6      0      4      8      4      6      0      2      9      0      1      2     27      2      0      1      5      3      0      2      0      8      3      1      3      2      1      1      0      0      0      0      0      0      0      0      0      0      0      0      0      0      0      0      0      0      0      0      0      0      0      0      0      0      0      0      0
      0      0      0      0      0      0      0      0      0      0      0      0      0      0      0      0      0      0      0      0      9      0      3      0      0      3      0      0      1      0      5      9      1      4      7      0     16     14      4      7      3      8     20     20      5      2      3      2     26      1      3      1      9      4      5      3      1      0      6      1      0      0      0      1      1      0      0      0      0      0      0      0      0      0      0      1      0      0      0      0      0      0      0      2      0      0      0      0      0      0      0      0      0      0      0      0      0      0      0      0
      0      0      0      0      0      0      0      0      0      0      0      0      4      0      0      0      0      0      0      0      0      0      5      0      2      2      0      2      6      0      5      7      1      0      3      0      0      1      0      2      3      4      3      8     11      1      6     20     17      8     10      2     12     12      5      0      0      8      0      4      0      0      0      0      0      5      0      0      3      0      0      0      0      0      0      0      0      0      0      0      0      0      0      0      0      0      0      0      0      0      0      0      0      0      0      0      0      0      0      0
      0      0      0      0      0      0      0      0      0      0      2      0      0      0      0      0      0      0      0      0      0      0      3      1      0      0     10      0      3      1      2      3      5      3      4      5      6     10     25     15     21     17     11     14      3      8     11      2     10     19      0      6      3      8      0      4     16      0      4     10      5      4      0      9      8      0      0      5      0      0      0      3      3      0      5      0      0      0      0      0      0      0      0      0      0      0      0      0      0      0      0      0      0      0      0      0      0      0      0      0
      0      0      0      0      0      0      0      2      0      0      0      0      0      0      0      4      0      0      0      0      0      0      0      1      0      2      0      6      2      8      6      2     10     11      0      7     13      3      7      0      6      0      6      4     22     14     15     15      9     14      5     11      7      8      4      7      2      1     13      1      8      4      4      1      4      0      1      0      0      0      0      0      3      5      4      0      2      2      0      0      0      0      0      0      0      0      0      1      0      0      0      0      0      0      0      0      0      0      0      0
      0      0      0      0      0      0      0      0      0      0      0      0      0      0      0      0      0      0      0      0     16      3      4      0      0      0      7      0      7      2     23      8      6      7      4      7      1     13      0     16     21     33     18      4     22     17      8     15      8      3      9     31     18      7      4     20     10      8      3     16      5      9      1      3      7      7      0      0      1      4      0      1      0      5      0      5      0      0      0      1      0      0      0      0      0      0      0      0      0      0      0      0      0      0      0      0      0      0      0      0
      0      0      0      0      0      0      0      0      0      0      0      0      0      7      8      0      0      0      0      6      2      0      5      3     12      0      0      0      0      0      5      4     13      7      8     13     12      8     11      8      4     16     10      9     14     18     11      2     16     10      4     15     20      7     19     21      3      9      3     12      6      6      4      5     10      1     11      1      2      2      6      0     15      6      0      0      0      0      0      0      0      0      0      1      0      0      0      0      0      0      0      0      0      0      0      0      0      0      0      0
      0      0      0      0      0      0      0      0      0      0      0      0      0      0      0      4      0      0      0      0      0      0      3      2      1      3      1      6      3      2     13      8      2     12     11     15      6      5     14      9      1     31     14     44      0     15      6     36      9      2     20      9      8     12     11      8      6     13      9     19     20     21      3      6      4      4      1      7      0     10      1      0      3      0      0      0      2      0      0      0      0      0      0      0      0      0      0      0      0      0      0      0      0      0      0      0      0      0      0      0
      0      0      0      0      0      0      0      0      0      0      0      0      0      3      0      0      0      0      1      0      0      1      0      4      1      6      0      9      4      7      7      3      0     42      8     15      8      8     12     14     13      6     40     33     20      8     27     29     24     36     19     31      7      4     18     22     16      8      4     12      5      7     11      4      5     24      2      0     20      1      0      3      0      0     11      0      0      0      0      0      0      0      0      0      0      0      0      0      0      0      0      0      0      0      0      0      0      0      0      0
      0      0      0      0      0      0      0      0      0      0      0      0      0      0      3      0      0      0      4      0      2     10      4      0      7      3      4      1      0     25      4      4      1      7     47     12     22     15     23      6     13     17     22     20     11     27     42     45     43     36     29     19     20     11     28     10      9     48      6     20     20     10     11      0      7      0     15      5     15      6     10      1      2      0      1      4      0      1      0      0      0      0      0      0      0      0      0      0      0      0      0      0      0      0      0      0      0      0      0      0
      0      0      0      0      0      0      0      0      0      0      0      0      0      1      4      0      0      0      0      0      3      0      0      6      4      8      9      5      8      4      3     20     11     12     10     12      6     35      9     39      7     17     18     15     22     51     23     14     26     21     24     76     33     24     16     14     15     12     30     22      2      6     32     14      3     14      0      3      4     11      9     11      0      4      0      0      2      0      0      0      0      0      0      0      0      0      0      0      0      0      0      0      0      0      0      0      0      0      0      0
      0      0      0      0      0      0      0      0      0      0      0      0      0      0      0      0      0      0      0      2      5      0      0      7      4      1     13      0     19      6      5     19     24     11     37      8     20     15     27     21     17     16     11     68     40     32     16     34     42     16     19     11     23     44     14     17     35     12      7     10     11      9     16     14      2     17      7      0      1      6      1      1      8      0      2      0     10      0      2      0      0      0      1      0      1      0      0      0      0      0      0      0      0      0      0      0      0      0      0      0
      0      0      0      0      0      0      0      0      0      0      0      0      0      0      0      0      0      0      0      0      1      2      6      0      1     19     22      2     14      3      3      6     33     20     42     25     34     22     60     22     85     14     12     43     23     23     11     46     22     34     26     13     36     37     24     30     29     18     31     18     20      9     19      0      4      2     19     14     10      2      6      0      1      3      0      0      0      0      2      0      0      0      0      0      0      0      0      0      0      0      0      0      0      0      0      3      0      0      0      0
      0      0      0      0      0      0      0      0      0      0      0      0      0      0      0      0      0      0      0      0      1      0      0     26      8      2      2     11      7     17      9     19     16     21     25     13     28     33     27      0     18     28     41     17     24     52     16     42     31     32     45     45     28     35     21     14     21     35     35     24     23     23     18      2      6     23      0      6     22      4      3      8      0     21      2      0      0      0      0      9      0      3      0      0      0      0      0      0      0      0      0      0      0      0      0      0      0      0      0      0
      0      0      0      0      0      0      0      0      0      1      4      0      0      0      0      0      5      0      0      1     15      0      3      3      0      8     14      3     26     24     18     15      8     34     26     25     35     31     33     23     34     52     14     36     48     40     55     52     37     18     31     27     61     25     35     30     27     22     32     19     30     27     17      8      5      5      9     13      5      2     20      0      0      8      5      0      3      2      0      0      0      0      2      0      0      0      0      0      0      0      0      0      0      0      0      0      0      0      0      0
      0      0      0      0      0      0      0      0      0      0      0      0      0      2      0      0      0      0      2      6      0      3      2      2     10      0     12      2     13     17     18      8     14     14     16     34     47     38      5     45     22     19     38     36     50     67     11     42     38     48     34     33     36     45     63     36     40     22     25     23     19     36     27      7     16     11     13     16     10     15      2      8      6      2      4      4      3      3     10      0      0      0      0      0      0      0      0      0      0      0      0      0      0      0      0      0      0      0      0      0
      0      0      0      0      0      0      0      0      0      0      0      0      0      0      0      0      0      0      3      0      0      8      2      2     14      0     11     13     34     27      5     13      8     17     13     48     19     33     58     61     45     31     29     39     15     61     54     17     60     21     29     65     56     37     75     41     29     38     18     31     22     49      8     33      9     30     14     15      2     14     14      3      8      3     14      8      3      1      0      0      0      0      0      0      0     10      0      0      0      0      0      0      0      0      0      0      0      0      0      0
      0      0      0      0      0      0      0      0      0      0      0      0      0      4      0      0      5      0      3      0      0      0      5      0     12      8      5      9      4     13     20      6     11     31     41     42     62     32     26     30     56     44     28     18     76     42     42     52     44     67     34     29     34     57     40     39     53     38     28     30     15     33     70     19     32     11      4     44     11     15     18      1      6      0      4      1      8      3      1      0      0      1      3      0      1      0      0      0      0      0      0      0      0      0      0      0      0      0      0      0
      0      0      0      0      0      0      0      0      0      0      0      0      0      0      0      0      1      0      1      4      0      4      0      8      5      1      3      7      7     16      6     11     42     19     26     40     42     52     26     51     49     37     36     60     28     39     56     44     76     54     35     41     57     41     55     71     75     22     42     53     25     20     43     50     13     10     21     20     35     16     13     10      5      7      5     10      4      6      4      5      1      0      0      0      2      0      0      0      0      0      0      0      0      0      0      0      0      0      0      0
      0      0      2      0      0      0      0      0     12      0      0      0      7      0      4      0      7      0      1      0      0      1      0      0     11     15     10     12     39     19     28     13     26     15     59     48     42     47     34     31     44     32     63     98     63     58     28     49     48     85     70     47    102     60     28    115     74     54     70     35     64     68     36     38     21      3     29      4     28     15      7     30     21     10      1      2     10      9      1      0      1     17      0      0      0      0      0      0      0      0      0      0      0      0      0      0      0      0      0      0
      0      0      0      0      0      0      0      0      0      0      0      0      0      0      0      0      0      8      0      0      3      7      1     14      7      6      2      6     29     13     31     22     13     25     50     54     32     34     37     39     53     58     42     90     41     41     35     59     32     68     92    119     62     74    147     58     32     40     37     31     38     42     18     19     16     23     22      5     19      8     13      0     15      7      0     14      3      8      0      0      3      3      0      3      0      0      0      4      0     12      0      4      0      0      0      0      0      0      0      0
      0      0      0      0      0      0      0      0      2      0      0      0      0      0      0      0      0      1      0      0      0     13      4      4     12      6      7     17     17      6      2     36     19     13     32     42     51     42     21     81     41     62     43     64     51     78     66     95     52     50     62     44    104     59     71     67     21     29     48     67     53     20     34     28     24     18     30      9     11     23      7      1      8     10      0     15      0     15      0      4      0      2      1      0      0      0      0      0      0      0      0      0      0      0      0      0      0      0      0      0
      0      0      0      0      0      0      0      0      3      0      0      0      0      0      0      0      5      0      5      4      5      0      6      0     10      4     21     16      3     41     15     34      4     33     34     32     52     39     36     50     29     78     88     86     92     88     70     88     86    108    114     59     65     84     52     66     67     54     61     16     49     29     30     71     33      6     11     27      5      4      4     25      8      5      4     12      1      3      0      7      0      4      9      0      3      0      0      0      0      0      0      0      0      0      0      0      0      0      0      0
      0      0      0      0      0      0      0      0      0      0      0      0      0      0      0      2      0      0      0      1      0     11      1      0      6      0      7     23     12     17     15     17     31     21     13     15     58     82     77     69     37     50     61     57     66     56     92     70    105     71     96     68    102     72     66     45     62    107     66     41     46     26     39     28     46      3     27     24     11     20     24      5      8      1     20      4      5      2      1      0      1      1      2      4      5      0      4      2      1      0      0      0      5      0      0      0      0      0      0      0
      0      0      0      0      0      0      0      0      0      0      0      0      0      0      0      0      0      0      0      6      0      1      1      8      5      6     23      7     12     53     33     31     39     56     33     32     73     69     42     35     48     93     58     87    120     64     73     68     56    102    102     66     75     87     47     62     53     89    113     77     58     59     32     48     63     15     35     39     50      8     10     12      2      3      8      4      9      2      0      2     13      0     14      3      0      0      1      0      0      0      0      0      0      0      0      0      0      0      0      0
      0      0      0      0      0      0      0      0      0      2      0      0      3      0     18      0      0      4      3      1      8      9     13      0     10     30     19     25     14     22     20     22     17     73     39     54    102     90     75     85     84     42     88     75     60    116     99     74    113    100     85    121     67    141     75     64     61     77    102     53     50     62     65     44     70     58     40     15     56     41     15     25     15     12     29      8      9     10      1      0      0      0      0      0      0      0      0      0      0      0      0      0      0      0      0      0      0      0      0      0
      0      0      0      0      0      0      0      0      0      0      9      0      0      0      0      0      0      0      0      2      3     16      1     23      9     29     11     15     20     33     22     21     13     57     12     56     50     43     62     62     88     69     64     65     78     97    110     91     72     72    131    122    116     60     26    108     90     46     80     88     37     51     38     24     32     61     13     34     29     24     36     13     14      5     17      1     10     18     11      6      2      0      0      0      0      0      2      0      0      0      0      0      0      0      0      0      0      0      0      0
      0      0      0      0      0      0      0      0      0      0      0      0      0      0      1      0      0     10      0     12      4      0      0     12      7     13     17      6     24     31     44     26     42     76     36     31     75     47     86     67     35     62     48     87     34    110    136     62    110     97     63     93    111     87     44     78     45     71     66     31    108     40     56     28     58     38     21     44     25     16     34     13     13      3      0     12      2      6      0      5      4      6      0      0      0      0      2      6      0      0      0      0      0      0      0      0      2      0      0      0
      0      0      0      6      0      0      3      0      0      0      0      0      0      0      2      1      0      0      0      7      0      1      6      2     10     12     17      1     17     36     17     23     32     42     61     49     44     57     95     58     88     97     69     75     66    117     81     79     83    113     70    105     62    125    124     56    100    161     69     78     74     37     85     28     47     40     72     22     27     38     27     10     18      8     11      4      4      8     11      0      1      0      0      6      0      1      0      0      1      0      0      0      0     22      0      0      0      0      0      0
      0      0      0      0      0      0      0      0      0      0      0      0      0      0      0      0      1      0      0      1     33      0     14      0      2      7      9     16     12     15     32     37     20     14     26     50     43     39     74     41     48     71    103     82     45    130     76     95     58     90     70    111    109     59     95     56     78     37     73     34     28     72     64     28     55     32     34     34     11     28     12     41     23     14      7     13      5      5     14      9     18      0     13      5      0      0      5      0      0      1      0      6      0      0      0      0      0      0      0      0
      0      0      0      0      0      0      0      0      0      0      0      0      0      0      1      0      3      6      0      0     13      1      2      2      1     17     15      7     34     14     58     13     45     35     22     76     47     58     42     56     28    108     79     70     72     92    110     77    186     50    105    126     50     88     68     56     93     77     58     62     66     51     40     56     19     25     30     48     15     50     31     17     14     17      5      7     16      6      5      0      0      0      0      0      0      0      8      2      2      0      0      0      0      0      0      0      0      0      0      0
      0      0      0      0      0      0      0      3      0      0      0      0      0      0      0      0      7      1      1      2     20      0     11     17     10      6      5     12     24     24     17     48     40     37     24     72     45     59     72     61     69     63     67     76     60     70     79    115     87     58     89     86    111     94     85     76     59     69     70     66     34     41     39     67     70     24     85     16     24      5     29     10     10     19     16      3     10      5      3      6      0      0      0      1      8      0      2      0      0      1      0      0      0      2      0      0      0      0      0      0
      0      0      0      0      0      0      0      0      0      0      0      0      0      0      2      0      6      0     10      6      2      6      4      0      6      5     11     11     13     19      7     46     55     36     40     78     48     46     52     52     74     92     54     88     62     73     66     79     83     78     82     82     84    157    124     71     68     71     36    120     80     86     53     19     32     41     27     13      6     14     33     13     44      9      5     11      6      1      0      1      3      0      6      7      1      2      0      0      0      0      0      0      0      0      0      0      0      0      0      0
      0      0      0      0      0      0      0      0      0      0      0      6      0      0      0      0      0      0      6      0      1      0      0      8     13     20     23     14      6     32     14     13     35     10     35     52     99     60     40     33     74     72     67     77     73    118    121    104    105     80     89    125     80     63     98    209     85     64     45     86     62     10     66     22     46     48     43     28     31     30     24      0     37     18      5     11     17     22      3      2      8      0      2      2      0      0      0      0      0      0      0      0      0      0      0      0      0      4      0      0
      0      0      0      0      0      0      0      0      0      0      0      0      0      0      0      0      1      5      6      2      3      1      9     11     12     11     18     20     13     29     25     37     27     35     57     58     48     70     52     31     74     60     95     50     65    115     85     94    104     95     43     76     80     52     90    122     70     63     66     67     58    104     47     60     41     30     26     10     24     29      8     13     22     24     29     15     21      6      3      4      0      4      0      3     10      0      0      3      0      0      0      0      5      0      0      0      0      0      0      0
      0      0      0      0      0      0      0      0      6      1      0      0      0      0      0      0      0      0      4      4      1      1      0     12     13     13     16     17     14      7     17     56     19     27     55     42     49     31     14     29     36     37     57     73     77     67    108     89     71     55    109     73    100    162     78     99     51     50     77     70     55     60     43     14     58     39     33     54     21     26      7      2      4      9     16      5      8      4     15     14     15      3      5      0      1      0      0      0      0      0      0      0      0      0      0      0      0      0      0      0
      0      0      0      0      0      0      0      0      0      7      0      0      0      0      1      0      0      0      0     16      5      0      0     12     13      6      7     20     27      9     41      7     34      3     32     49     18     44     91     24     30    104     36     76     89     99    131     51     74    108     80     79     63     61     70     90     54     69     45     63     44     64     21     93     39     16     89     36     34     47     21     53     10     28      9      4     18      5      4      1     15      1      5      0      0      6      0      0      0      1      2      0      0      0     15      4      0      0      0      0
      0      0      0      0      0      0      0      0      0      0      0      2      1      0      0      8      0      5      3      0      1      4      0     10     14      4      9     11      2     14      8     11      4     19     16     49     44     25     49     61     56     62     52     68     61     82     76     48     65     91     86     99     40     78     82     97     98     61     54     53     94     56     38     15     64     36     37      4     27     15     40     11     80     22      9     15     13      3      3      0      5     12      0      1      0      2      7      4      0      0      0      0      0      1      0      0      0      0      0      0
      0      0      0      0      0      0      0      0      3      0      0      0      0      0      2      2      4      2     12      0      0      6      5      9     15     10      6      0     43      1     27     25     35     67     33     29     18     76     45     53     83     50     48     58     99     34     56     96    123     55     61     74     71     72     49     85     47     69    113     78     65     28     49     67     39     43      2     17     23     28     26      7     13     18      4     13      0      0      1     27      0      5      1      8      4      0      0      0      0      0      0      0      0      0      0      0      0      0      0      0
      0      0      0      0      0      0      0      0      0      0      0      0      0      0      0      0      0      0     11      1      2      6      0      2     19      9     17      6     17     30     21     36     22     12     28     49     59     36     58     36     91     37     95     68     52     63     43     75     58     54     57     80     72     75     29     42     47     77     34     49     99     36     38     22     57     35     41     36     13      4     13      9     29      5     31     22     11      0      0      9      4     16      4      0      0      0      0      0      0      1      0      0      0      0      0      0      0      0      0      0
      0      0      0      0      0      0      0      6      0      0      0      0      0      0      0      6      0      0      1     36      0      0      7     13      0      9      0      6      5     25      9     15     27     28     65     29     40     32      7     61     15     65     60     60     68     66     60     69     39     58     96     62     31     44     36     83     20     71     38     25     12     25     35     21     50     19     13     28     15     21     12      7      7      6      1      0      2      0      6      3      0      0     11      1      0      2      0      0      0      0      0      0      0      0      0      0      0      0      0      0
      0      0      0      0      0      0      0      0      0      0      0      0      1      0      0      0      0      0      7      0      0      3     15      8      4     11     20     12     26     42     10     15     18     12     10     38     52     32     42     63     20     55     46    128     68     65     61     35     83     37     80     76     40     37     56    101     49     75     38     68     34     56     34     20     31     75     21     17     39     11     27     13     22     20      9     13      0      4      2      9      0     12      0      0      3      0      0      0      0      0      0      0      1      0      0      0      0      0      0      0
      0      0      0      0      0      0      0      0      0      0      0      0      0      0      0      0      8      0      8      0      1      0      5      1      1     14      3      3      3      2      5     15     17     12     13     19     25     42     13     14     21     57     14     22     38     41     30     74     72     46     19     53     71     73     38     49     70     41     70     49      7     13     34     29     17     32     36     37      6     21      6      2     10      2      6     17      1      7      2      1      0     10      6      0      0      0      4      0      0      0      4      0      0      0      0      0      0      0      0      0
      0      0      0      0      0      0      0      0      0      0      0      0      0      6      0      0      5      0      2      0      0      0     12      7      1     27     17     13      1     12     15     10     21     34     60     47     19     23     34     64     44     35     16     36     37     41     32     25     59     64     55     88     55     19     41     32     28     51     30     57     61     21     33     20      9     42     16     20     55     16      1      7     16     12     21      1      5      6      1      0      6      0      0     24      0      0      0      0      0      0      0      0      0      0      0      0      0      1      0      0
      0      0      0      0      0      0      0      0      0      0      0      0      3      0      0      0      1      0      0      0      7      7      0      1      4      0     22      7     11      9      2     21     20     20     27     12     20     50     34     44     29     25     45     29     41     40     41     59     54     37     53     68     52     56     41     26     29     22     24     14     18      8     45     38     20     25     17     33     12     27      9     38     13      3      3      8      1      0      4      0      0      2      3      0      0      0      0      0      0      0      0      0      0      0      0      0      0      0      0      0
      0      0      0      0      0      0      0      0      0      0      0      0      0      0      0      0      1      5     13     17      0      4     10      4      0      1      7      1     13     13     15     18     21     10     53     33     11     12     21     25     28     25     49     33     15     75     39     67     65     29     85     26     47     26     20     48     52     19     38     17     26     27     79     43     25     21      2     12     11     11      7     14      0     14      0      9     16      1      0     14      0      2      0      5      0      0      0      1      0      0      0      0      0      4      0      0      0      0      0      0
      0      0      0      0      0      0      0      0      0      0      0      0      0      0      1      0      0      0      0      0      4      0      0      0      1     10      0      2     19     19      0     13     17     10     27      8     19     33     22     14     59     22     27     38     53     45     60     17     24     36     19     14     19     51     26     35     19     46     10     25     30     21     34     73     29     14     22      2     32     21     21      6      7      2      0     21     20      0      0     13      0      0      0      0      0      0      0      0      0      0      0      8      0      0      0      0      0      0      0      0
      0      0      0      0      0      0      0      0      0      0      0      1      0      0      0      0      0      0      0      3      0      0      0      7      0      3      2      0      0     14      9      5     15     44     26      2      5      8     11     17     29     25      2     22     38     39      9     27     26     34     29     45     19     39     25     14     21     44     39     15     19     12     18     13     29     28     12     13     18     23      3      0      0      4      1      0     10      0      2      0      7     16      2      0      3      0      0      0      0      0      0      0      0      4      0      0      0      0      0      0
      0      0      0      0      0      0      0      0      0      0      0      0      0      0      0      0      0      0      1      0      0      2      0      0      0      5      3     13      0     11      2     28     12     41      9     11     34     22     16     40     50     16      9     25     35     49     27     16     44     11      4     28     23     29     36     60      7     17      9     23     14     11     19     10     28     17     10      7     14      8      2     14      2     12      0      0      0      1      2      0      0      0      0      0      0      1      0      0      0      0      0      0      1      0      0      0      0      0      0      0
      0      0      0      0      0      0      0      0      0      0      0      0      0      0      0      0      0      0      0      0      0      0      5      1     19      2      2      8     12     10      0     10     10     18      2     16     19     18     40     26     36     16     13      7     18     42     40     36     22     22     50      7      6     16     20     32     15      9     13     18     16      0      7     27     10      3     16      9     13      2      4      5      1      8      0      2      7      3      0      1      0      0      0      0      0      0      0      0      0      0      0      0      0      0      0      0      0      0      0      0
      0      0      0      0      0      0      0      0      0      0      0      0      0      0      0      0      8      0      1      4      0      7      5      0      0      0      1      0     11      5      0     10     11      0      5      0     47     18      9     16     13      7     19     25      4     11     19     39     18     28      2      4     23     15     30     14      4      3     10      7      1     15     28      6     40      4     18      6      2      0     11      2      3      9      5      0      1      2      0      0      1      0      0      7      0      0      0      0      0      0      0      0      0      0      0      0      0      0      0      0
      0      0      0      0      0      0      0      0      0      0      0      0      0      0      0      0      0      1      0     12      0      2      0      3      0      5      5      4     10      2     15      5     17      2      8     27     20      1      3     20     13      7     47     21     24      3     32      1     25      9     35     40     15     21     14      7     46     20     24      5     12     10     17     19      6      0      1     16     14      1      7      9      0      3     15      0      0      0     11      0      5      0      0      0      0      0      0      0      0      0      0      0      0      0      0      0      0      0      0      0
      0      0      0      0      0      0      0      0      0      0      0      0      0      0      6      0      0      0      0      0      0      0     10     10      0      3      1      2      2      2      0      8      3     10     10      5     11      2      2     15     10      3      4     16     28     14     18      0     15     10      9     11     45      3     21      6      6     16      3     20     12     12     16      4      0     42     34      6      2      0      0      2      1      2      1      1      3      8      2      0      1      0      0      0      0      0      0      0      0      0      0      0      0      0      0      0      0      0      0      0
      0      0      0      0      0      0      0      0      0      0      0      0      2      0      0     12      0      0      0      0      0      0      2     11      0     20      0      0      0      0      1      0      0      7     17      6      1      4     15      2      7     13     10     12     10      8     25      6      7     16      3     27     27      0      0     13     15     22      0      8     16      8     10      9      4      0      9      3      1      0      5      0      0     12      0      0      0      0      1     20      1      0      0      1      0      0      0      0      0      0      0      0      0      0      0      0      0      0      0      0
      0      0      0      0      0      0      0      0      0      0      0      0      0      0      0      0      0      0      0      4      0      0      0      0      3      7      0      0     14      4      0      0      7      3      3      0      4      0      7      3     11     24      7     21      5      2      3     16      2      6     40      7     19     21     22      7      0     30     22     17      9      0      0      9      8      3      0      3      0      0      2      7      0      0      0      0      4      0      0      0      0      0      2      0      0      0      0      0      0      0      0      0      0      0      0      0      0      0      0      0
      0      0      0      0      0      0      0      0      0      0      0      0      0      0      0      2      0      0      9      0      0      0      0      0      0      3      0      0     10      0      2      3      3      3      1     20      1      0      5     15      5      1     13      0      6      0      7      6      6      3      0     13     13      6      0      7      8      9     18      2      8      6     15      1      0      0     20      9      6      0      0      0      0      6      0      0      0      0      0      0      0      0      0      0      0      0      0      0      0      0      0      0      0      0      0      0      0      0      0      0
      0      0      0      0      0      0      0      0      0      0      0      0      0      0      0      0      0      0      0      0      4      0      0      0      0      0      1      0      0      0      0     10      0      6      0      8     12     11     17      1      1     15      0      7      2      1     11      0     16      7     15      7      4      6      5      4      8      8      5      4      9      9     14     19      2      5      0      0      2      4      0      4      0      0      0      3      0      0      0      0      0      0      1      0      0      0      1      0      0      0      0      0      0      0      0      0      0      0      0      0
      0      0      0      0      0      0      0      0      0      0      0      0      0      0      0      0      0      0      0      0      0      0      0      0      2      3      0      0      0      3      0      0      1      0      3      3      0      5     32      7     12      2     21     14     18     13     12      0     18      5      4     12     21      3      0     31      3      4      7      0      5      0     10     12      2      2      0      2     10      7      2      0      4      1      3      6      0      0      0      0      0      0      0      0      0      0      0      0      0      0      0      0      0      0      0      0      0      0      0      0
      0      0      0      0      0      0      0      0      0      0      0      0      0      0      0      0      0      0      0      0      0      0      0      0      0      0      0      0      0      0      0      0      0      4     15      2     20     10      2      8      2      3      5      0      7      5     11      2     12      0      2     11      0      0      3      1      3      9     18      5      0      1      1      0      0      0     14      4      0      0     11      5      0      0      0      0      6      1      8      0      0      0      8      0      0      0      0      0      0      0      0      0      0      0      0      0      0      0      0      0
      0      0      0      0      0      0      0      0      0      0      0      0      0      0      0      0      0      0      0      0      0      0      0      0      0      0      1      2      1      0      0      0      0      1      1      0      3      0      0      0      9      7     27     12      4      0      5      0      4      0     13     12     10      3      5     10     10      5      6      9     21      5      0      0      0     13      3      2      0      0      0      0      0      0     11      0      0      0      0      0      0      0      0      0      0      0      0      0      0      0      0      0      0      0      0      0      0      0      0      0
      0      0      0      0      0      0      0      0      0      0      0      0      0      0      0      0      0      0      0      0      0      0      0      0      0      0      0      3      3      0      0      0      0      0      0      1      0      0      7      0      0      5     12      0      4      2      0      0      0      4      0      0      0      6      0      1      3      1      0      1      0      4      2      0      0      0      3      0      5      0      0      0      0      0      0      0      0      0      0      0      0      0      0      0      0      0      0      0      0      0      0      0      0      0      0      0      0      0      0      0
      0      0      0      0      0      0      0      0      0      0      0      0      0      0      0      0      0      0      0      0      0      0      0      0      0      0      0      0      2      2      6      0      0      0      0      0      0      9      0      0      0     10      0      5      0      0      2      0      4      0      0     15      0      3      5      3      1      0      0      0      0      1      0      0      0      2      0      0      0     12      0      0      0      0      0      0      0      0      0      0      0      0      0      0      0      0      0      0      0      0      0      0      0      0      0      0      0      0      0      0
      0      0      0      0      0      0      0      0      0      0      0      0      0      0      0      0      0      0      0      0      0      0      0      0      0      0      0      0      0      0      0      1      0      7      0      0      1      0      2      0      0      0      2      0      0      4      0      3      0      2      0      0      0     20      3      0      3      0      0      0      0      0      0      6      0      2      0      0      0      0      0      0      0      0      0      2      1      0      1      0      0      0      0      0      0      0      0      0      0      0      0      0      0      0      0      0      0      0      0      0
      0      0      0      0      0      0      0      0      0      0      0      0      0      0      0      0      0      0      0      0      4      0      2      0      0      0      0      1      0      0      0      0      0      0      0      0      0      0      3      0      0      0      0      0      0      0      0      0      4      0      2      0      0      0      0      0      4      2      0      0      0      0      2      0      2      0      0      0      0      1      0      0      0      0      0      0      0      0      0      0      0      0      0      0      0      0      0      0      0      0      0      0      0      0      0      0      0      0      0      0
      0      0      0      0      0      0      0      0      0      0      0      0      0      0      0      0      0      0      0      0      0      0      1      0      0      0      0      0      0      0      1      0      0      0      0      0      0     17      0      5      0      0      0      0      0      0      0      0      2      0      4      0     11      0      0      0      0     10      2      5      1      0      1      0      0      0      0      7      0      0      0      0      0      0      0      0      0      0      0      0      0      0      0      0      0      2      0      0      0      0      0      0      0      0      0      0      0      0      0      0
      0      0      0      0      0      0      0      0      0      0      0      0      0      0      0      0      0      0      0      0      0      0      0      0      0      1      0      0      0      0      2      1      0      0      0     11      0      0      0      4      0      0      0      0      0      8     10      9      0      0      0      0      2      0      0      7      0      2      0      0      0      0      0      0      0      0      2      0      0      0      1      0      0      0      0      0      0      0      0      0      0      0      0      0      0      0      0      0      0      0      0      0      0      0      0      0      0      0      0      0
      0      0      0      0      0      0      0      0      0      0      0      0      0      0      0      0      0      0      0      0      0      0      0      0      0      0      0      0      0      0      0      0      0      0      0      0      0      0      0      1      0      0      0      0      0      0      0      0      0      0      0      0      0      0      0      0      0      4      0      0      0      0      0      0      0      0      0      0      0      0      0      0      1      0      0      0      0      0      0      0      0      0      0      0      0      0      0      0      0      0      0      0      0      0      0      0      0      0      0      0
      0      0      0      0      0      0      0      0      0      0      0      0      0      0      0      0      0      0      0      0      0      0      0      0      0      0      0      0      0      0      0      0      0      4      0      0      0      4      0      1      0      0      0      0      3      0      0      0      0      0      0      0      0      0      3      0      3      0      0      0      0      0      0      0      0      0      0      0      0      0      0      0      0      0      0      0      0      0      0      0      0      0      0      0      0      0      0      0      0      0      0      0      0      0      0      0      0      0      0      0
      0      0      0      0      0      0      0      0      0      0      0      0      0      0      0      0      0      0      0      0      0      0      0      0      0      0      0      0      0      0      0      0      0      0      0      0      0      0      0      0      0      2      3      0      0      0      0      0      0      0      0      0      0      0      1      0      0      0      0      0      0      9      0      0      0      0      0      0      0      0      0      0      0      0      0      0      0      0      0      2      0      0      0      0      0      0      0      0      0      0      0      0      0      0      0      0      0      0      0      0
      0      0      0      0      0      0      0      0      0      0      0      0      0      0      0      0      0      0      0      0      0      0      0      0      0      0      0      0      0      0      0      0      0      0      0      0      0      6      0      0      0      2      0      0      0      0      0      0      0      1      4      0      0      0      0      0      1      0      4      0      0      0      0      0      0      0      0      0      0      0      0      0      0      0      0      0      0      0      0      0      0      0      0      0      0      0      0      0      0      0      0      0      0      0      0      0      0      0      0      0
      0      0      0      0      0      0      0      0      0      0      0      0      0      0      0      0      0      0      0      0      0      0      0      0      0      0      0      0      0      0      0      0      0      0      0      9      0      0      1      0      0      0      0      0      0      0      0      0      0      0      0      0      0      1      0      0      0      0      0      0      0      0      0      0      0      0      0      0      0      0      0      0      0      0      0      0      0      0      0      0      0      0      0      0      0      0      0      0      0      0      0      0      0      0      0      0      0      0      0      0
      0      0      0      0      0      0      0      0      0      0      0      0      0      0      0      0      0      0      0      0      0      0      0      0      0      0      0      0      0      0      0      0      0      0      8      0      0      1      0      0      0      0      0      0      0      2      0      0      0      0      0      0      0      0      0      0      0      0      0      0      0      0      0      0      0      0      0      0      0      0      0      0      0      0      0      0      0      0      0      0      0      0      0      0      0      0      0      0      0      0      0      0      0      0      0      0      0      0      0      0
      0      0      0      0      0      0      0      0      0      0      0      0      0      0      0      0      0      0      0      0      0      0      0      0      0      0      0      0      7      0      0      0      0      0      0      0      0      0      0      0      9      2      0      0      0      0      0      0      0      0      0      0      0      0      0      0      0      0      9      0      0      0      0      0      0      0      0      0      0      0      0      0      0      0      0      0      0      0      0      0      0      0      0      0      0      0      0      0      0      0      0      0      0      0      0      0      0      0      0      0
      0      0      0      0      0      0      0      0      0      0      0      0      0      0      0      0      0      0      0      0      0      0      0      0      0      0      0      0      1      0      0      0      0      0      0      0      0      0      1      0      0      0      0      0      1      0      0      0      0      0      0      0      0      0      0      0      0      0      0      0      0      0      0      0      0      0      0      0      0      0      0      0      0      0      0      0      0      0      0      0      0      0      0      0      0      0      0      0      0      0      0      0      0      0      0      0      0      0      0      0
      0      0      0      0      0      0      0      0      0      0      0      0      0      0      0      0      0      0      0      0      0      0      0      0      0      0      0      0      0      0      0      0      0      0      0      0      0      0      0      0      0      0      0      0      0      0      0      0      0      0      0      0      0      0      0      0      0      0      0      0      0      0      0      0      0      0      0      0      0      0      0      0      0      0      0      0      0      0      0      0      0      0      0      0      0      0      0      0      0      0      0      0      0      0      0      0      0      0      0      0
      0      0      0      0      0      0      0      0      0      0      0      0      0      0      0      0      0      0      0      0      0      0      0      0      0      0      0      0      0      0      0      0      0      0      0      0      0      0      0      0      0      0      0      0      0      0      0      0      0      0      0      0      0      0      0      0      0      0      0      0      0      0      0      0      0      0      0      0      0      0      0      0      0      0      0      0      0      0      0      0      0      0      0      0      0      0      0      0      0      0      0      0      0      0      0      0      0      0      0      0
      0      0      0      0      0      0      0      0      0      0      0      0      0      0      0      0      0      0      0      0      0      0      0      0      0      0      0      0      0      0      0      0      0      0      0      0      0      0      0      0      0      0      0      0      0      0      0      0      0      0      0      0      0      0      0      0      0      0      0      0      0      0      0      0      0      0      0      0      0      0      0      0      0      0      0      0      0      0      0      0      0      0      0      0      0      0      0      0      0      0      0      0      0      0      0      0      0      0      0      0
      0      0      0      0      0      0      0      0      0      0      0      0      0      0      0      0      0      0      0      0      0      0      0      0      0      0      0      0      0      0      0      0      0      0      0      0      0      0      0      0      0      0      0      0      0      0      0      0      0      0      0      0      0      0      0      0      0      0      0      0      0      0      0      0      0      0      0      0      0      0      0      0      0      0      0      0      0      0      0      0      0      0      0      0      0      0      0      0      0      0      0      0      0      0      0      0      0      0      0      0
      0      0      0      0      0      0      0      0      0      0      0      0      0      0      0      0      0      0      0      0      0      0      0      0      0      0      0      0      0      0      0      0      0      0      0      0      0      0      0      0      0      0      0      0      0      0      0      0      0      0      0      0      0      0      0      0      0      0      0      0      0      0      2      0      0      0      0      0      0      0      0      0      0      0      0      0      0      0      0      0      0      0      0      0      0      0      0      0      0      0      0      0      0      0      0      0      0      0      0      0
