\ 
\ Covariance Function Histogram Table
\ 
\ X Parameter: Eccentricity
\ X Abbrev   : e
\ X Units    : none
\ X Items    : 99          
\ 
\ Y Parameter: A Priori Non-Grazing Eclipse Prob
\ Y Abbrev   : PS
\ Y Units    : none
\ Y Items    : 100         
\ 
|col000|col001|col002|col003|col004|col005|col006|col007|col008|col009|col010|col011|col012|col013|col014|col015|col016|col017|col018|col019|col020|col021|col022|col023|col024|col025|col026|col027|col028|col029|col030|col031|col032|col033|col034|col035|col036|col037|col038|col039|col040|col041|col042|col043|col044|col045|col046|col047|col048|col049|col050|col051|col052|col053|col054|col055|col056|col057|col058|col059|col060|col061|col062|col063|col064|col065|col066|col067|col068|col069|col070|col071|col072|col073|col074|col075|col076|col077|col078|col079|col080|col081|col082|col083|col084|col085|col086|col087|col088|col089|col090|col091|col092|col093|col094|col095|col096|col097|col098|col099|
|int   |int   |int   |int   |int   |int   |int   |int   |int   |int   |int   |int   |int   |int   |int   |int   |int   |int   |int   |int   |int   |int   |int   |int   |int   |int   |int   |int   |int   |int   |int   |int   |int   |int   |int   |int   |int   |int   |int   |int   |int   |int   |int   |int   |int   |int   |int   |int   |int   |int   |int   |int   |int   |int   |int   |int   |int   |int   |int   |int   |int   |int   |int   |int   |int   |int   |int   |int   |int   |int   |int   |int   |int   |int   |int   |int   |int   |int   |int   |int   |int   |int   |int   |int   |int   |int   |int   |int   |int   |int   |int   |int   |int   |int   |int   |int   |int   |int   |int   |int   |
      0      0      0      0      0      0      0      0      0      0      0      0      0      0      0      0      0      0      0      0      0      0      0      0      0      0      0      0      0      0      0      0      0      0      0      0      0      0      0      0      0      0      0      0      0      0      0      0      0      0      0      0      0      0      0      0      0      0      0      0      0      0      0      0      0      0      0      0      0      0      0      0      0      0      0      0      0      0      0      0      0      0      0      0      0      0      0      0      0      0      0      0      0      0      0      0      0      0      0      0
      0      0      0      0      0      0      0      0      0      0      0      0      0      0      0      0      0      0      0      0      0      0      0      0      0      0      0      0      0      0      0      0      0      0      0      0      0      0      0      0      0      0      0      0      0      0      0      0      0      0      0      0      0      0      0      0      0      0      0      0      0      0      0      0      0      0      0      0      0      0      0      0      0      0      0      0      0      0      0      0      0      0      0      0      0      0      0      0      0      0      0      0      0      0      0      0      0      0      0      0
      0      0      0      0      0      0      0      0      0      0      0      0      0      0      0      0      0      0      0      0      0      0      0      0      0      0      0      0      0      0      0      0      0      0      0      0      0      0      0      0      0      0      0      0      0      0      0      0      0      0      0      0      0      0      0      0      0      0      0      0      0      0      0      0      0      0      0      0      0      0      0      0      0      0      0      0      0      0      0      0      0      0      0      0      0      0      0      0      0      0      0      0      0      0      0      0      0      0      0      0
      0      0      0      0      0      0      0      0      0      0      0      0      0      0      0      0      0      0      0      0      0      0      0      0      0      0      0      0      0      0      0      0      0      0      0      0      0      0      0      4      0      0      0      0      0      0      0      0      5      0      0      0      0      0      3      0      0      0      2      0      4      5      0      6      0      0      2      3      3      0      0      0      0      0      0      0      0      0      0      0      0      0      0      0      0      0      0      0      0      0      0      0      0      0      0      0      0      0      0      0
      0      0      0      0      0      0      0      0      0      0      0      0      0      0      0      0      0      0      0      0      0      0      0      0      0      0      0      0      0      0      0      0      0      0      0      0      0      0      0      0      0      0      3      0      3      2      0      0      0      0      0      0     15      0      0      0      3      6      1      0      2      0      0      1      2      1      0     11      0      6      0      0      0      0      0      0      0      0      0      0      0      0      0      0      0      0      0      0      0      0      0      0      0      0      0      0      0      0      0      0
      0      0      0      0      0      0      0      0      0      0      0      0      0      0      0      0      0      0      0      0      0      0      0      0      0      0      0      0      0      0      0      0      0      0      0      0      0      0      0      0      0      0      0      1      0      0      0      0      0      0      0      1      0      0      0      5      0      0      5      2      7      0      0      0      0      5      0      0      0      0      0      9      0      2      0      0      0      0      0      0      0      0      0      0      0      0      0      0      0      0      0      0      0      0      0      0      0      0      0      0
      0      0      0      0      0      0      0      0      0      0      0      0      0      0      0      0      0      0      0      0      0      0      0      0      0      0      0      0      0      0      0      0      0      0      0      0      0      0      4      0      0      0      0      0      1      0      0      2      0      0      0      0      1      1      0      0      4      0      5      3      1      0      8      0      2      0      0      0      0      5      0      0      0      0      0      0      0      0      0      1      0      0      0      0      0      0      0      0      0      0      0      0      0      0      0      0      0      0      0      0
      0      0      0      0      0      0      0      0      0      0      0      0      0      0      0      0      0      0      0      0      0      0      0      0      0      0      0      0      0      0      0      0      0      0      0      0      0      0      0      0      2      0      0      0      1      1      0      1      0      5     21      1      0      0      0      0      1      0      1      0      7      0      0      0      1      0      0      8      0      0      0      0      2      0      0      6      0      0      0      0      0      0      0      0      0      0      0      0      0      0      0      0      0      0      0      0      0      0      0      0
      0      0      0      0      0      0      0      0      0      0      0      0      0      0      0      0      0      0      0      0      0      0      0      0      0      0      0      0      0      0      0      0      0      0      0      0      0      0      0      0      0      0      0      0      0      0      0      3      4      0      6      0      0      0      0      1      7      0      0      6      8      0     12     11      0      2      0      0      0      3      0      0      0      0      0      0      0      0      0      0      0      0      0      0      0      0      0      0      0      0      0      0      0      0      0      0      0      0      0      0
      0      0      0      0      0      0      0      0      0      0      0      0      0      0      0      0      0      0      0      0      0      0      0      0      0      0      0      0      0      0      0      0      0      0      0      0      0      0      0      0      0      0      1      2      0      0      0      6      5      0      0      0      0      1      0      0      0      0      0      0      5      0      3      0      0      0      0      0      0      0      2      0      0      0      0      0      0      0      0      0      0      0      0      0      0      0      0      0      0      0      0      0      0      0      0      0      0      0      0      0
      0      0      0      0      0      0      0      0      0      0      0      0      0      0      0      0      0      0      0      0      0      0      0      0      0      0      0      0      0      0      0      0      0      0      0      0      0      1      0      0      0      6      0      0      0      1      0      2      0      0      1      0     13      0      3      1      2      0      0      7      1      5      0      0      0      0      0      0      3      0      6      0      0      0      0      1      0      0      0      0      0      0      0      0      0      0      0      0      0      0      0      0      0      0      0      0      0      0      0      0
      0      0      0      0      0      0      0      0      0      0      0      0      0      0      0      0      0      0      0      0      0      0      0      0      0      0      0      0      0      0      0      0      0      0      0      0      0      3      0      3      0      2      4      0      7     10      3      1      0      0      4      4      2      0      2      2      5     11      0      1      1      0      0      0      7      7      0      0      0      0      1      0      0      0      4      0      0      0      0      0      0      0      0      0      0      0      0      0      0      0      0      0      0      0      0      0      0      0      0      0
      0      0      0      0      0      0      0      0      0      0      0      0      0      0      0      0      0      0      0      0      0      0      0      0      0      0      0      0      0      0      0      0      0      0      2      0      0      0      0      0      0      1      4      0      3      2      0      1      2      4      8      0      8      2      7      3      1      0      6      0      9      3      0      1      0      5      0      8      1      0      0      0      0      0      5      0      0      0      0      0      0      0      0      0      0      0      0      0      0      0      0      0      0      0      0      0      0      0      0      0
      0      0      0      0      0      0      0      0      0      0      0      0      0      0      0      0      0      0      0      0      0      0      0      0      0      0      0      0      0      0      1      0      0      0      0      0      0      7      1      1      2      2      5      1      0     19      0      7      0      2      4      0      0      7      0      1      3     15      0      2      0      2      0      0      0      3     15      0      0     11      0      0     19      0      0      0      0      0      4      0      0      0      0      0      0      0      0      0      0      0      0      0      2      0      0      0      0      0      0      0
      0      0      0      0      0      0      0      0      0      0      0      0      0      0      0      0      0      0      0      0      0      0      0      0      0      2      0      0      0      0      0      0      0      0      0      0      0      2      9      0      0      0      7      7      0      6      4      6      0      4      6      0      0      7      8      0      0      0      2      4      0      1      1      0      0      0      9      0      4      0      1      0      7      0      0      0      0      0      0      0      0      0      0      0      0      0      0      0      0      0      0      0      0      0      0      0      0      0      0      0
      0      0      0      0      0      0      0      0      0      0      0      0      0      0      0      0      0      0      0      0      0      0      0      0      0      0      0      0      0      0      0      0      8      0      5      0      0      0      0      2      0      2      5      4      3      0      3      5      0      8      9      0      0     11      1      2      2      0      0      0      0      0      0      7      5     11      1      0      0      0      1      1      0      0      0      0      0      0      0      1      1      0      0      0      0      0      0      0      0      0      1      0      0      0      0      0      0      0      0      0
      0      0      0      0      0      0      0      0      0      0      0      0      0      0      0      0      0      0      0      0      0      0      0      0      0      0      0      0      0      0      0      0      0      0      4      0      8      4      2      1      0      2     10      0     19     11      0      0      9      1      4      0      6      4      0      4      2      0      0      0      4      0      0      3      7      2      0      2      0      0     10      0      3      0      0      6      0      2      0      2      0      0      0      0      0      0      0      0      0      0      0      0      0      0      0      0      0      0      0      0
      0      0      0      0      0      0      0      0      0      0      0      0      0      0      0      0      0      0      0      0      0      0      0      0      0      0      0      0      0      0      0      0      3      6      0      0      7      0     10      0     10      0      0      0      1      3     14      5     11      6      5     13      0      3      1      4      4      2      8      0      0      1      4      3      0      4      0      0      2      0      0      5      0      0      1      0     18      0      0      0      0      0      0      0      0      0      0      0      0      0      0      0      0      0      0      0      0      0      0      0
      0      0      0      0      0      0      0      0      0      0      0      0      0      0      0      0      0      0      0      1      0      0      0      0      0      0      0      2      0      0      8      0      3      3      0      0      5      1      5      1      7      0      0      3      0      2      0     10      3     20     11      7      1      0      4      1      0      0     24      0      1      0      1      1      0      0      2      1      0      0      2      0      0      0      2      0      0      1      0      0      0      0      0      0      0      0      0      0      0      0      0      0      0      0      0      0      0      0      0      0
      0      0      0      0      0      0      0      0      0      0      0      0      0      0      0      0      0      0      0      0      0      0      0      0      0      0      0      0      0      0      0      0      0      0      0      0      0      1      7      2      1     13     13      5      1     15     18      0     10      3     22      0      2      2      0      0      1      4     13      2      2      2      0      0      6      4      3      1      5      0      0      0      0      0      0      0      0      0      0      0      0      0      0      0      0      0      5      0      0      0      0      0      0      0      0      0      0      0      0      0
      0      0      0      0      0      0      0      0      0      0      0      0      0      0      0      0      0      0      0      0      0      0      0      1      0      0      0      0      0      8      0      0      3      0      2      2      0      3      2      3     10      3      0      9      5      1      4     10      2      5     10      1      2      4     15     25      2      0      1      2      1      7      0     13      1      6      1      6      0      0      0      0      0      6      0      0      0      2      6      4      0      0      0      0      0      0      0      0      0      0      0      0      0      0      0      0      0      0      0      0
      0      0      0      0      0      0      0      0      0      0      0      0      0      0      0      0      0      0      0      0      0      0      0      3      0      0      2      9      0      0      2      0      0      0      6      0      6      2      3     14      2     10     13      5     15     11     11      5      5      9     12      5      4      2      1      0      1     11      4      0      1      5      0      6      4      0      0      2      0      3     11      2      0      3      0      0      0      0      0      0      0      0      0      0      0      1      0      0      0      0      0      0      0      0      0      0      0      0      0      0
      0      0      0      0      0      0      0      0      0      0      0      0      0      0      0      0      0      0      0      0      0      0      0      0      0      0      0      0      0      2      3      1      2      0      0      9      2     17      0      8      5      1      3     13      1      3      5     10      9      4      9      8      0      2      7      4      2      2      9     10      0      0      6      2      7      0      2      4      1      1      0      1      0      3      2      0      0      0      0      0      0      0      0      0      0      2      0      0      0      0      0      0      0      0      0      0      0      0      0      0
      0      0      0      0      0      0      0      0      0      0      0      0      0      0      0      0      0      0      0      0      0      6      2      0      0      0      0      0      0      0      0      0      0     13      0     15     17      1      5     11      6      1      5     10      7     21     14      0      5      3     10     22      5      1      8      7      8      6      9      3     11      0     18      1      0     17      2      6     13      0      2      7      0      0      0      0      0      0      5      0      4      0      0      0      0      0      0      0      0      0      0      0      0      0      0      0      0      0      0      0
      0      0      0      0      0      0      0      0      0      0      0      0      0      0      0      0      0      0      0      0      0      0      0      0      0      0      0      0      0      0      3      0      3     13     12      2      2      7      4      8     14      7      6      3     14      0     20     14      3     26      8      4      6     26     16      3      3     17      5      0      8      3      1      2      9      2      0      0      0      0      5      0      0      3      0      4      0      0      0      0      0      0      1      0      0      0      0      0      0      0      0      0      0      0      0      0      0      0      0      0
      0      0      0      0      0      0      0      0      0      0      0      0      0      0      0      0      0      1      0      0      0      0      3      5      0      3      1     17      3      0      0      1      3      1      0      4     11      0     19     25      3      3      9     13     17     14     16     14     27     42      4     19     24     13     20     14      7      4      4      1      7      1     16      5      2      8      1      3      6      0      0      0      0     17      0      1      5      0      2      0      0      0      4      0      0      5      0      0      0      0      0      0      0      0      0      0      0      0      0      0
      0      0      0      0      0      0      0      0      0      0      0      0      0      0      0      0      0      0      0      0      0      0      0      0      1      0      0      0     10      0      0      7      5     10     16      4      1     11     15     12     18      5      7      5     11     19      0      6     22      9     13     12     10      9      4     29     12     34     14      5      3     29      6      6      1      5     13      2      0      4     14      4      0      0      0      2      3      1      2      0      0      0      0      0      0      0      0      0      0      0      0      0      0      0      0      0      0      0      0      0
      0      0      0      0      0      0      0      0      0      0      0      0      0      0      0      0      3      0      3      0      0      0      0      0      0      0      2      0      1      2      2      2      5     15      3      4      6      6     15     10      9      9     23     10     17     26     17     16     21     12     15      2     10     31      6     11      8     16      9      9     22     25      1      3     15      1     22      2      6      0      0      0      0      8      8      0      2      3      0      0      0      1      0      0      0      0      0      0      0      0      0      0      0      0      0      0      0      0      0      0
      0      0      0      0      0      0      0      0      0      0      0      0      0      0      0      0      0      0      0      0      0      0      0      2      0      2      0      2      0      0      0     22     20      6      6     13     19     16      7     32     26      8     14     32     17     14     25      7     33     11     25     13     19     17     16     15     17     17     16     12      8     12      8     15     29      0      7      0     18      0      4      9      0      0      4      0      0      0      1      0      7      0      0      0      0      0      0      0      0      0      0      0      0      0      0      0      0      0      0      0
      0      0      0      0      0      0      0      0      0      0      0      0      0      0      0      0      0      0      0      0      0      5      0      0      0      4      0      8      3      4      2     12      6     13      8      4     11     22      2     21     23     28     12     41     36     30     41     45     23     13     48     21      9     12     32     20     14     20     19     10     40     14      3     21      0     21     13     21      3      0      5      3     10      2      0      0      0      0      8      0      0      0      2      0      0      0      0      0      0      0      0      0      0      0      0      0      0      0      0      0
      0      0      0      0      0      0      0      0      0      0      0      0      0      0      0      0      0      0      0      0      0      0      4      0      0      0      3      5      2      5      6      2      5      4     26     22     16     16     25      9     21     25     23     52     52     15     24     28     12     48     24     10     12     28     31     10     38     31      1     29      8     29     14     17      9      0      8      0     20      9      3      1      5      5      1      3      3      0      2      2      0      1      0      0      0      0      0      0      0      0      0      0      0      0      0      0      0      0      0      0
      0      0      0      0      0      0      0      0      0      0      0      0      0      0      2      0      0      2      1      0      0      0      0      2      0      2      4      3      6      1     15      1      1      3      9      8     16      9     15     53     32     33      9     11     32     19     20     26     31     24     17      6     46     37     46     30     31     15     12     13     20     15     37     28      5     13     20      4     18      5      0      6      2      5      0      0     11      0      0      0      1      0      0      4      0      0      0      0      0      0      0      0      0      0      0      0      0      0      0      0
      0      0      0      0      0      0      0      0      0      0      0      0      0      0      0      0      0      1      0      0      0      0      0      8      0      0      2      1     14      4     10      0      6      3     12     15     22     19     20     19     34     46     45     40     17     54     20     33     65     41     28     39     51     13     42     28      8     23     15      6     18     38     33     19      6     10     36     11      3      2      4     13     12      0      7      0      0      3      0      0      3      0      0      0      0      3      0      0      0      0      1      0      0      0      0      0      0      0      0      0
      0      0      0      0      0      0      0      0      0      0      0      0      0      0      0      0      0      0      0      1      3      1      0      0      0      1      1      4      9      9      8      0      8     36     44     26     12     22     33     33     23     49     36     22     29     34     16     11     50     46     27     48     54     30     27     39     29     10     17     14     32     16     25     18     12      4      2     27      4      6     14      2      2      0      1      3      0      0      0      1     10      0      0      0      0      0      0      0      0      1      0      0      0      0      0      0      0      0      0      0
      0      0      0      0      0      0      0      0      0      0      0      0      0      0      4      0      0      2      6      0      2      0      6      4      3      2      6      5      1     16      4     11     13     20      9     34     21     24     21     39     49     47     17     80     46     41     32     18     41     42     15     60     53     35     20     17     45     19     53     38     29     13     12      5     34      6      3     17     11      5      2      7      9      4     12      6      3      0     12      0      0      0      0      0      0      0      0      0      0      0      0      0      0      0      0      0      0      0      0      0
      0      0      0      0      0      0      0      0      0      0      0      0      0      0      0      0      3      0      0      0      0      0      0      0     13      0      7      7      0      5      8     29      4     21     40     36     13     20     13     48     12     37     45     39     32     23     33     45     53     70     30     40     43     18     55     48     36     27     48      9     38     23     40     11     28      3      3     11      6      4      6     21      4     18      7      0      4      0      1      4      0      0      0      0      3      0      0      0      5      0      0      0      0      0      0      0      0      0      0      0
      0      0      0      0      0      0      0      0      0      0      0      0      0      0      0      0      0      0      0      0      7      0      1      6     11     13     11      6      7      0      1      1     18     23     22     32     21     15     38     27     31     29     68     45     68     51     52     34     73     66     46     30     48     39     24     46     25     66     51     42     10     34     10     40     19     13     16     13     25      8     12      5     10      8      0      0      6     11      0      4      0      0      0      0      2      0      0      0      0      0      0      0      0      0      0      0      0      0      0      0
      0      0      0      0      0      0      0      0      0      0      0      0      0      0      0      3      0      0      1      5      0      0      0      0      2      9      6     17      7     10      6      6     13     17      7     39     69     30     34     15     30     27     54     64     34     21     31     63     76     54     81     53     64     49     29     31     52     39     46     19     21     19     30     41     16     10     36      4     22      7     30     21     11      5      9      1      4      5      5      0     11      0      0      0      0      0      0      0      0      0      0      0      0      0      0      0      0      0      0      0
      0      0      0      0      0      0      0      0      0      0      0      0      0      0      0      0      7      6      2      0      0      4      0      0      0     10      4      3      0      4      8     27     34     11     19     29     37     33     29     55     40     43     47     60     83     59     55     41     59     69     39     60     49     62     64     43     51     63     44     57     16     31     31     47      5      8     24      3     16     13      8     12      8      0      2      6      1      0      2      1      0      8      2      0      0      0      4      9      0      0      0      0      0      1      0      0      0      0      0      0
      0      0      0      0      0      0      0      0      0      0      2      0      0      0      0      0      0      5      0      0      0      0      0      6      8     10      4      7     20     18     19     14      5     41      6     47     41     69     76     63     50     46     60     70     53     86     29    115     77     95     78     58     52     38     58     24     69     57     58     74     44     71     51      7     23     12     35     32      8     23      3     10     49      0     15      0      0      2     16      0      2      0      3      5      2      0      0      0      0      0      0      0      0      0      0      0      0      0      0      0
      0      0      0      0      0      0      0      0      0      0      0      0      0      0      0      0      1      0      0      0      0      0      2      0     10      5     10     11     17     37     13     18     31     41     19     18     27     54     43     62     62     67     31     81     75     58     78     74     64     53     58     37     65     56     64     58     52     31     53     23     58     28     30     34     25     51      9     31     17      9      2      9     16     10      5      2     15      0      3      5      0      4      8      0      4      4      5      0      0      0      0      0      0      0      0      0      0      0      0      0
      0      0      0      0      0      0      0      0      0      0      0      0      0      0      0      0      1      2      0      0      0      6      2      3     19      7      1      3      4     26     29     11     12     26     21     25     47     45     57     47     42     44     70    111     48     65    109     76     33     93     61     57     56     36     63     42     62     52     57     53     39     16     52     18     17     13     20     27     20      4      9      8      3      3      1      1     11      2      4      1      1     15      6      0      0      0      0      0      0      0      0      0      0      0      0      0      0      0      0      0
      0      0      0      0      0      0      0      5      0      0      0      0      3      0      0      3      0      0      1      2      0      1      7      4      9      9     20      8     31     29     18     29     22     45     24     31     34     32     31     72     63     94     94     60    148     62     65     46     93    116     68     61     33     85    102     79     42     30     65     26     21     13     37     17     30     31     28     27     38     23     12      6     12     16     16      6      0      0      5      5      0      2      0      0      6      0      0      0      0      0      0      0      0      0      0      0      0      0      0      0
      0      0      0      0      0      0      0      0      0      0      0      0      0      0      0      0      7      0      1      0      6      7      8      1      3      3     10     11      8     38     23     32     47     36     58     42     40     47     58     81    113     80     39     73     54     98     53     86     72     77     30     55     94     70     63     78     32     63     36     37     49     17     25     24     33     11     65      4     26      9     29     15      5      3      9     11      5      0      1      1      5      7      1      3      0      2      3      0      0      0      0      0      0      0      0      0      0      0      0      0
      0      0      0      0      0      0      0      0      0      0      0      0      0      0      1      0      0      0      0     17      1      0     12     11     22      8     18      3     11     40     11     41     29     38     61     30     58     48     45    120     40    130    110     67     92     93     79     88     99    100     57     62     53     36     67     68     85     91     52     39     34     86     56     85      6     23     35     19     10      4      6     27      8     32      0      1      1      0      7     12      4      0      0      1      3      0      0      0      0      0      0      2      0      0      0      0      0      0      0      0
      0      0      0      0      0      0      0      0      0      0      0      0      0      0      0     11      0      0      0     10      0      6      3     14     55     28     26     37      9     12     51     20     28     57     75     49     72     78     47    108     64    103     83     72     84    111     78     60     93     76    113     70    130    117     69     81     43    136     58     23     37     71     34     64     81     43     71     27     30      9     15      9     28     19      2     16     12      8      6     17      6      0      0      6      9      0      0      0      0      0      0      0      0      0      0      0      0      0      0      0
      0      0      0      0      0      0      0      0      0      2      0      0      0      0      0      1      0      0      4      2      3      2      0      5     11      4      7     11     36     29     20     80     29     46     43     54     46     76     50     70     86    124     96     77     63     79     85     74     65    124     91     71     75    137     87    102     60     93     38     45     22     58     34     35     27     22     50     11     20     25     17      9     24      0      4     19      6      0      4      3      8      6      0      0      0     10      1      0      0      0      0      0      0      0      0      0      0      2      0      0
      0      0      0      0      0      0      0      0      0      0      0      0      0      0      0      0     12      7      2      0     18      8      1     13     14     24     12     15     26     20     59     39     52     50     43     96     43     84     72     40    149     46     74     81     69     69     68     96     74    103     77     75     63    105     49     79     26     57     70     82     40     25     36     46     26     34     24     14     18     19     19      4     20     15     13     15      2      0     16      0     14      4      2      0     10      0      0      1      0      0      0      0      0      0      0      0      0      0      0      0
      0      0      0      0      0      0      0      0      0      0      0      0      0      6      0      2      1      0      0      4      9     12      6      1     40     19     23     28     32      5     41     61     65     26     59     86     83     55     99     47     98     81     96    136     72     86    101     68    126    119     91     86     24     68     47     63    168     61     35     79     55     26     80     65     29     17     19     22     19     31      6     14     55      0     35      7      7      1      2      0      1      3      0      0      0      5      4      0      1      0      0      0      0      0      0      0      0      0      0      0
      0      0      0      0      0      0      0      0      1      0      0      0      0      2      0      0      0     10      1      1      0      4      2     15     19     24     10     24     13     16     35     16     54     46     49     63     60     65     73     55     46     40     69     79     85    127    125     76     79    100     86     96     73     45     86     55     82     22     60     35     61     52     21     40     60     15     13     39     32     16     27     23      6     22      3      4     13      4      4      1      0      3      0      0      0      0      0      0      0      0      0      0      0      0      0      0      0      0      0      0
      0      0      0      0      0      0      0      0      0      0      0      0      0      0      0      0      0     11      0      0      1      6      8      5      8     35     25     37     16     58     18     39     24     17     40     91     61    105     47     56    145    106     78     58     82    147    108     64    118    168     80     86     45     63     67     52     72     35     43     49     25     25     52     37     21     26      9     10     28     14      5     19     24     14     34      0      6     13     10      1      3      0      0      0      2      0      0      0      0      1      0      0      0      0      0      0      0      0      0      0
      0      0      0      0      0      0      0      0      0      0      0      0      0      0      2      0      0      0      0      2      0      1     21      5     21     24     14     11     16     13     49     37     39     62     75     64     44     48     67    130     56     80     72    106     61     40     81    112    109     92     59     62     72     40     44     82     45    123     77     44     54     28     27     43     13     56     60     22     19     18      8      5      8     15     34     17      4     10     16      4      0      9      5      0      2      0      0      0     10      0      0      2      0      0      0      0      0      0      0      0
      0      0      0      0      0      0      0      0      0      3      0      0      0      0      0      0      0      4      2     11      4     11     13     22     21     15      6     25     12     33     25     16     59     39     50     44     80     85     75     71     91     73     73    113    107     63     61     95    133    117     81     89     54     55    115     52     42     64     33     26     32     31     27     73     90     37      9      2     32      5     10     32     30     19      1      9      0      0      2      0      2      0      2      2      1      0      0      1      0      5      1      0      0      0      0      0      0      0      0      0
      0      0      0      0      0      0      0      0      0     11      0      1      0      0      0      0      1      1      3      2      7      3     18     11     20     18     23     21     10     42     81     31     73     57     44     89     44    108     75    101     80     60     66     37    110     73    126     69    103     90    106     74     74     91    118     53     70     24     40     36     69     58     45     46     31     37     29     28     14     32     10      7     17      9     17      0      0      0      6     23     11      0      0      1      0      0      0      0      0      5      3      3      0      0      0      0      0      0      0      0
      0      0      0      0      0      0      0      0      0      0      0      0      0      0      6      0      0      1      0      9      2      2      1      2     10     29     21     13     27     34     39     33     34     73     68     88     48    102     55    105     91     86    116     83     87     94     65    110     89     95     82     74     72     72     45     60     60     22     38     35     62     21     31     53     37     14     27     16     32      9     31      5     17     36      7     37      0      9      5      4      4      0      4      1      0      0      0      0      0      0      3      0      0      0      0      3      0      0      0      0
      0      0      0      0      0      0      0      0      0      0      0      0      0      0      0      0      0      2      8      4     10      4     19     10     30     20     15      1     29     23     24     29     25     83     88     63     87     26     71     58     68     55     92     73     74     82    116     27     64     66     70     99     70     38     92     64     14     56    119     39     80     29     21     33     18     16     41     41     38      5      5      0      5      3      0      9     14     15      0      1      5      0      2     10      0      0      0      0      0      0      0      0      0      0      0      0      0      0      0      0
      0      0      0      0      0      0      0      0      0      0      0      0      0      0      5     22      4      3      6      5     17      7     14      2      9     20     19     42     20     52     31     26     67     82     48     13     58     47     56    116     79    124    111     46     85     60     47    100     63     37     78     96     46     97     87     41     31     33     71     27    107     34     35     16     37     43     12      6     15     21     32     20      6      7      5      6      7     13      8     26      3      7      0      0      0      0      0      0      7      0      0      0      0      0      0      0      0      0      0      0
      0      0      0      0      0      0      0      0      0      0      0      0      0      0      1      0      3      0      2      1     20      7      5      8     14      3     19      4     27      6     49     76     29     19     74     60     68     27     52     58     88     40     87     70    145    104     44     40    125     98     84     59     82     33     35     62     46     51     59     43     16     13     35     30     17     39     49     15     31     12     22      7     11      8     12      6      5     23      3      0      3      4      1      0      0      5      1      2      0      0      0      0      0      0      0      0      0      0      0      0
      0      0      0      0      0      0      0      0      0      0      0      1      2      0      0      0      0      0      4      7     10      7      3      5     31     73     19     32     18     22     64     18     71     37     65     68     63     73     96     61     59     96     88     47     54     99     95    112     87     47     59     79     87     52     41     76     47     30     27     39     11     41     38     19     32     28     13      6     19      3      6      4     12      0      6      4      5      1      1      4      0      0      5      0      8      0      0      0      0      0      0      0      0      0      0      0      0      0      0      0
      0      0      0      0      0      0      0      0      0      0      0      0      0      0      7      1      0      2      0      5      6     13     11      7     10     15     27     41     25     45     21     29     48     17     59     21     33     46    100     68     86     65     58     84     98     97     40     49     85     40    119     43     45     52     44     60     50     72     20     23     12     68     32     26      6     38     12     22     12     15      4      8      8      2      3     15      4      0      0      0      7      0      6      0      7      0      0      6      0      0      0      2      2      0      0      0      0      0      0      0
      0      0      0      0      0      0      0      0      0      0      0      6      0      0      0      0      0      7      8      1     17      6      6     17      9     13     19     38     36     30     50     29     28     76     24     28     24     25     44     62     47     56     26     77     64    109     60     57     58     24     63     31     23     27     30     37     39     27     38     28     16     29     25     16     12      6     22     13      1     19     32     11      9      0      0      0     12      2      4      0      0      0      0      3      9      0      0     16      0      9      0      0      0      0      0      0      0      0      0      0
      0      0      0      0      0      0      0      0      0      0      0      3      0      2      7      5      0     14      4     13      3      1     16     22     17     20     14     31     13     24     24     34     13     54     38     46     62     35     66     42     69    111     94     57     77    108     31     81     98     48     31     77     43     27     50     50     34     24     28     34     45     50     12     46     12     38      3     23     17      5      9     34      2     13      4      8      0      1      0      0      0      7      0      0      3      0      1      0      0      1      0      3      0      0      0      0      0      0      0      0
      0      0      0      0      0      0      0      0      0      0      1      2      0      8      6      0      0      0      0      2      0      2      8      0      6      9      2     28     17     17     25     10     46     33     19     31     56     20     65     29     67     26     51     34     18     43     39     38     46     55     42    100     36     16     61     50     35     35     32     22     15     18     35     30      7     13     12     13      1      0      1      0      0      0     27      0      0      3      0      0      1      0      9      2      0      0      0      0      0      0      0      0      0      0      0      0      0      0      0      0
      0      0      0      0      0      0      0      0      0      0      0      0      1      0      0      6      4      5      0      1      6      9      0     17     12     13      2     32     25     23     22     62     45     60     42     20     40     35     67     24     25     67     53     38     22     64     26     88     41     71     11     65     54     39     40     84     33      9     37     50     17     15     14     21     14     15      5      2      6      4      0      9      2      0     12      1      0      7      1     28      0      0      0      2      0      2      1      0      0      0      0      0      0      1      0      0      0      0      0      0
      0      0      0      0      0      0      1      0      0      0      2      0      2      1      0      0      1      0      0      0      6      7      7     15     15     19     25      1     39     11     13     38     34     41      6     24     29     20     42     62     36     45     50     52     70     42     74     55     44     40     61     64     25     19     18     29     29     47     16     24     11     28     14      8      7      2      3      0      0      8      2      2     10     14      0      2      3      1      4      0      5      0      3      2      0      4      0      0      0      0      0      0      0      0      0      0      0      0      0      0
      0      0      0      0      0      0      0      0      0      0      0      0      0      0      0      2      3      0      2     15      1     20      7      9      5     33      4     14     22     12     13     10     38     28     23     47     42     40     27     52     54     29     61     48     43     50     61     57     35     19     12     47     76     19     84     37     16     42     40      4     28      7     13     10     34      0      0     11      8      8      0      7      1      0      0     11      4      0      5      0      1      0      0      0      0      0      0      0      0      0      0      4      0      0      0      0      0      0      0      0
      0      0      0      0      0      0      0      0      0      0      0      4      0      4      0      0      0      0      0      2      5     11      6      3      3      2     15     16     11     29     18     23     17      1     56     31     41     19      9     43     22     40     77     41     29     15      4     24     41     19     37     29     91     47      4     29     40     32      9     21     76     12     15     22      2      9      6     12      4      6      0      0      0      0      0      6      4     13     13      3      0      0      0      0     13      0      4      0      0      0      0      0      0      0      0      0      0      0      0      0
      0      0      0      0      0      0      0      0      0      0      0      0      0      4      0      1      1      0      5      4      1      9      3      3      6      3      2     10      8     18     30     34     16     47     31     61      5     11     42     30     20     26     12     27     31     37     35     40     14     42     17     19     16      6     19     22     11     18     10     32     12     18      0      7     17     16      7      0      4      2      3      0      4      6      0      1      2      1      0      0      0      6      5      0      1      0      0      0      0      0      0      0      0      0      0      0      0      0      0      0
      0      0      0      0      0      0      0      0      0      0      0      0      0      0      0      0      3      3      0      0      5      5      0     16      1      7      0     11      8      1     16     20     13     26     23     25     18     36     50     30     36     29     19      9      8     29     44     33     57     23      7     83      3     31     21      8     29     10     12     26     13     13     21     11      0      3      5      2      3      1     13     11      0      0      3      0      2      6      0      0      0      0      0      0      0      0      0      0      0      0      0      0      0      0      0      0      0      0      0      0
      0      0      0      0      0      0      0      0      0      0      0      0      2      0      0      0      0      0      0     10      1      0      6     11      2      0      8     16      7     20     18     16     10     22     40     18     14     58      2     19     12     25     25     24     51     20     41     26     32     20     15     12     16      1     30     17      9      4     25      5      3     11      3     27      0      1      2     20      1      5      0      3      0      0      0      0      1      2      0      0      0      0      0      0      0      1      0      0      0      0      0      0      0      0      0      0      0      0      0      0
      0      0      0      0      0      0      0      0      0      2      0      0      0      4      0      0      3      4      2      0      2      1     13      2      2      2      3      4     16     17      7     19      7      4     21     14     11      2     58      4      9      3     29     34     23     16      7      6     15      6     13     37      8      9      3     16     38     32     11      5     12     12      1     12      0      0      7      6      0      0      5      0      0      4      0      0      0      2      0      6      1      0      0      0      2      0      0      0      0      0      0      0      0      0      0      0      0      0      0      0
      0      0      0      0      0      0      0      0      0      0      0      0      0      0      0      0      0      1      2      5      9     12      9     12     18     12     10     16      2     27      8     18     22     40      0     12     20     31     29      5     25      5     30      8      7     31     16      1      9      4     35     12     21     12      9     26      4      8     30      4     10      6      6      0      5     36      0      2      9     10      0      0      0      0      0      1      0      0      0      0     15      0      0      0      0      0      0      0      0      0      0      0      0      0      0      0      0      0      0      0
      0      0      0      0      0      0      0      1      0      4      0      0      0      0      0      5      2      1      7      3      0      0      1      0      9     22      6      9      2     13      4      0     14      4     16     28     22      5      9      7      0     21     28      8      8     21     27      8     10     11     21     17     30     10      0      3      0     19      9      2      0      2      3      5      9      2      0      4      0      5     20      4      5      0      0      0      0      0      0      0      0      1      0      0      2      0      0      0      0      0      0      0      0      0      0      0      0      0      0      0
      0      0      0      0      0      0      0      0      0      0      0      0      4      0      0      0      3      0      4      0      0     20      4      0      6      0      5      1      7     11     21      3     10     21      8     14     15      0     12      4     18      4     32      1     30     40     11      1     17      2      3      2      1      1      4     17      3      6     14      0      0     12      2     19      1      0      0      0      0      2      6      0      0      0      0      1      0      0      0      6      0      0      0      0      0      0      0      0      0      0      0      0      0      0      0      0      0      0      0      0
      0      0      0      0      0      0      7      0      0     14      0      0      0      0      0      0      0      0      2      3      1      0      0      0     12      0      4      0     15      8      5     18      9     13      1     27      2      7      5      0     23     10     12     11     28      0     13      2      0     26     10      4      6     30     14      0     11     18      7      0      1      1      0      0      2      0      0      0      2      0      1      1      2      0      0      0      0      0      0      0      0      0      0      0      0      0      0      0      0      0      0      0      0      0      0      0      0      0      0      0
      0      0      0      0      0      0      0      0      0      0      0      0      5      0      3      0      0      0      6      0      0      9     10      2      0     12      0      5     13      3      8      0      3      4      3      8      0      0      5     13      0      9      4      2     19      1      0      6      4      0      3     11     47      6      1      0      3      6      4     10      0      0      0      0      0      1     10      0      1      0      1      0      0      2      0      0      0      8      0      0      0      0      0      0      0      0      0      0      0      0      0      0      0      0      0      0      0      0      0      0
      0      0      0      0      0      0      0      0      0      0      0      0      4      0      0      4      0      0      4      9      0      7      1      3      0      7      2     10     14      6      4      7     20      4     14      3     12      4      6      6      1     11     13     14      2      0      2      3      1      1      4      5     10      2      9      2      0      5     13      7      7      0      0      0      0      0      0      0      0      5      1      0      0      0      0      0      0      0      0      0      0      0      0      0      0      0      0      0      0      0      0      0      0      0      0      0      0      0      0      0
      0      0      0      0      0      0      0      0      1      0      0      0      0      0      4      4      0      0      0      0      0      0      1      0      0      6      1      3     10      4      0      9      0     11      0      0      9     13     11     17      4     20     26      0      6     33     12     15      6     18      1      4      0      2     20      6     13      0      0      3      0      0     12      0      0      0      0      0      3      4      6      2      0      3      0      0      0      2      0      0      0      0      0      0      0      0      0      0      0      0      0      0      0      0      0      0      0      0      0      0
      0      0      0      0      0      0      0      0      0      0      0      0      0      0      0      0      0      0      0      4      5      3      0      0      2     12      0      7      0      3      1      9      0      8      0      5      3     13     17      6     13     11      7      0     19      0      0      0      1      2      8      8      5      0      0      0      0      0      5      7      2      0      0     12      0      0      0      7      6      0      0      0      0      8      0      0      0      0      0      0      0      0      0      0      0      0      0      0      0      0      0      0      0      0      0      0      0      0      0      0
      0      0      0      9      0      0      0      0      0      0      0      0      0      0      0      0      0      0      0      0      0      0      2      0      2      4      0      4      3      4      0     26     17     14      9      3      0      8      0      9      2     10      8      5      9     19      0      6      0      6      5      1      3      0      4      1     11      0      0      0      0      0      0      0      0      0      0      0      2      0      1      0      0      0      0      0      7      1      0      0      0      0      0      0      0      0      0      0      0      0      0      0      0      0      0      0      0      0      0      0
      0      0      0      0      0      0      0      0      0      0      0      0      0      0      0      0      0      0      0      2      3      1      0      4      0      2      0      0      5      8      0      0      0      4      3      0      0      0      2      0      0      3      1      4      0      1      0     10      3      0      0      0      3      0      0      0      6      0      2      0      0      0      0      0      0      0      0      0      0      0      0      0      0      0      0      0      0      0      0      0      0      0      0      0      0      0      0      0      0      0      0      0      0      0      0      0      0      0      0      0
      0      0      0      0      0      0      0      0      0      0      4      0      0      0      0      0      0      0      0      0      0      0      0      0      5      1      2      6      0      0      0      0      0      0      0      0     12      0      2     17      5     18      3      0      0      0      0      0      0      2      0      3      0      1      1      0      0      0      0      0      0      0      0      0      0      0      0      0      0      0      0      0      0      0      0      0      0      0      0      0      0      0      0      0      0      0      0      0      0      0      0      0      0      0      0      0      0      0      0      0
      0      0      0      0      0      0      0      0      0      0      0      0      0      0      0      0      0      0      0      0      0      0      0      2      2      0      2      0      0      0      0      0      0      0      1      7      0      0      9      0      2      0      0      1      0      4      0      1      0      4     11      3      4      0      0      0      0      0      0      0      0      0      0      6      0      0      0      0      0      0      0      0      0      0      0      0      0      0      0      0      1      0      0      0      0      0      0      0      0      0      0      0      0      0      0      0      0      0      0      0
      0      0      0      0      0      0      0      0      0      0      0      0      0      1      0      0      0      0      0      0      0      0      0      0      4      0      4      0      2      0      0      3      0      0      2      0      0      0      0      0      2      0      0      4      0      0      0      0      0      2      0      0      0      0      0      0      0      0      0      0      0      0      0      0      0      3      0      0      0      0      0      0      0      0      0      0      0      0      0      0      0      0      0      0      0      0      0      0      0      0      0      0      0      0      0      0      0      0      0      0
      0      0      0      0      0      0      0      0      0      0      0      0      0      0      0      0      0      3      0      0      0      0      0      0      1      1      0      0      2      0     15      0      1      0      4      0      0      0      2      5      0      0      0      0      0      1      7      0      0     12     11      0      1      0      1      0      0      0      0      0      0      0      0      0      0      0      0      2      0      0      0      0      0      0      0      0      0      0      0      0      0      0      0      0      0      0      0      0      0      0      0      0      0      0      0      0      0      0      0      0
      0      0      0      0      0      0      0      0      0      0      0      1      0      0      0      0      0      0      8      2      0      0      0      0      1      0      0      0      0      0      0      2      0      0     18      0      0      0      0      0     12      6      0      0      0      0      0      0      1      0      0      0      0      0      0      0      0      2      0      0      0      7      0      0      0      0      0      0      0      0      0      0      0      0      0      0      0      0      0      0      0      0      0      0      0      0      0      0      0      0      0      0      0      0      0      0      0      0      0      0
      0      0      0      0      0      0      0      0      0      0      0      0      0      0      0      0      0      0      0      0      0      0      0      0      0      0      0      0      1      0      0      0      0      0      0      0      0      0      0      0      0      0      0      0      4      0      0      0      0      0      1      0      0      0      0      0      0      0      0      0      0      0      0      0      0      0      0      0      0      0      0      0      0      0      0      0      0      0      0      0      0      0      0      0      0      0      0      0      0      0      0      0      0      0      0      0      0      0      0      0
      0      0      0      0      0      0      0      0      0      0      1      0      0      0      0      0      0      0      0      0      0      0      0      0      0      0      0      0      0      0      0      0      0      4      0      0      3      0      0      0      3      0      0      0      0      0      0      0      0      0      0      0      0      0      0      0      0      0      3      0      0      0      0      4      0      0      0      0      0      0      0      0      0      0      0      0      0      0      0      0      0      0      0      0      0      0      0      0      0      0      0      0      0      0      0      0      0      0      0      0
      0      0      0      0      0      0      0      0      0      0      0      0      0      2      0      0      0      0      3      0      0      0      0      0      0      0      0      0      0      0      0      0      0      0      0      0      0      0      0      0      0      0      0      9      0      0      0      0      0      2      0      0      0      0      0      0      0      0      0      0      0      0      0      0      0      0      0      0      1      0      0      0      0      0      0      0      0      0      0      0      0      0      0      0      0      0      0      0      0      0      0      0      0      0      0      0      0      0      0      0
      0      0      0      0      0      0      0      0      0      0      0      0      0      0      0      0      0      0      0      0      1      0      0      0      0      0      0      0      0      8      0      0      0      0      0      4      0      1      0      0      0      0      4      0      0      0      0      0      0      0      0      0      0      0      0      0      0      0      0      0      0      0      0      0      0      0      0      0      0      0      0      0      0      0      0      0      0      0      0      0      0      0      0      0      0      0      0      0      0      0      0      0      0      0      0      0      0      0      0      0
      0      0      0      0      0      0      0      0      0      0      0      0      0      0      0      0      0      0      0      0      0      0      0      0      9      0      1      0      0      0      0      0      0      0      0      0      0      0      0      0      0      0      0      0      0      0      0      0      0      0      0      1      0      0      0      0      0      0      0      0      0      0      0      0      0      0      0      0      0      0      0      0      0      0      0      0      0      0      0      0      0      0      0      0      0      0      0      0      0      0      0      0      0      0      0      0      0      0      0      0
      0      0      0      0      0      0      0      0      0      0      0      0      0      0      0      0      0      0      0      0      0      0      0      0      0      1      0      0      8      0      0      0      0      0      0      0      0      0      0      0      0      0      2      0      0      0      0      0      0      0      0      0      0      0      0      0      0      0      0      0      0      0      0      0      0      0      0      0      0      0      0      0      0      0      0      0      0      0      0      0      0      0      0      0      0      0      0      0      0      0      0      0      0      0      0      0      0      0      0      0
      0      0      0      0      0      0      0      0      0      0      0      0      0      0      0      0      0      2      0      0      0      0      0      0      9      0      0      0      0      0      0      0      7      0      0      9      0      0      0      0      0      0      0      0      0      0      0      0      0      0      0      0      0      0      0      0      0      0      0      0      0      0      0      0      0      0      0      0      0      0      0      0      0      0      0      0      0      0      0      0      0      0      0      0      0      0      0      0      0      0      0      0      0      0      0      0      0      0      0      0
      0      0      0      0      0      0      0      0      0      0      0      0      0      1      0      0      0      0      0      0      0      0      0      0      2      0      0      0      0      0      0      0      0      0      0      0      0      0      0      0      0      0      0      0      0      0      0      0      0      0      0      0      0      0      0      0      0      0      0      0      0      0      0      0      0      0      0      0      0      0      0      0      0      0      0      0      0      0      0      0      0      0      0      0      0      0      0      0      0      0      0      0      0      0      0      0      0      0      0      0
      0      0      0      0      0      0      0      0      0      0      0      0      0      0      0      0      0      0      0      0      0      0      0      0      0      0      0      0      0      0      0      0      0      0      0      0      0      0      0      0      0      0      0      0      0      0      0      0      0      0      0      0      0      0      0      0      0      0      0      0      0      0      0      0      0      0      0      0      0      0      0      0      0      0      0      0      0      0      0      0      0      0      0      0      0      0      0      0      0      0      0      0      0      0      0      0      0      0      0      0
      0      0      0      0      0      0      0      0      0      0      0      0      0      0      0      0      0      0      0      0      0      0      0      0      0      0      0      0      0      0      0      0      0      0      0      0      0      0      0      0      0      0      0      0      0      0      0      0      0      0      0      0      0      0      0      0      0      0      0      0      0      0      0      0      0      0      0      0      0      0      0      0      0      0      0      0      0      0      0      0      0      0      0      0      0      0      0      0      0      0      0      0      0      0      0      0      0      0      0      0
      0      0      0      0      0      0      0      0      0      0      0      0      0      0      0      0      0      0      0      0      0      0      0      0      0      0      0      0      0      0      0      0      0      0      0      0      0      0      0      0      0      0      0      0      0      0      0      0      0      0      0      0      0      0      0      0      0      0      0      0      0      0      0      0      0      0      0      0      0      0      0      0      0      0      0      0      0      0      0      0      0      0      0      0      0      0      0      0      0      0      0      0      0      0      0      0      0      0      0      0
      0      0      0      0      0      0      0      0      0      0      0      0      0      0      0      0      0      0      0      0      0      0      0      0      0      0      0      0      0      0      0      0      0      0      0      0      0      0      0      0      0      0      0      0      0      0      0      0      0      0      0      0      0      0      0      0      0      0      0      0      0      0      0      0      0      0      0      0      0      0      0      0      0      0      0      0      0      0      0      0      0      0      0      0      0      0      0      0      0      0      0      0      0      0      0      0      0      0      0      0
      0      0      0      0      0      0      0      0      0      0      0      0      0      0      0      0      0      0      0      0      0      0      0      0      0      0      0      0      0      0      0      0      0      0      0      0      0      0      0      0      0      0      0      0      0      0      0      0      0      0      0      0      2      0      0      0      0      0      0      0      0      0      0      0      0      0      0      0      0      0      0      0      0      0      0      0      0      0      0      0      0      0      0      0      0      0      0      0      0      0      0      0      0      0      0      0      0      0      0      0
