\ 
\ Covariance Function Histogram Table
\ 
\ X Parameter: Eccentricity
\ X Abbrev   : e
\ X Units    : none
\ X Items    : 99          
\ 
\ Y Parameter: Effective Temperature
\ Y Abbrev   : Teff
\ Y Units    : K
\ Y Items    : 100         
\ 
|col000|col001|col002|col003|col004|col005|col006|col007|col008|col009|col010|col011|col012|col013|col014|col015|col016|col017|col018|col019|col020|col021|col022|col023|col024|col025|col026|col027|col028|col029|col030|col031|col032|col033|col034|col035|col036|col037|col038|col039|col040|col041|col042|col043|col044|col045|col046|col047|col048|col049|col050|col051|col052|col053|col054|col055|col056|col057|col058|col059|col060|col061|col062|col063|col064|col065|col066|col067|col068|col069|col070|col071|col072|col073|col074|col075|col076|col077|col078|col079|col080|col081|col082|col083|col084|col085|col086|col087|col088|col089|col090|col091|col092|col093|col094|col095|col096|col097|col098|col099|
|int   |int   |int   |int   |int   |int   |int   |int   |int   |int   |int   |int   |int   |int   |int   |int   |int   |int   |int   |int   |int   |int   |int   |int   |int   |int   |int   |int   |int   |int   |int   |int   |int   |int   |int   |int   |int   |int   |int   |int   |int   |int   |int   |int   |int   |int   |int   |int   |int   |int   |int   |int   |int   |int   |int   |int   |int   |int   |int   |int   |int   |int   |int   |int   |int   |int   |int   |int   |int   |int   |int   |int   |int   |int   |int   |int   |int   |int   |int   |int   |int   |int   |int   |int   |int   |int   |int   |int   |int   |int   |int   |int   |int   |int   |int   |int   |int   |int   |int   |int   |
      0      0      0      0      0      0      0      0      0      0      0      0      0      0      0      0      0      0      0      0      0      0      0      0      0      0      0      0      0      0      0      0      0      0      0      0      0      0      0      0      0      0      0      0      0      0      0      0      0      0      0      0      0      0      0      0      0      0      0      0      0      0      0      0      0      0      0      0      0      0      0      0      0      0      0      0      0      0      0      0      0      0      0      0      0      0      0      0      0      0      0      0      0      0      0      0      0      0      0      0
      0      0      0      0      0      0      0      0      0      0      0      0      0      0      0      0      0      0      0      0      0      0      0      0      0      0      0      0      0      0      0      0      0      0      0      0      0      0      0      0      0      0      0      0      0      0      0      0      0      0      0      0      0      0      0      0      0      0      0      0      0      0      0      0      0      0      0      0      0      0      0      0      0      0      0      0      0      0      0      0      0      0      0      0      0      0      0      0      0      0      0      0      0      0      0      0      0      0      0      0
      0      0      0      0      0      0      0      0      0      0      0      0      0      0      0      0      0      0      0      0      0      0      0      0      0      0      0      0      0      0      0      0      0      0      0      0      0      0      0      0      0      0      0      0      0      0      0      0      0      0      0      0      0      0      0      0      0      0      0      0      0      0      0      0      0      0      0      0      0      0      0      0      0      0      0      0      0      0      0      0      0      0      0      0      0      0      0      0      0      0      0      0      0      0      0      0      0      0      0      0
      0      0      0      0      0      0      0      0      0      0      0      0      0      0      0      5      0      0      0      0      0      0      0      0      0      0      0      0      0      3      5      0      4      0      0      0      0      0      0      0      0      0      0      0      0      0      0      0      0      0      0      2      0      5      0      0      0      0      0      0      1      0      0      0      0      3      4      2      3      0      0      0      0      0      0      0      0      0      0      0      0      0      0      0      0      0      0      0      0      0      0      0      0      0      0      0      0      0      0      0
      0      0      0      0      0      0      0      0      0      0      0      0      0      0      0      0      0      0      0      0      0      0      0      0      0      0      0      0      0      0      0      2      0      0      0      0     11      0      2      0      3      0      0      0      0      0      0      0      0     12      2      3      0      0      1      0      5      0      2      0      0      1      2      4      0      0      0      0      0      4      0      0      0      0      0      2      0      0      0      0      0      0      0      0      0      0      0      0      0      0      0      0      0      0      0      0      0      0      0      0
      0      0      0      0      0      0      0      0      0      0      0      0      0      0      0      0      0      0      0      0      0      0      0      0      0      1      0      0      0      0      0      2      0      0      0      0      0      0      0      0      0      0      0      0      0      0      2      0      0      5      0      0      7      0      0      0      0      0      8      0      0      0      6      0      0      0      1      4      0      0      0      0      0      0      1      0      0      0      0      0      0      0      0      0      0      0      0      0      0      0      0      0      0      0      0      0      0      0      0      0
      0      0      0      0      0      0      0      0      0      0      0      0      0      0      0      0      0      0      0      0      0      0      0      0      0      0      1      0      0      0      0      0      0      0      0      0      0      0      0      0      0      0      0      0      0      0      2      4      2      1      2      0      5      2      1      0      0      0      0      1      1      4      1      2      0      0      0      3      2      4      0      0      0      0      0      0      0      0      0      0      0      0      0      0      0      0      0      0      0      0      0      0      0      0      0      0      0      0      0      0
      0      0      0      0      0      0      0      0      0      0      0      0      0      0      0      0      0      0      0      0      0      0      0      0      1      0      0      0      1      0      0      0      0      0      3      0      1      0      0      0     16      1      0      0      0      0      0      0      0      0      1      0      0      0      5      2      1      1      4      0      0      1      0      9      0      6      0      1      0      1      0      0      0      0      3      0      0      0      0      0      0      0      0      0      0      0      0      0      0      0      0      0      0      0      0      0      0      0      0      0
      0      0      0      0      0      0      0      0      0      0      0      0      0      0      0      0      0      0      0      0      0      0      0      0      0      0      0      0      0      0      0      0      7      0      1      0      0      0      0     10      0      0      0      1     10      0      0      2      0      2      7      0      0      0      0      2      0      0      0      0      1      0      2      3      0      4      0      0      7      0      0      0      4      0      0      0      0      0      0      0      0      0      0      0      0      0      0      0      0      0      0      0      0      0      0      0      0      0      0      0
      0      0      0      0      0      0      0      0      0      0      0      0      0      0      0      0      0      0      0      0      0      0      0      0      0      0      0      0      0      0      0      0      0      0      0      0      5      0      0      0      0      1      1      1      1      0      0      0      5      0      3      0      0      0      0      0      2      0      1      0      0      0      0      5      0      0      0      0      0      0      0      0      0      0      0      0      0      0      0      0      0      0      0      0      0      0      0      0      0      0      0      0      0      0      0      0      0      0      0      0
      0      0      0      0      0      0      0      0      0      0      0      0      0      0      0      0      0      0      0      0      0      0      0      0      3      0      0      0      0      0      0      0      0      0      0      0      0      0      0      1      2      8      0      0      0      1      5      0      0      0      6      0      7      2      0      1      3      0      3      0      1      0      0      1      2      0      0      3      0      0      3      1      0      0      0      0      0      0      0      0      0      0      0      0      0      0      0      0      0      0      0      0      0      0      0      0      0      0      0      0
      0      0      0      0      0      0      0      0      0      0      0      0      0      0      4      0      0      0      0      0      0      0      0      0      0      0      0      0      0      0      1      0      9      2      0      0      0      0      6      9      0      6      0      0      0      0      0      0     11      0      1      3      1      0      0      1      2      3      5      0      4      0      0     11      0      0      0      0      5      0      0      0      0      0      0      0      0      0      0      0      0      0      0      0      0      0      0      0      0      0      0      0      0      0      0      0      0      0      0      0
      0      0      0      0      0      0      0      0      0      0      0      0      0      0      0      0      0      0      0      0      0      0      0      0      1      0      0      0      2      0      2      0      0      0      0      0      1      0      0      0      0      0     12      0      0      5      4      0      0      1      1      1      0      0     13      0     14      0      3      5      0      0      9      0      0      0      1      7      0      0      0      0      0      0      0      0      0      0      1      0      3      0      0      0      0      0      0      0      0      0      0      0      0      0      0      0      0      0      0      0
      0      0      0      0      0      0      0      0      0      0      0      0      0      0      0      0      0      0      0      0      0      0      0      0      0      0      0      0      0      2      0      1      0      8      0      7      0     11     13      0      0      6      7      2      2      0      6      0     13      0      0      0      2      0      1      2      5      3     20      4      0      0      1      0      0      0     14      2      0      0      0      2      0      0      0      2      0      0      0      0      0      0      0      0      0      0      0      0      0      0      0      0      0      0      0      0      0      0      0      0
      0      0      0      0      0      0      0      0      0      0      0      0      0      0      0      0      0      0      0      0      0      0      0      0      2      0      0      0      2      0      1      0      0      4      0      0      0      3      4      1      6      3      7      4      5      0      4      2      0      1      0      5      9      0      0      0      0      0      7      0      0      5      1      0      4      9      0      0      0      0      0      0      1      0      0      0      0      0      0      0      0      4      0      3      0      0      0      0      0      0      0      0      0      0      0      0      0      0      0      0
      0      0      0      0      0      0      0      0      0      0      0      0      0      0      0      0      0      0      0      0      0      0      0      0      0      7      0      1      0      0      0      2      0      5      4      0      1      4      4      0      0     11      2      2      0      1      4      0      0      0      3      0     12      6      5      0      0     10      1      1      0      0      5      0      2      0      0      0      1      1      0      0      0      0      1      1      0      0      0      0      0      2      0      0      0      0      0      0      0      0      0      0      0      0      0      0      0      0      0      0
      0      0      0      0      0      0      0      0      0      0      0      0      0      0      0      0      0      0      0      0      0      0      0      0      4      0     14      0      4      2      0      9      2      4      7      0      3      0      6      2      1      0      5      0      1      2      0      2      3      4      8      2      4      0      4     12      0      0      0      1      2      6      0      0      0      3      0      0      0      0      4      6      3      0      0      0      0      2      0      0      0      0      0      0      0      0      0      0      0      0      0      0      0      0      0      0      0      0      0      0
      0      0      0      0      0      0      0      0      0      0      0      0      0      0      0      0      0      0      0      0      0      0      0      0      0      0      0      0      0      0      0      3      8      0      6      0      0      0      2      2      8      2      6      2      4      0      6      4      0      0      5      0      1     14      6      0      1      8      7      5      0      0      4      3      0     13     14      0      0      2      0      0      1      3      6      0      0      2      1      0      0      2      0      3      0      0      0      0      0      0      0      0      0      0      0      0      0      0      0      0
      0      0      0      0      0      0      0      0      0      0      0      0      0      0      0      0      0      0      0      0      0      0      0      0      1      0      0      2      0      1      1      2      0      0      4      2      0      0      1      0     12     10     13      2      2      8      1      0     10      1      1     21      0      0      1      3      6      6      2      1      0      3     12      0      0      0      0      0      1      0      0      2      0      0      1      0      0      0      0      0      0      0      0      0      0      0      0      0      0      0      0      0      0      0      0      0      0      0      0      0
      0      0      0      0      0      0      0      0      0      0      0      0      0      0      0      0      0      0      0      0      0      0      0      0      0      0      0      1      0      0      0      0      5      9      2      0      6      0      1      9     13      5      0      8      0      6      2     15      2      7      6      0      0     18      2      4      1      0      2     11      0      0      1      0     11      0      0      1      0      3      0      2      1      0      0      0      0      0      0      0      5      0      4      0      0      0      0      0      0      0      0      0      0      0      0      0      0      0      0      0
      0      0      0      0      0      0      0      0      0      0      0      0      0      0      0      0      0      0      0      0      0      0      0      0      0      0      1      0      1      7      1      0      4      0      5      0      0      3      1      9      1     28     11      2      9      5      2      9      2      1      0      2      6      0      6     25      0      6      1     11     10      1      2      2      2      4      2      0      1      0      1      0      0      0      0      1      0      0      1      0      0      0      0      0      0      0      0      0      2      0      0      0      0      0      0      0      0      0      0      0
      0      0      0      0      0      0      0      0      0      0      0      0      0      0      9      0      0      0      0      0      0      0      0      0      0      3      0      4      0      5      5      1      9      6      0     11      5      0      0     19      1     11      2      1      5      4      6     12     29      1      6      1      1      1      1      2      0      8      4      3     12      2      1      1      0      7      0      0      0      0      1      2      0      0      0      0      6      0      2      0      1      0      0      0      0      0      0      0      0      0      0      0      0      0      0      0      0      0      0      0
      0      0      0      0      0      0      0      0      0      0      0      0      0      0      0      0      0      0      0      2      0      0      0      4      0      0      0      0      0      0      5      3      1      9      4      0      0      2      3      4     12     11      1      3      7      4      5      0      2      0      0     23      0      3      9      6     12      5      5      4      6      4      0      2      0      6      6      1      0      0      0      1      5      2      0      0      0      0      0      0      0      0      0      0      0      0      0      0      0      0      0      0      0      0      0      0      0      0      0      0
      0      0      0      0      0      0      0      0      0      0      0      0      0      0      0      0      0      2      0      0      0      2      0      0      1      0      2      0      5      5     10      0      7      0      7     13      9     12      6     14     10     10      2     13      7      8      6      2      3      7      9     12      7      6     28      1      7      2      6      3     10     13      7      9      2      2      0      0      2      0     10      0      0      0      3      0      0      0      0      0      0      0      0      0      0      5      0      0      0      0      0      0      0      0      0      0      0      0      0      0
      0      0      0      0      0      0      0      0      0      0      0      0      0      0      0      0      2      0      0      4      0      0      0      0      0      1      0      0      4      7      1      9      0      6      6      4     10      3      5      3      9      4      3      3      1      9      8     24      3      3      1      9     15      6      9     14     16      6      2     13     16      1      3      1      0      6      3      0      0      3      1     10      2      0      3      1      0      7      0      5      0      1      1      0      0      0      0      0      0      0      0      0      0      0      0      0      0      0      0      0
      0      0      0      0      0      0      0      0      0      0      0      0     15      0      0      0      0      3      0      0      0      0      0      0      0      0      5      6     10     15      0      9     25      0      7      7      4      8      7      6     11     21      5     11     15     20     10     16     11     21      6     17     21     16      7      8      0      3      4      2     23      3      3     19      8      5      5      9      0      6      2      0      0      0      1      1     11      0      0      0      0      0      0      0      0      0      0      0      0      0      0      0      0      0      0      0      0      0      0      0
      0      0      0      0      0      0      0      0      0      7      0      0      0      0      0      0      5      0      0      2      0      1      5      0      4      4      0      1      0      2     10      2      8      8      4      2      8      4      7     19     14      1      7      7     13     12     11     17      8      6     23      6     19     17      2      6     17     16     10     11     12     16      0      8      0     15      0     13      0     10      4      6      6      0      2      0      9      2      2      0      0      0      0      0      0      0      0      0      0      0      0      0      0      0      0      0      0      0      0      0
      0      0      0      0      0      0      0      0      0      0      0      0      0      0      0      0      3      0      0      0      4      0      0      4      0      0      1      7      1      4      0      0     11      1      6      6      6     19      6      9     23      1      5      3     35     29     10     23      3     15     10     15     19      8     20     17     21     14     15     17     12      1      7     10      9      3      4      7      9      4      6      1      0      7      0      0      0      3      0      0      0      0      0      0      0      0      1      0      0      0      0      0      0      0      0      0      0      0      0      0
      0      0      0      0      0      0      0      0      0      0      0      0      0      0      0      0      2      0      1      0      3      1      0      0      2      0      1      0      2      8      6      8      1     17      7     11     15      8     21      8      0     46     13     30     14     13     10     13     39     29     20     23     17     21      1     30      2      3     11      5     24      8     38      6     27     12      2      0      3     12      3      4      8      1      0      5      0      5      0      3      0      0      0      0      0      0      0      0      0      0      0      0      0      0      0      0      0      0      0      0
      0      0      0      0      0      0      0      0      0      0      0      0      0      0      0      0      3      3      0      7      0      0      0      0      0      4      0     11      2      2      0     14     13      4     18     20      3     14     21     22     20     17     13     18     37     11     32     47     35     16     12     35     33     31      6     26      6     17     17     37     24     31      9      5     17     19     17      2      6      2      9      9      0      0      1      2      0      0      0      7      0      0      1      0      0      0      0      0      0      0      0      0      0      0      0      0      0      0      0      0
      0      0      0      0      0      0      0      0      0      0      0      0      0      0      0      0      1      0      0      4      0      7      0      8     10      3      0      9      8     10      1      1      4     10      7     14     20     19     16      8     19     28     25     21     24     11      4     23     25     16     34     42     28     43     45     30     32      5     22     18     18     17      8      9     11     14      1     30      1      3      3      4      0     18      0      9      0      0      1      2      0      0      0      0      0      0      0      0      0      0      0      0      0      0      0      0      0      0      0      0
      0      0      0      0      0      0      0      0      0      0      0      0      7      0      0      2      0      0      0      0      0      2      1     12      1      5      7      5      5      6      5      0     25      5     11     18     38     18     14     19      5     14     23     17     28     25     15     45     52     10     29     36      8     20     32      7     10     44     30     25      9      6     12     19     38      4      0     22      7     11      7      4      2      2      0      2      0      3      0      8      0      0      0      0      0      0      0      0      0      0      0      0      0      0      0      0      0      0      0      0
      0      0      0      0      0      0      0      0      0      0      0      0      1      0      2      0      0      0      0      0      0      4      5      0      6      6      4     24      9      4      5      3      7     18     33     22     51     10     12     26     28     35     26     28     65     36     35     23     30     42     14     30     29     32     22     18     26     32     22     19      3     14     42     24     15      6     24      3      7     21      4     12      0      0      2      0      0      1      1      0      0      0      0      0      0      0      3      0      0      0      0      0      0      0      0      0      0      0      0      0
      0      0      0      0      0      0      0      0      0      0      0      0      0      0      0      0      0      0      0      0      0      1      0     13     24      6     13     11      8      2      3     14      1      8     10     17     12     14     18     30     16     16      5     31     16     33     31     43     42     28     56     54     45     53     39     18     20     13     18     35     22     23     30     25      6      9     11     16     24     14     16     11      1      1      3      1      0      9      1      0      0      0      0      0      0      2      0      0      0      0      0      0      0      0      0      0      0      0      0      0
      0      0      0      0      0      0      0      1      0      0      0      0      0      4      0      0      0      0      0      6      2      3      0     15      0      4     21      0     42     11      8      8     11     16     14     28     49      9     43     14     36     30     24     35     25     57     48     10     34     28     41     22     52     40     29     19     63     24     37     32     12     53     10     35     13     19     25     17     14      3      4      2      0      3      0      3      0      3      0      0      0      0      0      0      0      0      0      0      0      0      0      0      0      0      0      0      0      0      0      0
      0      0      0      0      0      0      0      0      0      0      0      0      0      0      0      0      0      8      0      0      5      2      2      3      0      2      0     20      5      6     15      9      7     20      7     27     40     12     44     36     44     21     20     45     17     31     40     62     24     20     22     33     38     63     39     36     44     38     54     49     19     44     20     15     14     19     41      8      9     12      2     10      0      0      7      0      2      5      3      2      1      5      0      0      0      0      2      0      0      0      0      0      0      0      0      0      0      0      0      0
      0      0      0      0      0      0      0      0      0      0      0      0      0      0      0      0      0      0      0      1      0      7      2      3     23      3      2     19      3      7     25      8     16     24      6      3     24     32     31     41     32     19     54     36      9     54     42     62     53     61     33     47     26     49     50     38     68     33     41     51     51     31     18      7     20     44     20     16     13      8     18      6      6      4     11      0      0      3     17      0      0      0      3      6      0      0      0      0      0      0      0      0      0      0      0      0      0      0      0      0
      0      0      0      0      0      0      0      0      0      0      0      0      0      0      0      0      1      0      0      0      2      4      4      3     12      2      3     18      1     16     32     30     26     38      9     31     17     18     19     28     37     27     46     29     50     75     38     56     61     49     36     41     10     52     50     29     41     30     13     27     22     41     50     28     71     30     37     16     11     40      3     14     11     13      3      3      0      7      7      0      0      0      0      0      0      0      0      0      0      0      0      0      0      2      0      0      1      0      0      0
      0      0      0      0      0      0      0      0      0      0      0      0      0      0      0      0      0      0      4      1      0      0      0      6      8      0      2     11     25      9     12      6      8     16      9     20     13     45     32     38     45     43     35     41     47     47     45     98     38     55     54     52     80     36     65     38     58     40     46     60     40     29     35     42     30     35     44     16     10      7      7      9     13      5      5     10      3     11      4      5      7      1      0      0      0      8      0      1      0      3      0      0      0      0      0      0      0      0      0      0
      0      0      0      0      2      0      0      0      0      0      0      0      0      0      0      0      0     16     13      0      1      7      9      1      4      3     13     29     14     20     22     28     28     34     18     44     48     31     49     36     27     72     46     44     30     53     45     62     60     96     38     94    124     40     54     49     45     65     86     69     40     45     47     25     32     13     44     45     21     23     32     24     16      9      5      3     13      7      0      0      1      0      6      0      0      0      0      1      0      0      0      0      0      0      0      0      0      0      0      0
      0      0      0      0      0      0      0      0      0      0      1      0      0      0      0      0      5      0      0      1      0      0      8      3      1      5     19     13     13      5     17     46     25     12     32     70     32     25     34     22     80     50     48     41     32     54     65     33     68     48     69     63     54     57     40     49     45     83     86     58     17     55     72     38     31     20     13     31     51     18     20     14     16      0      0      5      6     10      0      0      0      2      0      0     12      0      0      0      0      0      0      0      0      0      0      0      0      0      0      0
      0      0      0      0      0      2      0      0      0      0      0      0      0      0      0      0      0      1      0      2     13      2      0      4      9      4      1      3      3      9     17     17     29     26     21     29     15     60     37     58     41     25     70     60     98     47     57     55     79     81     33     67     56     69     57     69     81     48     47     80     33     67     14     21     11     24     28     10     19     21     10      2     18      0     16     12     12      2      2      0      1      0      0      0      0      0      5      0      0      2      3      0      0      0      0      0      0      0      0      0
      0      0      0      0      0      0      0      0      0      0      0      0      0      0      0      3      0      6      1      0      1      0      6      8      0      8      2     16      2     33      6     31     23     26     35     11     47     38     16     52     79     27     55     55     93     63     99     92     59    106     79     72     68     60     63    108     74    116     42     58     66     31     66     33     26     21     37      6     18     14     33     20      3      9      3      3      2      0      5      3      3      0      2      1      0      0      0      0      0      0      0      0      0      0      0      2      0      0      0      0
      0      0      0      0      0      0      0      0      1      0      0      1      9      1      0      4      0      0      0      0      0      4      0      2      6      3     22      7     37     14     11      6     12     27      5     23     53     24     17     35     73     39     51     71     92     85     81    139     83     70    106     49    139     68     60     50     79     50     82     50     45     27     22     45     23     56     31     26      9     23      9     13     14      1     10      2     11      7      1      0      2      0      2      4      0      6      2      0      0      1      0      0      0      0      0      0      0      0      0      0
      0      0      0      0      0      0      0      0      0      0      0      0      0      0      0      0      0      1      1      3     11     18      4      1      8      3     19     12     23      4     12     12     51     16     22     41     66     68     33     46     46     73     74     88    108     77    101     48    132     74    153     79     86     88     65     62     58     77     70     74     41     56     86     40     47     48     20     17     13      9     20     16     18      5      2      3     12      2      5      9      2      0      2     10      0      2      2      0      0      0      0      0      0      0      0      0      0      0      0      0
      0      0      0      0      0      0      0      0      2      0      0      0      0      0      0      0      1      2     13     10      8     12      9      1     10     11     16     20     27     41     34      7     59     85     46     44     33     98     67     52     49     83     53     60     61    121     89     65     82    119     95    111    124    134     84    131     79     88    122     58     64     49     53     35     55     36     37     57     13     18     37     15      8     12      7     17      9      4     18      7      9      0      0      0      4      0      0      0      0      0      0      0      0      0      0      0      0      0      0      0
      0      0      0      0      0      0      3      0      0      0      3      0      6      1      0      0      1      4      2     14      2      5      0      5      8     14     30     18     17      2     33     31     47     22     49     34     26     55     53     57     65    114     62     40    104     73     90     57     79    111     77     78     88     59     89     95    103     77     34     77     57     37     47     45     35     95     37     19     48     18      5     38      5     10     24      0     34     11      9      0      4     13      7      0      0      1      2      0      0      1      0      2      0      0      0      0      0      2      0      0
      0      0      0      0      0      1      0      0      0      0      0      0      0      2      0      5      0      0      0      3      8     20      4     21      5      5     11     37     15      7     38      8     83     21     32     25     55     65     54     67     53     58     91     99    104    105     81     99     81     49     97     71     61     83     79     46     68     86     75     60     69     28     38     68     52     58     31     34     23     26     29      7     13      9      6     10     12      4      7      1      0      2      0      7      0      6      0      0      0      0      0      0      1      0      0      0      0      0      0      0
      0      0      0      0      0      0      0      0      0      3      0      0      6      0      5     12      0      0      0      0      0      4      4      0     18     10     20     26     15     19     18     27     10     72     30     60     36     16     48     71     81     79     59    134     71     78     64     70    127    103     70    104     72     73    105    122     45    111    120    104     52    103     63     74     12     48     60     58     53     21     15     12     19      7     20     14      8      3     10     10      0      0      1      0      0      0      5      0      0      0      0     23      0      0      0      0      0      0      0      0
      0      0      0      0      0      8      0      0      0      0      3      0      0      0      0      3      1      5      9      5     11      0      3      3      5     12      9      7     14     25     32     18     32     29     33     41     54     68     29     42     32     88     60     56     62     71     60     81    107    167     71     52    101     59     83     75     65     53     60     73     94     42     44     21     72     19     11     29     61     11     15     28     23      5     12     24     17     26     17      7      6      5      8      2      0      1      0      0      0      0      0      6      0      0      0      0      0      0      0      0
      0      0      1      0      0      0      0      0      0      0      3      0      2      0      0      2      0      1     10      3      1      2     10      3      2      6     12     23     19     18     19     26     39     47     54     71     18     24     52     73     55     99     64     99     76     55    117    118     92     80     74     85     87     86     41     49     91     88     94     73     40     84     35     32     79     36     20     28     72     28     30     11      7     17     13      5     17      7     13      2      4      3      1      0      2      0      0      0      3      0      0      0      0      0      0      0      0      0      0      0
      0      0      0      0      0      0      0      0      0      3      0      0      0      8      1      0      0     14      6      0      4      8      5      5     11      8     15     19     44     24     27     50     47     34     19     33     67     41     78     58     33     53    112     65    141     84     63     61     64     80     79     79     63     94    106    103     48    102     70     68     58     65     11     33     68     14     60     21     23     32     26     11      0     18      3     14      1     12      3      4      6     12      0      2      0      1      0      1      0      0      0      0      0      0      1      0      0      0      0      0
      0      0      0      0      0      0      0      0      2      0      0      0      5      0      5      0      6      0      0      5     10      3     15      7      2      2     16      9     13      7     23     27     20     13     42     36     36     79     33     61     43     51    101    105     54     72    118     54    114     83     96    104    115    116     86     98     72    104    101     39     89     31     45     62     48     50     33     13     23     24      1      4      8     14     11     27     10     10      8      0      1      1      1      0      0      0      1      0      0      0      0      0      0      0      0      0      0      0      0      0
      0      0      0      0      0      0      0      0      0      0      0      0      0      0      1      0      4      0      6      4      3      6     16     16     13      8     25     21     19      1     27     51     19     42     26     41     32     65     85     33     88     93     69     54     96     61    104     79     95     81     67    101     99    106     66     78    110     70     85     64     85     77     76     47     48     37     60     18     24     36     15     27     19     16     18      3     10      0      6     14      6      3      2      3      5      0      0      4      3      0      0      0      4      0      0      0      0      0      0      0
      0      0      0      0      0      0      3      0      0      7      0      0      0      0      0      2      1      1      1      0      0     21      9     14      0     19     17     12     22     23     26     58     37     48     83     36     60     21     31     70     56     83     51     62     83     83     83     86     73     75     63     78    109     58     66     50     87     61     28     61     60     71     54     84     55     31     54    101     26     22     38     12     16     29     24      4      0      2      0     11     18      0     14      0      0      0      0      0      0      2      0      0      0      0      0      0      0      0      0      0
      0      6      0      0      0      0      0      0      0      1      1      0      0      0      3      0      6      9      7      1      0     13      9     15      9      5     20     11      6     10      8     18     17     27     28     71     13     43     25     90     41     44     90     92    127     36     70     86     97     69     78    107     38     69    104     67     36    103     85     52     34     69     41     34     39     48     37     77     12     39     37      8     12      9      5      6      3      8     10      0      0      5      1      0      0      0      0      0      1      0      0      0      0      0      0      0      0      0      0      0
      0      0      0      0      0      0      0      0      1     12      0      1      0      0      0      0      0      2      0      5      2      7      6      2      0     16     10     29     37     16     39     42     16     21     42     39     55     48     54     42     44     57     84     60     43     89     89    114     58    111     83     68    113    122     75     79     52     83     83     59     43     24     20     42     36     26     30     32     36     55      8     40     12     17      5      4      1     13     38      6     10      7      0      0      0      0      1      0      0      0      0      0      0      0      0      0      0      0      0      0
      0      0      0      0      0      0      0      0      1      0      5      2      0      2      3      0      2      0      0      5      2      4      8      0      0      1      8     13     13     13     17      7     15      4     40     35     56     40     30     55     19     58     15    101     86     68     63     91     77     83     86    109     62    112     79     49    146     36     60     77     52     46     56     44     23     41     45     32     13     27     64      6     29      1     28      4      1      6      0      0      4      4      2      0      0      0      0      4      0      0      0      5      0      0      0      2      0      0      0      0
      0      2      0      1      0      0      0      0      0      0      0      0      7     10      0      5      4      6      2     12      8      2     13     13     14     18      8     12     16     17     25     32     36     15     28     47     36     34     29     68     70     40     73     52     45     57     63    144     46     85     66     67    107     85     63     97     42     57     47    116     70     60     26     22     57     27     48     31     34     38     13      6      5     18      2      2      4      6      0      1      1      1      0     11      0     10      0      0      2      0      0      0      0      0      0      0      0      0      0      0
      0      0      0      0      0      0      0      0      0      0      0      0      5      1      0      6      0     17      1      2      7      0      6     12      5     31      4     13     35     27     16     18     24     28     42     38     18     32     28     27     68     54     89     79     68     95     71     42     46     29     29     57     58     65     51     58     51     59     53     75     62     96     41     53     47     41     48     24     63     13      4     10     17     10      4      0      3      9      5      0      0      0      0      0      9      0      0      0     11      0      0      0      0      0      0      0      0      0      0      0
      0      0      0      0      0      0      0      0      8      0      0      6      0      0      0      0      0      0      8      1     12      0      6      2     28      0      1      7      5      8     26     34      8     41     25     34     32     68     55     14     40     55     60     64     53     39     61     42     63     72     61     50     61     59      7     84     68     59     70     15     15     47     34     35     10     21      9     20      2     17      1      5     12      9      5     13      5      4      4      0      0      4      0      0      0      0      0      0      0      0      0      0      0      0      0      0      0      0      0      0
      0      0      0      0      0      0      0      0      1      0      0      0      0      0      7      6      1      0      0      0      4     11      5      9      5      9      8      8     20     22     14     17     10     36     48     71     30     35     28     45     31     81     54     96     54     59     77     77     48     68     52     41     59     69     35     59     62     73     39     69     70     35     24     39     78      7     24     32     19     31      3     26     17     25      5      3     14      6      0      2      7      2      0      4      0      3      0      3      0      0      0      0      0      0      0      0      0      0      0      0
      0      0      0      0      0      0      0      0      0      0      0      0      8      0      0      0      4      9      0      0      0      2      0      0      2      0      0     14      8     22     13     18     11     10     16     18     19     10     18     22     46     26     37     36     68     44     46     40     35     65     72     21     58     51     56     66     55     64     16     34     46     54     16     41     18      8      9      9     17      3      7     22      7     18     13      3      0      5     15      0      0      4      0      1      0      6      0      0      0      0      0      0      0      0      0      0      0      0      0      0
      0      0      0      0      0      0      0      0      0      0      0      0      0      0      0      0      0      0      0      0      8     26      0      1      5     19     25      8      2     10     12     30     23     20     13     38     39     30     12     22     13     36     84     22     92     68     54     11     50     37     36     51     31     63     59     39     62     68     15     34     59     35     33     16     23     21     45     44      9     17     30      8     17     13      0      7      6      1      7      7      1      1      0      0      0      1      0      0      0      0      0      0      0      0      0      0      0      0      0      0
      0      0      0      0      0      0      0      0      0      0      0      0      0      0      3      0      0      0      0      2      2     18     10      0      5     10     12      2     14     22      9      6     17     12      4     21     36     34     20     26     25     58     41     37     52     33     31     48     88     22     12     49     24     61     57     60     29     17     60     41     22     21     28     17     29     32     22     40     12     12     17      7     19      6      0      0      1      2      6      3      0      2      0      1      2      0      3      0      0      0      0      0      0      0      0      0      0      0      0      0
      0      0      0      0      0      0     11      0      0      0      0      0      2      0      6      6      0      5      0     13      4      6      6      0      0      5      3     15     14     21     14     10     15     19     14      6     10     31     24     49     19     27     77     56     40     37     49     19     46     46     30     37     49    102     32     11     58     39     42     35     50     19     34     16     17      1     17     31     14     16     25      0      4      2     13      0      3     11      0      0      9      1      4      0      2      0      4      0      2      0      0      0      0      0      0      0      0      0      0      0
      0      0      0      0      0      0      0      0      0      0      0      0      0      0      0      0      0      0      0      0      4      0     11      3      9      5      8      4     11      3      1     14     19      7     49     19     13      4     13     25     11     19     33     14     26     35     49     69     15     34     58     32     68      9     31     21     76     42     61     23     54     21      9     16      8     27     20     10      6     13      9     34      4      0     13      2     13      0      0     23      0     10      0      0      0      0      0      0      0      0      0      0      0      0      0      0      0      0      0      0
      0      0      0      0      0      0      0      0      0      0      0      0      1      0      0      0      0      0      0      5      1      5      2      2      4      7      0     12      7      0      8     19      6      1     33     11     39     11     22     12     18     11     22     16     20     31     17     12     34      4     38     28     27     42     31    102     20     38     27     26     19     10     13      2      5     21      0      5     22      6     22      9      9      3      8      3     14      0      0      0      0      0      6      1      0      0      1      0      0      0      0      0      0      0      0      0      0      0      0      0
      0      0      0      0      0      0      0      0      0      0      0      0      0      0      0      0      0      0      1      0      0      3      0      4      5      0     11     12      7     30     14     21     23      1     20      4     23     22     19     12     40      8     39      8     23     24      4     21     36     57      4     36     40     27     16     33     50     16     36      8     21     21     10      0     15     14     27      3     15      8     15      1      3      9      5      1      4      2      0      1      7      0      0      0      0      0      0      1      0      0      0      0      0      0      0      0      0      0      0      0
      0      0      0      0      0      0      0      0      0      0      0      0      5      0      0      2      1      7      5      0      0      2      6      1     19      0      5      6      4      3      5      0      3      1      5     25     20     27     43     37     11     47     25     26     15     51     12     29     14     22     24     23     20     23     16     12     21      1     15     11     32      4      9      5     10     13      8      9      0      9     12      5      5      0      1      8      0      0      0     10      0      0      0      0      0      0      0      0      0      0      0      0      0      0      0      0      0      0      0      0
      0      0      0      0      0      0      0      0      0      0      0      0      0      1      0      0      0      2      0      8      0      0      0      0      5      1     14     11      0     15      0      7      1      7     25     23     14     13      2      0      6     30     15     20      4     16     19     16     10     31     10     16      5      8     41      6     23      2      8     15     16      3     25     16      4     15     15     13      5     14      0      3      5     16      0      0      1      6      0      0      0      0      0      7      0      0      0      0      0      0      0      0      0      0      0      0      0      0      0      0
      0      0      0      0      0      0      0      0      0      0      0      0      0      0      0      0      0      0      1      0      0      1     15      9      0      3     10      0      0      4      9      2      8     14      0      9      8      5     40     14      8     19     32     40      6      6     24     29     30     49     11     15     25     48     25     20     32      2      2      2      1      7     15      9     16     24      5     10     15      0      2      1      1      2      0      0      8      8      0      2      0      5      9      0      0      0      0      0      0      0      0      0      0      0      0      0      0      0      0      0
      0      0      0      0      5      0      0      1      0      0      0      0      0      0      0      2      0      0      0      0      1      0      3      7      0      3      0      0      2      8     17      5     14      7      9      6      3      2      0      6     31     40      0      8     40     13      3     28      4     20      4     20      9     19     12     11      4      7      5     16     12      3      6      4     17     22      1      6      2      2      0     16      1     15      0      0      0      5      2      0      0      0      0      0      0      0      0      0      0      0      0      0      0      0      0      0      0      0      0      0
      0      0      0      0      0      0      0      0      0      0      0      0      0      0      2      0      0     12      0      0      0      0      1      0      0      2      1      0      0     20      0      0      3     24      1      8      3      6      7      5      2      2     11     14     13     24      0     17     28     20     25     17     16      4     13      0      9     16      5     10      4     14      7      8      2      0     12      1      0     14      3      0      0      0      0      0      4      0      0      0      0      0      0      0      0      0      0      0      0      0      0      0      0     19      0      0      0      0      0      0
      0      0      0      0      0      0      0      0      0      0      0      0      0      0      0      0      0      0      0      0      0      0      0      0      0      0      0      0      0     10     12      0      1      8     11     21      4      0     15      1      8     18      5      0      7     12      7      0     24     16     31     20     18      8     17      5     13      1      9     10      9      8     17      1      2      4      6      0      2      6      0      0     15      0      0      0      6      0      0      0      0      0      0      0      0      0      0      0      0      0      0      0      0      0      0      0      0      0      0      0
      0      0      0      0      0      0      0      0      0      0      0      0      0      0      0      0      0      0      0     11      0      0      0      3      0      0      2      1      1     12      4      0      0      8      2     30     14      0      0      0      0      3      0     11      1      0      9      0     11      3      0     17      8      5     16      5      7     11      9      4      3      9      1      6     11      0      6      0      0      5      0     22      0      0      0      0      0      0      0      0      0      0      0      0      0      0      0      0      0      0      0      0      0      0      0      0      0      0      0      0
      0      0      0      0      0      0      0      0      0      0      0      0      0      0      0      0      0      0      0      0      0      0      0      0      3      0      0      0      0      1      1      0      0      6      1      0     21     20      6     23      1      3      2     13      3      9     14      0      3      8      1     18     21      2     10     21      0      1     13      1      4      7     12      0      0      0      7      3      4      0      0      3      1      0      1      0      1      0      0      0      0      0      0      0      0      0      0      0      0      0      0      0      0      0      0      0      0      0      0      0
      0      0      0      0      0      0      0      0      0      0      0      0      0      0      0      0      0      0      0      0      0      3      0      0      0      3      0      2      0      1      1      0      2      0      3      3      5     11     22      9     26      9      8      0      1      6     15     26      8      0      2      5     12     12     20     52      0     11      5      4      2      2      1      5      4      9      2      0      2      0      0      0      0      0      0      0      1      6      0      4      0      0      0      0      0      0      0      0      0      0      0      0      0      0      0      0      0      0      0      0
      0      0      0      0      0      0      0      0      0      0      0      0      0      0      0      0      0      0      0      0      0      0      0     11      0      0      0      0      0      0      2      4      0      1      0      0      2      0      0      0      1      6      8      0      0      0     11     21     34      2     13      7      3      2      0      3      3     10      2      2      1     12      7      7      9     11      8      0      0      7      0      0      0      0      2      0      0      2      0      0      5      0      0      0      0      0      0      0      0      0      0      0      0      0      0      0      0      0      0      0
      0      0      0      0      0      0      0      0      0      0      0      0      0      0      0      0      0      0      0      2      0      0      0      1      0      0      0      0      0      0      0      0      0      3      0      5      0      3      1      6      2      0      0      5      3      0      5     26     10     11     15     12      1      4     23     27     11      3      3      6      1      0      0      2      0      0      0      7      4      0      0      0      0      0      0      0      0      0      0     13      0      0      0      0      0      0      0      0      0      0      0      0      0      0      0      0      0      0      0      0
      0      0      0      0      0      0      0      0      0      0      0      0      0      0      0      0      3      0      0      0      0      0      0      0      0      0      0      0      0      1      0      0      0     12      0      0      0      4      1      0      0      1      2      3      6      0      4      0      2      0      5      0      0      0      5      2      4      0      0      2      0      3      0      0      0      0      7      0      0      0      0      0      0      0      0      0      0      0      0      0      0      0      0      0      0      0      0      0      0      0      0      0      0      0      0      0      0      0      0      0
      0      0      0      0      0      0      0      0      0      0      0      0      0      0      0      0      0      0      6      0      0      0      0      0      2      0      0      0      0      0      2      0      0      0      5      0      0      0      9      5      0      4      7      2      0     13      1      0      0      1      0      0      3      1      0      3      1      0      0      3      0      0      0      0      0      2      0     12      0      0      0      0      0      0      0      0      0      0      0      0      0      0      0      0      0      0      0      0      0      0      0      0      0      0      0      0      0      0      0      0
      0      0      0      0      0      0      0      0      0      0      0      0      0      0      0      0      0      1      0      0      0      0      0      0      0      0      0      0      0      0      1      0      0      0      0      0      0      0      0      0      0     11      7      9      0      1      2      3      6      0      5      0      2      0      0      0      0      0      0      0      0      0      0      2      0      0      6      0      0      0      0      0      0      0      0      1      0      0      3      0      0      0      0      0      0      0      0      0      0      0      0      0      0      0      0      0      0      0      0      0
      0      0      0      0      0      0      0      0      0      0      0      0      0      0      0      0      4      0      0      0      0      0      0      0      0      0      0      0      0      0      0      0      2      1      0      0      0      0      0      0      0      0      0      3      0      0      0      0      0      0      1      0      4      0      4      0      4      0      0      0      0      2      0      0      0      2      0      0      0      0      0      0      0      0      0      0      0      0      0      0      0      0      0      0      0      0      0      0      0      0      0      0      0      0      0      0      0      0      0      0
      0      0      0      0      0      0      0      0      0      0      0      0      0      0      0      0      1      0      0      0      0      0      0      1      0      0      0      0      4      0      0      0      0      0      0      0     11      0      0      0      0      0     15      0      2      1     10      2      1      3      0      0      0      0      0      0      2      0      0      0      5      0      0      1      0      1      0      0      0      0      0      0      0      0      0      0      0      0      0      0      7      2      0      0      0      0      0      0      0      0      0      0      0      0      0      0      0      0      0      0
      0      0      0      0      0      0      0      0      0      0      0      0      0      0      0      0      0      0      0      0      0      0      0      0      0      0      0      0      0      0      0      7      2      1      0      0      0      8      0     11      0      0     12      0      0      0      8      0      0      0      0      4      0      2      0      0      0      0      0      2      0      0      0      0      0      0      0      0      0      0      0      0      2      1      0      0      0      0      0      0      0      0      0      0      0      0      0      0      0      0      0      0      0      0      0      0      0      0      0      0
      0      0      0      0      0      0      0      0      0      0      0      0      0      0      0      0      0      0      0      0      0      0      0      0      0      0      0      0      0      0      0      0      0      0      0      0      0      0      0      0      0      0      0      0      0      0      0      0      0      0      4      0      0      0      2      0      0      0      0      0      0      0      0      0      0      0      0      0      0      0      0      0      0      0      0      0      0      0      0      0      0      0      0      0      0      0      0      0      0      0      0      0      0      0      0      0      0      0      0      0
      0      0      0      0      0      0      0      0      0      0      0      0      0      0      0      0      0      0      0      0      0      0      0      0      0      0      0      0      4      0      4      0      0      0      0      0      0      0      0      0      0      0      0      0      0      0      0      0      0      3      0      3      1      0      0      0      0      0      0      0      0      3      0      0      0      0      0      0      0      0      0      0      0      0      0      0      0      0      0      0      0      0      0      0      0      0      0      0      0      0      0      0      0      0      0      0      0      0      0      0
      0      0      0      0      0      0      0      0      0      0      0      0      0      0      0      0      0      0      0      0      0      0      0      0      0      0      0      0      0      0      0      0      0      0      0      0      0      0      0      2      0      0      0      0      0      0      0      3      0      0      0      1      0      0      0      0      0      0      9      0      0      0      0      0      0      0      0      0      0      2      0      0      0      0      0      0      0      0      0      0      0      0      0      0      0      0      0      0      0      0      0      0      0      0      0      0      0      0      0      0
      0      0      0      0      0      0      0      0      0      0      0      0      0      0      0      0      0      0      0      0      0      0      0      0      0      0      0      0      0      0      0      0      0      0      0      0      0      0      0      0      0      0      6      0      0      0      0      0      0      0      4      0      4      0      3      0      0      0      0      0      0      1      0      0      0      0      0      0      0      0      0      0      0      0      0      0      0      0      0      0      0      0      0      0      0      0      0      0      0      0      0      0      0      0      0      0      0      0      0      0
      0      0      0      0      0      0      0      0      0      0      0      0      0      0      0      0      0      0      0      0      0      0      0      0      0      0      0      0      0      0      0      0      0      0      0      0      0      0      0      1      0      0      0      0      0      0      9      0      0      0      0      0      0      0      0      0      0      0      0      0      0      0      0      0      0      0      0      0      0      1      0      0      0      0      0      0      0      0      0      0      0      0      0      0      0      0      0      0      0      0      0      0      0      0      0      0      0      0      0      0
      0      0      0      0      0      0      0      0      0      0      0      0      0      0      0      0      0      0      0      0      0      0      0      0      0      0      0      0      0      0      0      0      0      0      0      0      0      0      8      0      0      0      0      2      0      0      0      0      0      1      0      0      0      0      0      0      0      0      0      0      0      0      0      0      0      0      0      0      0      0      0      0      0      0      0      0      0      0      0      0      0      0      0      0      0      0      0      0      0      0      0      0      0      0      0      0      0      0      0      0
      0      0      0      0      0      0      0      0      0      0      0      0      0      0      0      0      0      0      0      0      0      0      0      0      0      0      9      0      0      0      0      0      0      0      0      0      0      0      7      0      0      2      0      0      0      0      0      0      0      0      0      0      0      0      9      0      0      0      0      0      0      0      0      0      0      0      0      0      0      0      0      0      0      0      0      0      0      0      0      0      0      0      0      0      0      0      0      0      0      0      0      0      0      0      0      0      0      0      0      0
      0      0      0      0      0      0      0      0      0      0      0      0      0      0      0      0      0      0      0      0      0      0      0      0      0      0      0      0      0      0      0      0      0      0      0      0      0      0      0      0      0      1      1      0      0      0      0      0      0      0      0      0      0      0      0      0      0      0      1      0      0      0      0      0      0      0      0      0      0      0      0      0      0      0      0      0      0      0      0      0      0      0      0      0      0      0      0      0      0      0      0      0      0      0      0      0      0      0      0      0
      0      0      0      0      0      0      0      0      0      0      0      0      0      0      0      0      0      0      0      0      0      0      0      0      0      0      0      0      0      0      0      0      0      0      0      0      0      0      0      0      0      0      0      0      0      0      0      0      0      0      0      0      0      0      0      0      0      0      0      0      0      0      0      0      0      0      0      0      0      0      0      0      0      0      0      0      0      0      0      0      0      0      0      0      0      0      0      0      0      0      0      0      0      0      0      0      0      0      0      0
      0      0      0      0      0      0      0      0      0      0      0      0      0      0      0      0      0      0      0      0      0      0      0      0      0      0      0      0      0      0      0      0      0      0      0      0      0      0      0      0      0      0      0      0      0      0      0      0      0      0      0      0      0      0      0      0      0      0      0      0      0      0      0      0      0      0      0      0      0      0      0      0      0      0      0      0      0      0      0      0      0      0      0      0      0      0      0      0      0      0      0      0      0      0      0      0      0      0      0      0
      0      0      0      0      0      0      0      0      0      0      0      0      0      0      0      0      0      0      0      0      0      0      0      0      0      0      0      0      0      0      0      0      0      0      0      0      0      0      0      0      0      0      0      0      0      0      0      0      0      0      0      0      0      0      0      0      0      0      0      0      0      0      0      0      0      0      0      0      0      0      0      0      0      0      0      0      0      0      0      0      0      0      0      0      0      0      0      0      0      0      0      0      0      0      0      0      0      0      0      0
      0      0      0      0      0      0      0      0      0      0      0      0      0      0      0      0      0      0      0      0      0      0      0      0      0      0      0      0      0      0      0      0      0      0      0      0      0      0      0      0      0      0      0      0      0      0      0      0      0      0      0      0      0      0      0      0      0      0      0      0      0      0      0      0      0      0      0      0      0      0      0      0      0      0      0      0      0      0      0      0      0      0      0      0      0      0      0      0      0      0      0      0      0      0      0      0      0      0      0      0
      0      0      0      0      0      0      0      0      0      0      0      0      0      0      0      0      0      0      0      0      0      0      0      0      0      0      0      0      0      0      0      0      0      0      0      0      0      0      0      0      0      0      0      0      0      0      0      0      0      0      0      0      0      0      0      0      0      0      0      0      0      0      0      0      0      0      0      0      0      2      0      0      0      0      0      0      0      0      0      0      0      0      0      0      0      0      0      0      0      0      0      0      0      0      0      0      0      0      0      0
