\ 
\ Covariance Function Histogram Table
\ 
\ X Parameter: e cosine omega
\ X Abbrev   : ecosw
\ X Units    : none
\ X Items    : 99          
\ 
\ Y Parameter: Stellar Mass
\ Y Abbrev   : M*
\ Y Units    : Msun
\ Y Items    : 100         
\ 
|col000|col001|col002|col003|col004|col005|col006|col007|col008|col009|col010|col011|col012|col013|col014|col015|col016|col017|col018|col019|col020|col021|col022|col023|col024|col025|col026|col027|col028|col029|col030|col031|col032|col033|col034|col035|col036|col037|col038|col039|col040|col041|col042|col043|col044|col045|col046|col047|col048|col049|col050|col051|col052|col053|col054|col055|col056|col057|col058|col059|col060|col061|col062|col063|col064|col065|col066|col067|col068|col069|col070|col071|col072|col073|col074|col075|col076|col077|col078|col079|col080|col081|col082|col083|col084|col085|col086|col087|col088|col089|col090|col091|col092|col093|col094|col095|col096|col097|col098|col099|
|int   |int   |int   |int   |int   |int   |int   |int   |int   |int   |int   |int   |int   |int   |int   |int   |int   |int   |int   |int   |int   |int   |int   |int   |int   |int   |int   |int   |int   |int   |int   |int   |int   |int   |int   |int   |int   |int   |int   |int   |int   |int   |int   |int   |int   |int   |int   |int   |int   |int   |int   |int   |int   |int   |int   |int   |int   |int   |int   |int   |int   |int   |int   |int   |int   |int   |int   |int   |int   |int   |int   |int   |int   |int   |int   |int   |int   |int   |int   |int   |int   |int   |int   |int   |int   |int   |int   |int   |int   |int   |int   |int   |int   |int   |int   |int   |int   |int   |int   |int   |
      0      0      0      0      0      0      0      0      0      0      0      0      0      0      0      0      0      0      0      0      0      0      0      0      0      0      0      0      0      0      0      0      0      0      0      0      0      0      0      0      0      0      0      0      0      0      0      0      0      0      0      0      0      0      0      0      0      0      0      0      0      0      0      0      0      0      0      0      0      0      0      0      0      0      0      0      0      0      0      0      0      0      0      0      0      0      0      0      0      0      0      0      0      0      0      0      0      0      0      0
      0      0      0      0      0      0      0      0      0      0      0      0      0      0      0      0      0      0      0      0      0      0      0      0      0      0      0      0      0      0      0      0      0      0      0      0      0      0      0      0      0      0      0      0      0      0      0      0      0      0      0      0      0      0      0      0      0      0      0      0      0      0      0      0      0      0      0      0      0      0      0      0      0      0      0      0      0      0      0      0      0      0      0      0      0      0      0      0      0      0      0      0      0      0      0      0      0      0      0      0
      0      0      0      0      0      0      0      0      0      0      0      0      0      0      0      0      0      0      0      0      0      0      0      0      1      0      0      0      0      0      0      0      0      0      0      0      0      0      0      0      0      0      0      0      0      0      0      0      0      0      0      0      0      0      0      0      0      0      0      0      0      0      0      0      0      0      0      0      0      0      0      0      0      0      0      0      0      0      0      0      0      0      0      0      0      0      0      0      0      0      0      0      0      0      0      0      0      0      0      0
      0      0      0      0      0      0      0      0      0      0      0      0      0      0      0      0      0      0      0      0      0      0      0      0      0      0      0      0      0      0      0      0      0      0      0      0      0      0      0      0      0      0      0      0      0      0      0      0      0      0      0      0      0      0      0      0      0      0      0      0      0      0      0      0      0      0      0      0      0      0      0      0      0      0      0      0      0      0      0      0      0      0      0      0      0      0      0      0      0      0      0      0      0      0      0      0      0      0      0      0
      0      0      0      0      0      0      0      0      0      0      0      0      0      0      0      0      0      0      0      0      0      0      0      0      0      0      0      0      0      0      0      0      0      0      0      0      0      0      0      0      0      0      0      1      0      0      0      0      0      0      0      0      2      0      0      0      0      0      0      0      0      0      0      0      0      0      0      0      0      0      0      0      0      0      0      0      0      0      0      0      0      0      0      0      0      0      0      0      0      0      0      0      0      0      0      0      0      0      0      0
      0      0      0      0      0      0      0      0      0      0      0      0      0      0      0      0      5      0      0      0      0      0      0      0      0      0      0      0      0      5      0      0      4      0      0      0      1      0      0      3      4      0      0      1      0      0      0      0      0      0      0      0      4      0      0      0      0      0      0      7      1      0      0      0      0      0      0      4      0      0      0      0      0      0      0      0      0      0      0      0      0      0      0      0      0      0      0      0      0      0      0      0      0      0      0      0      0      0      0      0
      0      0      0      0      0      0      0      0      0      0      0      0      0      0      0      0      0      0      0      0      0      0      0      0      0      0      0      0      0      3      0      0      0      2      3      5      0     10      0      0      0      0      0      2      0      0      2      0      0      8      1      2      0      0      1      3      0      0      6      5      0      0      0      3      5      2      0      4      7      0      0      0      0      0      0      2      0      0      0      0      0      0      0      0      0      0      0      0      0      0      0      0      0      0      0      0      0      0      0      0
      0      0      0      0      0      0      0      0      0      0      0      0      0      0      0      0      0      0      0      0      0      0      0      0      1      0      0      1      0      0      0      0      2      2      0      0      0      0      0      0      0      0      0      1      9      0      0      1      5     15      1      0      2      0      5      5      0      0      0      1      0      1      4      1      7      0     11      6      4      7      0      0      0      0      0      0      0      0      0      0      0      0      0      0      0      0      0      0      0      0      0      0      0      0      0      0      0      0      0      0
      0      0      0      0      0      0      0      0      0      0      0      0      0      0      0      0      0      0      0      0      0      0      0      3      1      0      0      0      0      0      0      0      0      0      0      0      0      0      0      0      0      0      0      2      0      0     16      1      0      4      0      1      2      0      0      4      1      0      3      5      9      2      0      0      0      5      1      0      0      0      0      0      0      0      0      0      0      0      0      0      0      0      0      0      0      0      0      0      0      0      0      0      0      0      0      0      0      0      0      0
      0      0      0      0      0      0      0      0      0      0      0      0      0      0      0      0      0      0      0      0      0      0      0      0      0      9      0      0      1      0      7      0      0      0      0      0      0      0      0      0      0     23      0      1      0      0      2      0      0      2      0      5      7      0      3      1      1      0      2      0      0     10      0      2      6      1      0      0      2      1      0      3      0      0      0      0      0      0      0      0      0      0      0      0      0      0      0      0      0      0      0      0      0      0      0      0      0      0      0      0
      0      0      0      0      0      0      0      0      0      0      0      0      0      0      0      0      0      0      0      0      0      0      0      0      0      0      0      0      0      0      0      0      3      0      0      0     11      1      0      0      6      0      0      2      0      0      0      3      8      0      0      1      0      2      5     24      2      1      0      0      0      0      0      7      0      1      0      3      0      0      0      4      0      1      0      0      0      0      0      0      0      0      0      0      0      0      0      0      0      0      0      0      0      0      0      0      0      0      0      0
      0      0      0      0      0      0      0      0      0      0      0      0      0      0      0      4      0      0      0      0      0      0      0      1      0      0      0      0      0      8      4      0      3      0      5      0      0      0      0      0      1      8      0      1      4      0      7      1      6      0      1      0      0      3      1      2      0      0      0      9      0      0      0      1      0      3      0      0      0     10      0      0      0      0      6      0      3      0      0      0      0      0      0      0      0      0      0      0      0      0      0      0      0      0      0      0      0      0      0      0
      0      0      0      0      0      0      0      0      0      0      0      0      0      0      0      0      0      0      0      0      0      0      0      0      0      0      0      0      0      0      0      0      0      0      8      0      0      6      3      0     13      4      0      0      0      1      0      5      0      4      0      2      0      0      4      9      0      0      0      0      1      2      0      0      0      3      0      0      0      0      0      2      0      7      0      0      0      0      0      0      0      0      4      0      0      0      0      0      0      0      0      0      0      0      0      0      0      0      0      0
      0      0      0      0      0      0      0      0      0      0      0      0      0      0      0      0      0      0      0      0      0      4      0      0      4      0      0      1      0      0      2      0      0      0      1      0      0      3      0      0      0      0      0      0      2      2     14      0      0      1      0      0      0     11      1      0      5      0      3      0      0      0      4      0      9      1      0      0      9      0      0     14      0      0      1      0      0      0      0      0      0      0      0      0      0      0      0      0      0      0      0      0      0      0      0      0      0      0      0      0
      0      0      0      0      0      0      0      0      0      0      0      0      0      0      0      0      0      0      0      0      0      0      0      0      0      0      0      0      2      0      0      0      0      1      8      0      0      5     13      2      0      2      2      0      4      0      0      3      0      0      2      0      5      1      2      2      0      9     24     11      9      0      1      0      0      0      0      0      0      0      0      0      0      3      0      0      0      0      0      0      2      0      0      0      0      0      0      0      0      0      0      0      0      0      0      0      0      0      0      0
      0      0      0      0      0      0      0      0      0      0      0      0      0      0      0      0      0      0      0      0      0      0      0      0      0      0      0      0      2      0      1      0      0      7      0      0      1      0      0      6      0      0     14      8      1      0      6      6      3      0      0      4      9      3      3      1      3      6      5     11      0      3      5      1      1      0      3      0      0      0      4      0      4      0      0      0      0      2      0      0      0      0      4      0      0      0      0      0      0      0      0      0      0      0      0      0      0      0      0      0
      0      0      0      0      0      0      0      0      0      0      0      0      0      0      0      0      0      0      0      0      0      0      0      0      0      0      0      1      0      1      0      2      2      2      4      0      4      4      0     16      0     10     13      4      0      5      5     17      1      0      5      0      2     15      0      0     26      0      8      5      0      0      3      0      0      2      1      0      2      1      0      0      0      0      0      0      0      0      2      0      0      0      0      0      0      0      0      0      0      0      0      0      0      0      0      0      0      0      0      0
      0      0      0      0      0      0      0      0      0      0      0      0      0      0      0      0      0      0      0      0      0      0      0      0      0      0      0      3      0      3      0      0      2      5      7      0      0     10      5     29      3      3      0      1      2      0      4      0     13      9      8     10     12      0      5      0     13      0      2      2     12      0      0      1      7      0      0      4      1      0      1      2      0      0      0      0      0      2      1      0      0      0      2      0      0      0      0      0      0      0      0      0      0      0      0      0      0      0      0      0
      0      0      0      0      0      0      0      0      0      0      0      0      0      0      0      0      0      0      0      0      0      0      0      0      0      4      0     13      1      8      0      2      0     11      1     10      2     11      8      5      2     12      5      8      1      1     15      6      1      2      0      0      6      0      7      2      2      9      5      0      0      8      3      0      3      4      4      4      0      3      0      0      0      1      1      0      0      0      0      0      2      0      0      0      0      0      3      0      0      0      0      0      0      0      0      0      0      0      0      0
      0      0      0      0      0      0      0      0      0      0      0      0      0      0      0      0      0      0      0      0      0      0      0      0      0     14      0      1      1      7      0      0      1      5      8      1      0      2     22      8     11      3     17      6      6      6      9      0      0      7      1     11      7      6      5      1      0      1      5      2      1      0      0      1      6      0      7      0     12      0      0      7     11      0      0      0      0      0      1      0      0      0      0      0      0      0      0      0      0      0      0      0      0      0      0      0      0      0      0      0
      0      0      0      0      0      0      0      0      0      0      0      0      0      0      0      0      0      0      0      0      0      0      0      0      0      0      1      0      1      0      1      1      4      7      0      0      1      0      0      6     11     12      8      7     11      5      9      8     14      0      2      9      8      6      2      4      3      0      0      1      0      2      0      0      0      4      4      4      0      0      0      0      0      0      1      0      5      0      0      0      0      0      0      0      0      0      0      0      0      0      0      0      0      0      0      0      0      0      0      0
      0      0      0      0      0      0      0      0      0      0      0      0      0      0      0      0      0      0      0      0      0      0      0      2      0      0      0      0      0      2      1      1      3      0      0      0      1      2      2      5      3     14     16      3      9      5      3     18      3      2      0      2      1      2      2      0      4     17      3      2      2      2      5      0      0      0      0      0      1      0      2      9      2      0      0      0      0      0      5      0      0      0      0      0      0      0      0      0      0      0      0      0      0      0      0      0      0      0      0      0
      0      0      0      0      0      0      0      0      0      0      0      0      0      9      0      0      0      0      0      0      0      0      0      0      3      0      3      1      0      0      2      9      0     18      5     11      1      2      3      6     10     12     14      4      4      4      0      3     14      2      2      4      5      0      5      0      2      1     11     12     12      2      3      4      0      2      0      0      1      0      1      0      0     11      0      1      0      0      0      0      0      0      0      0      0      0      0      2      0      0      0      0      0      0      0      0      0      0      0      0
      0      0      0      0      0      0      0      0      0      0      0      0      0      0      0      0      0      4      0      0      0      0      0      0      1      1      0      0      0     12      1      4      8      1      1      4      5      1     17      2      0      9      1     22      1      8     23      4     25      2      0      1      2      7     19     11      7      0      5      0     16     14      0      3      0      0      0      0      0      0      0      2      0      4      6      0      0      0      3      2      0      0      1      0      1      0      0      0      0      0      0      0      0      0      0      0      0      0      0      0
      0      0      0      0      0      0      0      0      0      0      0      0      0      0      0      0      0      0      0      0      0      0      3      0      0      1      0      4      2      4      0      3      4      6      3     18      6      0      2      8      5      0      6      6      8     20      9      0      0     12      8      1      5      3     16      3      9      8      4      3      0      0      1      0      9      2      4      8      0      5      1      0      0      0      0      1      1      1      0      0      0      0      0      0      5      0      0      0      0      0      0      0      0      0      0      0      0      0      0      0
      0      0      0      0      0      0      0      0      0      0      0      0      0      0      0      0      0      2      0      0      4      4      2      0      0      2      0      1      0      5      9      7      0      0      3      8     19      5      3      6      9      8     19      8      8      9      4      5     14     14      2     20     19      6      5      6      1      1      3      3     16      0      6      5      2      4     10      4      0      1      0      4      7      0      0      0      0      0      0      0      1      0      0      0      0      0      0      0      0      0      0      0      0      0      0      0      0      0      0      0
      0      0      0      0      0      0      0      0      0      0      0      0      0      0      0      0      0      0      3      0      0      0      0      0      0      0      0      0      0      0      3     11      8      8      6      1      0      6      3      8      2     16      2     13      4      5     12     14     20     12     37     13     26     26     17     18     11     17     14      2      9      6      0      8      4     14      6      1      2      0      1      8      1      0      0      0      0      0      6      0      0      0      0      0      0      0      0      0      0      0      0      0      0      0      0      0      0      0      0      0
      0      0      0      0      0      0      0      0      0      0      0      0      0      0     15      0      0      3      0      4      0      0      0      0     13      1      4      5      0     11      0     37      9      3      5     27      2      4     17     31     23     11     10     15     15     28     40     17     22      9     12     10     18      8     22     27      7      2     14     17     16      5     17      5     19     18      4     15      2      0      0     12     12      0      1      0      0      0      0      0      0      0      0      2      0      0      0      0      0      0      0      0      0      0      0      0      0      0      0      0
      0      0      0      0      0      0      0      0      0      0      0      0      5      0      0      7      0      0      0      0      2      0      1      1      0     12     12      4      1      1     22     16      8      5      0     16      9     14      7      6     10      8     19     47     17     10      1      7     13     21      7      0     19     22      6      5     35      7     14     15      9      6      3     10      9     15      4      3      6      0      0      1      0      3      9      8      2      0      0      0      0      0      0      0      0      0      0      0      0      0      0      0      0      0      0      0      0      0      0      0
      0      0      0      0      0      0      0      0      0      0      0      0      0      0      0      0      0      0      0      0      0      0      0      0      0      0      4      3     17     11      2      3     17     15     14      5     20      8      8      3      4      3     17     18     13     15      8     22     21      7     54     20     45     22     12      1     11     16     21      9     15      3      9      5     16      4     14      9      3     13      0      2      0      2      0      0      0      2      0      0      1      0      0      0      0      0      0      0      0      0      0      0      0      0      0      0      0      0      0      0
      0      0      0      0      0      0      0      0      0      0      0      0      0      0      0      0      0      2      3      3      1      4      3      2      1      3      4      0      5      7      5     15     12      1     31      2     10     16     24     30      0     48     13     19     45     21     24     21     27     41     15     23      4     42      6     24     17      1      8     18     23     13      3      8     15     32      6      6      1      3      0      5     11     10      0      2      3      0      0      0      0      0      0      0      0      0      0      0      0      0      0      0      0      0      0      0      0      0      0      0
      0      0      0      0      0      0      0      0      0      0      0      0      0      0      0      0      2      0      0      7      0      0      2     10      0      3      0      5      2      3     26     12      6      8      2     13     19     41     20     16     23     24     31     58     54     13     24     28     30     45     18     39     37     25     31     29     40     25     38     60     15      7     29     12     20     27     14      6      2      8      3     11      0      9     17      4      1      0      0      0      9      1      0      0      0      0      0      0      0      0      0      0      0      0      0      0      0      0      0      0
      0      0      0      0      0      0      0      0      0      0      0      0      0      0      0      0      0      0      0      0      2      3     21      3      3      2     12      1      4      1     14     16      4     18     16      8     20     20     25     13     35     57     21      4     29     18     22     33     36     44     34     29     29     32     16     16     12     18     20     17     21     10     11     11      8      2     18      6     12      6     16      4      0     17      2      3      2      0      1      1      0      0      0      0      0      0      0      0      0      2      0      0      0      0      0      0      0      0      0      0
      0      0      0      0      0      0      0      0      0      0      0      0      0      7      0      0      2      0      4      0      0      0      2     18      9      3      0      0     23     13      8     24     26     10     21     46     22     15     44     31     22      8     23     15     29     32     30     19     20     12     12     30     27     35      8     32     35     48     24     40     25     14     40      9     22     25     22     17      7      3     13      0     13      0      3      0      1      0      0      4      0      0      8      0      0      0      0      0      0      0      3      0      0      1      0      0      0      0      0      0
      0      0      0      0      0      0      0      0      0      0      0      0      0      0      1      0      0      0      0      0      1      2      3      4      0     15      1     18      5     24      9     25     25     10      7     20     29     27     11     28     19     56     48     20     53     37     43     61     51     31     56     34     47     22     41     34     18     37     14     48     15     16     19     18     27     13     19     16      3     10     12     15      1     16      6      0      1      2      0      1      0      0      0      0      4      0      0      0      0      0      0      0      0      0      0      0      0      0      0      0
      0      0      0      0      0      0      0      0      0      0      0      0      0      0      0      0      0      0      2      0      2     19      9     16      9      8     14     14     11      9     10     13     20     10     13     25     25     13     41     17     29     35     45     22     28     46     32     36     58     60     26     50     68     34     33     26     31     10     32     15     26     44     31     21     33     13     18     14      8     16      5      3      1      3      1      2     13      3      2      0      0      0      0      0      0      0      0      0      4      0      0      0      0      0      0      0      0      0      0      0
      0      0      0      0      0      0      0      0      0      1      0      0      0      0      0      6      2      0      0      0      6      0      7      3      6      9      3      5      2     15      1     13      9      7     22     16     53     18      1     36     40     63     32     59     40     78     61     41     33     43     64     29     17     36     40     66     40     21     47     29     48     47     21     34     14     26     17      7     21     35     10      4     19      4      3      2      0      4      0      9      4      0      0      0      0      0      0      0      0      0      0      0      0      0      0      0      0      0      0      0
      0      0      0      0      0      0      0      0      0      0      0      0      0      0      0      1      0      0      0      0      0      5      3      1      5     19      0     20      7      4     15     11     26     20      4     30     46     35     30     29     32     11     35     31     55     19     46     63     62     78     30     38     76     57     62     34     96     31     56     34     75     18     36     50     23     19     14      7     17      8     13     13      4      6     18     11      5      0      0      6      7      0     15      0      0      2      0      0      0      3      2      0      0      0      0      0      0      0      0      0
      0      0      0      0      0      0      0      0      0      0      0      0      0      0      0      0      2      0      0      1      0      1      0      1      5      2      4      7     14     33     29     38      5     20     43     12     47     30     71     22     77     58     50     62     84     26     57     20     61     52     87     79     55     85     19     31     40     43     30     21     58     28     46     35     18     49     25     18     24      4     29      5     11      5      4      3      1      8      5      0      0      0      0      6      0      0      5      0      0      0      4      0      0      0      0      0      0      0      0      0
      0      0      0      0      0      0      0      0      0      0      0      0      0      0      0      0      0      0      2      0      7      1      5      4      8      6      7     12     40      0     11     16     36     27     26     12     61     23     34     49     44     39     43     47     48     41     85     81     32     86     84     40     32     48     44     79     48     66     55     56     13     54     54     46     85     29      9     19     24     15      7      8      4      7      3     14      3     11      0      0      3      0      0      0      0      1      0      0      0      0      0      0      0      0      0      0      0      0      0      0
      0      0      0      0      0      0      0      2      0      0      0      0      0      0      3      0      0      0      0      0     13     14     15      0      0      5     14      8     18     21     21     37     16     40     38     14     34     36     40     38     22     68     75     65     47     25     69     34     74     37     73     60     63     48     84     47     49     31     29     43     38     36     34     55     51     24     39     24      8     20     34     32      5     22     11      1      5     15      2      0      0      0      4      2      6      0      0      5      3      0      1      0      0      0      0      2      0      0      0      0
      0      0      0      0      0      0      0      0      0      0      0      0      0      0      0     12      1      7      5      5      1     12      0      3      5     21     13     13     19     25     40     24     30     12     54     28     48     58     43     41     40     53     50     72     36     87     92     71     53     67     92    106     84     93     62     43     42     88     43     56     49     57     34     52     22     25     19     38     10      5      3     19      7      3      2     27      2      0      0      3      6      2      0      6      6      0      0      0      1      0      0      0      0      0      0      0      0      0      0      0
      0      0      0      0      0      0      0      0      0      0      0      2      0      0      0      0      0      7      8      0      0     15      4      6      1      9      4      3     21     15     13      6     17     20     54     17     63     75     62     54     44     38     43     76    100     57     61     70     85     69     58    120     53     56     77     60     48     56     76     41     80     64     54     20     30     17     17     20     22     13     10      3      1     18      7      0      4      2      9      0      2      3      8      1      0      5      2      0     12      0      0      0      0      0      0      0      0      0      0      0
      0      0      0      0      0      0      2      0      0      0      0      0      0      0      0      0      0      5      1      0      3      6      3      8      4      6      0      8     23     25      7     48     15     34     19     19     64     24    108     42     49     29     50     77     76    107    114     90     40     47     68     86    116     70     66     68     79     96     70     43     52     22     31     37     35     36     24      9     19     14     19     16     16      9      2     17      0      1     10      9      0      0      1      0      1      2      1      0      0      0      0      2      0      3      0      0      0      0      2      0
      0      0      0      0      0      0      0      0      0      0      1      0      0      2      0      4      0      0      0      1      3     16      2      9      2     21      5     23     11      4     16     60     18     26      7     43     35     36     45     25     46     73    154     77     97    120    117    147     87     74    114     81     50     80     82     46     64     94     99     56     61     44     68     22     44     29     64     22      8      5     34     15     12      2     11      0      1      4      5      0      0      0      2      2      0      0      0      1      0      0      0      0      0      0      0      0      0      0      0      0
      0      0      0      0      0      0      0      0      0      0      0      0      4      0      0      8      0      0      1      0     22     12      8     11      0      8     56     13     25     39      9     16     43     23     34     55     42     66     32     81     83     46    111     35     52    102    113     65     46    140    103    110     49     75     40     60     65     59     59     75     60     73     90      6     14     40      6     20      2     17     11      8      4      9      3     13     12     13      7      0      7      9      0      7      0      7      0      0      5      0      0      0      2      0      0      0      0      0      0      0
      0      0      0      0      0      0      0      2      0      0      0      3      0      0      0      3      0      9      1      3      2      7     11      7     11      7     18     23     22     53     11     26     69     37     73     45     55     78     84     56     71     53     99     93     62    100     81     58    108     79     94     74    101     82    112     88    106     77     46     59     28     64     24     85    118     36     20     39     13     14      4     31      4     12     19      5      8     24      0     11      0      0      5      0      3      2      0      0      0      0      0      0      0      0      0      0      0      0      0      0
      0      0      0      0      0      0      0      3      0      0      0      0      0      0      0      0      6      3     10      2      1      3      2      9     11     13     22     15     28     10     42     21     14     33     73     26     66     55     45     68     54     63    101    117    102     82    129     72     71     65     95     75     70    100    100    130     62     62     16     52     50    100     45     23     52     54     32     10     45     16     16     26      8      8     12     11     18      5      7      5      1      3      2      0      0      0      0      0      0      0      0      0      0      0      0      0      0      0      0      0
      0      0      0      0      0      0      0      0      0      0      1      3      0      8      0      4      5      6      0      7      1      5      2     15      6     10      8     42     29     25     11     42      9     29     49     43     73     54     64     46     52     41     56     52     67    107     81    115    113     79     64    116     76     95     62     52    110     83     39     78     78     45     38     64     52     33     61     17     23     12     33     27     24      8     13     21      5      1      0      3      1      0      0      5      6      1      5      0      0      0      0      0      0      0      0      0      0      0      0      0
      0      0      0      0      0      0      0      3      0      0      0      0      0      0      0      0      0      0      4      0      0      1     13     27      0     37      9     13      8     26     14     42     20     54     37     38     14     75     32     72    116     87     56     53    105    126    118     77     54    113     96     72     85     90     88     65     94    124     89     60     86    114     62     21     26     38     37     32      4     20     20     13     21     25     14      6     10      5      2      0      1      0      1      0      2      0      0      4      6      0      0      0      6      0     22      0      0      0      0      0
      0      0      0      0      0      0      0      0      0      0      0      0      0      0      6      6      3      1      0      6      9      3      7      4     11     13     18      7     40     38     27     19     65     33     30     41     59     29     65     55     57    100     86     97     90     73     67     95    106    109    123    114     40     66     48     76     77     32     87     95     78     16     77     29     48     24     40     18     23     37     28     12     16     16      8     17      9      5      6      1     12      6      6      3      0      0      1      6      0      0      0      0      0      0      0      0      0      1      0      0
      0      0      0      0      0      9      0      0      0      0      0      3      0      0      6      6      2      0      2      6      5      3     10      0     15      1      9     12     23     32     46     53     21     12     48     64     53     49     52     70     81     49     39     59     89     62     90     90     76    146    118     60     76     90     78     81     96     71     58     22    110     55     44     65     24     27     32     11     22     21     11      5     26      6      9     22      9     14      2     14     15      3      0      0      0      0      0      0      0      0      0      0      0      0      0      0      0      0      0      0
      0      0      0      0      0      0      0      0      5      0      3      0      0      0      0      0      2      0      0      6      9      5      1      2     11     13     12     18     44     14     42     49     20     24     35     79     31     92    107     85     73     53     41     65     28     38     85     87     48    103     57     57     97    112     72     82    102     28     76     44     74     69     31     64     43     20     44     24     17     25      9     10     15     11      7      9     19      0      9      6      0      1      0      3      0      0      0      0      1      0      3      1      0      0      0      0      0      0      0      0
      0      0      0      0      0      0      0      0      0      2      0      0      0      0      6     19      0      1      0      8      0      3     10     11     13     41     21     23     19     24     45     13     15     35      6     40     55     67     33     53     34     52    105    100     67    113     70     50     43     83     68     84     62     58     54    102    106    120     55     53     67     43     34     20     79     19     22     38     14     32      2     39     18      8      9     11     13     13      0      7      0      5     12      6      0      0      2      0      0      0      0      0      0      0      0      0      0      0      0      0
      0      0      0      0      0      0      0      0      0      0      0      0      8      0      3      0      4      2      8     11      3      1     14     11     15      4     22      6     40     29     26     44     20     21     48     28     68     34     44     92     75     66    123     96     76    138     81     38    116    137     44     96     91     68    120    129     98     57     49     75     61     89     46     30     83     67     18     46     17     14     26     10     33      7      6      6      8      1      0      0      3      0      2     15      4      6      0      0      3      0      4      0      0      0      0      0      0      0      0      0
      0      0      0      0      0      0      0      0      0      0      0      0      1      7      2      0      0      1      1      0      6      4      6     13     25     17      2     33      8     34     45     38     47     50     30     45     25     24     69     42     41    143     58     26     58    126     33     59     88    120    104     90     66     46     61     59     41     56     39     68     78     43     79     43     24     42     37     15     35     19     25     18      7     16     23      8     13      7      5     14      6      4      6      1      0      4      0      0      2      2      0      0      0      0      0      0      0      0      0      0
      0      0      0      1      0      0      0      0      1      0      0      1      0      0      0     10      0      0      9      1      0      0      6     20     11      3      9     13     33     39     21     16     69     42     30     60     28     41     30    109     51     59     67     62    127     75     37    132     83    147     69     47     86     81     60     33    103     49     49     73     58     28     26     20     60     34     52     20     18     12     62     17      9     10     13      1      1     18     17      3      0      0      0      0      0      0      0      0      0      0      0      0      0      0      0      0      0      0      0      0
      7      0      0      6      0      0      0      0      1     14      0      4      1      0      0      1      0      0      0      3      5      8      8     14     13      0     34      1     18     23     23     19     16     57     31     37     51     25     34     53     53     64     69     38    142     52     37     72    131     61    127     61     77     73     93     88     88     82     60     52     51     81     84     40     38     32     34     40     29     10     23     49      6      7     13     17     19      0      0      2      1      6      1      1      0      1      0      0      0      0      0      0      0      0      0      0      0      0      0      0
      0      0      0      2      0      0      0      1      0      0      3      0      0      0      0      3      2      0      0      9      5      8      0     20      2      8      5      4     14     22     35     27     28     29     29     13     41     53     64     31     76     76     40     83     43    118     53     79     42     81     58     95     59     67     43     93     79     85     62     67     35     29     45     48     28     32     39     13     45     23     28      8     12      3      1     15      8      4      1      2     10      5      1      0      0      0      4      2      0      0      0      0      0      0      0      2      0      3      0      0
      0      0      0      0      0      0      0      0      0      0      0      0      0     10      0      6      9      0     11      5      8      2     12      8      5     12      3      9      7     13     48     59     47     25     43     19     25     52     20     28     41     75     25     28     58     47    118     55     79     58     69     89     74    115     62     38     34    113     52     80     61     33     19     43     50     64     25      4     49     17     26     12      2      1      1      1      3      5      6      0      3      3      0      0     10      0      0      0      5      0      0      0      0      0      0      0      0      0      0      0
      0      0      0      0      0      0      0      0      0      0      0      0      0     16      0      0      0      0      0      4     10      0     10      2     31     12     16     25      8     34     27     23     11     33     31     25     25     48    100     94     80     39     62     28     66     53     91     48     36     59     47     36     42     29     54     36     27     86     48     69     24     25     36     70     24     36     27     48     16     12      8     12      8     10     17      4      0      9      0      2      2      3      0      0      3      0      9      0      0      0      0      0     11      0      0      0      0      0      0      0
      6      0      0      0      0      0      0      0      0      0      0      6      0      0      4      3      1      7      0     14      5      5      2     27      6      3      0     10      3      4     23      9     26     24     23     20     45     29     31     43     42     65     78     64     77     38     67     43     81     75     84     26     57     66     45     28     54     46     42     41     31     23     44     27     19     41      9     11      3      3     13     32     19     13      1     10      7     19      2      0      0      5      0      0      0      0      0      0      0      0      0      0      0      0      0      0      0      0      0      0
      0      0      0      0      0      0      0      0      0      0      0      0      8      0      0      0     10      0      3      2      0      1      2     20     12      5     17     13      5     21     12     23     21     14      8     32     48     92     45     32     36     33     74     26     50     71     49     59     70     56     72     23     17     44     77     32     49     19     27     29     61     62     28     33     21     30     19     27     11     22     21      2     15      6     28      0      5      1      7      0      0      2      2      0      0      0      0      0      0      0      0      0      0      0      0      0      0      0      0      0
      0      0      0      0      0      0      0     11      0      0      0      0      0      0      0      2      0      1      0      1      0      0      0      3     14      4      6      4     10     34     19     17     25     14      7      9     32     38     31     13     38     61     30     68     62     39     57     46     92     37     59     45     38     17     46     57     49     23     38     26     17     15     23     10     40     14     19     29     15      5      9      0     18      0      0      0      1     12      1      7      0      0      0      0      0     10      0      0      0      0      0      0      0      0      0      0      0      0      0      0
      0      0      0      0      0      0      0      0      0      0      0      0      0      0      0      0      3      6     11      1      0      0      4      6      4      2      3      7      2     16     31     30     16     21     12     18     24     34      4     64     51     61      5     54     33     27     71     10     51    117     54     46     96     39     87     75     17     28     30     56     15      7     49     19     14     57     13      8     13      7      8     10     29      0      5      0     10      0     16      0      0      4      0      0      0      0      1      0      0      0      3      0      0      0      0      0      0      0      0      0
      0      0      0      0      0      0      0      0      0      0      0      0      0      0      0      1      0      0      7      8      0      7     18      0      7     20      5     10      3     13     12     12     27     29     23     21     21     25     26     23     29    116     29     38     18     79     27     28     37     77     30     31     40     30     74     31     34     14     29     29     22     32      7     10     24     26     54     30      7      4      1      9      4      7     12     38      7      7      2      0      6      0      5      0      0      0      2      0      0      0      0      0      4      0      0      0      0      0      0      0
      0      0      0      0      0      0      0      1      0      0      0      0      1      0      6      0      0      0      4      0      0      6      0      5      8      0     10     15     22     20      0      6     13      6     19     20     16     16      4     24     43     15     16     78     20     26     14     49      6     12     14     40     30     44      6     28     35     42     24     22     47     22      5     25     10     17      0      9     20     13      9      8     11      0     12      0      0     17      0      7      2      0      3      5      4      0      0      0      0      0      0      0      0      0      0      0      0      0      0      0
      0      0      0      0      0      0      0      0      0      0      0      0      0      0      0      0      5      0      0      0      8     15      1     11      0     13      1      9      1      5     11      0     27     11     18     18     18     24     16     15      9     10     33     24     44     50     19     28     44     14     39     18     39     39     28     14     49     88     31     17     20     26      9      9     31     18      7      7     20     11      6      8      3      2     15      0     15      9      2      5      6      0      8      0      0      0      2      0      0      0      0      0      0      0      0      0      0      0      0      0
      0      0      0      0      0      0      0      0      0      0      0      0      0      0      0      9      0      0      0      1      0      8      2     16      3      7     11      2     42     10      4      8     12     32     37     32     21     16     18     16      7     21      9     18      5     46      9     50     17      4     38     77     18     42      7     14     33     18     22     34      2     22     11     23      6     19      8      1      0     17      8      2      4      0      3      2      0      1      0      0      0      0      0      0      0      0      0      1      0      0      0      0      0      0      0      0      0      0      0      0
      0      0      0      0      0      0      0      0      0      0      0      0      0      0      0      0      0      0      5      0      0      0      0      0      0      5      2     10      6     10     15     18     10      4      9      0     19     10     24     20     11     24     19     26     30     27     23     28     10     14     17      3      8     14     47     11     35     10     21      3     46     34     25      7      9      6     20     10     11     10      6      0     12      5      1      5      0      2      0      0      0      0      0      0      0      0      0      0      0      0      0      0      0      0      0      0      0      0      0      0
      0      0      0      0      0      5      0      0      0      0      0      0      0      0      0      2      0      2     11      0      0      2      1     15     27      6      7      3      0     10     10     16     12     14     28     14      9      9     49     28     46     47     49     19     11     16     24     37      8     40      8     14      1     26      0     27      9     15     12      9     19     16     25      7      2      4      0      2      1      0      5      0      0      0      2      0      0     14      0      0      0      0      7      0      0      0      0      0      0      0      0      0      0      0      0      0      0      0      0      0
      0      0      0      0      0      0      0      0      0      0      0      1      0      0      0      0      0      8      0      0      0      0      0      0      0      0      0     14      4      2      3     21      5      7     14      8     13      3     10      9      9     14     29     19     18     22     17     10     20     41      4      0     16     14     10     47      5     22      2      7      1      3      0      5     10      4     19      6      6      0      2      1      1      3      0      5     13      1      0      0      0      0      0      0      0      0      0      0      0      7      0      0      0      0      0      0      0      0      0      0
      0      0      0      0      0      0      0      0      0      0      0      0      0      0      0      0      0      0      0      0      0      0      2      0      0      3      3      0      4      3      1      5      7     10      0     25      5     14     10      2      6      5     22     20      3      0     14     12     11     35     13     14     35      2     15     10     12     11     16     14     29     11      1      6      2     16      9      2      0      2      5      0      8      3      0      8      8      0      0      4      0      0      9      0      0      0      0      0      0      0      0      0     19      0      0      0      0      0      0      0
      0      0      0      0      0      0      0      0      0      0      0      0      0      0      0      0      0      2      0      0      2      6      1      0      0      4      0      0     10      0      3      0      0      4      4      0     13     18      6      2     13     30     10     34     12     16     22      9     50     15      2      7     10      7     11     29      5      8     11     11      4      2      1     17     29      0      3      2      1      0     10      1      0      1      0      0      0      0      0      0      0      4      0      0      0      0      0      0      0      0      0      0      0      0      0      0      0      0      0      0
      0      0      0      0      0      0      0      0      0      0      0      0      0      0      0     14      0      0      0      0      0      0      2      0     20      0      7      0      0      2      2      4      5     49      1      5      3      1      1      4      7      1     14      8      3     13     13     13      3     14     17     39     16      6     18     19      4      0      8      4      4      8      1      7      0      7     15      7      4     10      0      0      4      0      0      1      0      0      2      0      2      0      0      0      0      0      0      0      0      0      0      0      0      0      0      0      0      0      0      0
      0      0      0      0      0      0      0      0      0      0      0      0      0      0      0      0      0      9      2      0      0      0      0      0      4      0      4      0      0      8     17      7      1     11      4      2     15      0      0      3      1     13     11      0     17      6     22      8     14     12      1     15      7      7     19      2      5      6      3      1     11      7      4      8      0      7      4      6      5      0      0      0      0      0      0      0      0      0      0      0      0      0      0      0      0      0      0      0      0      0      0      0      0      0      0      0      0      0      0      0
      0      0      0      0      0      0      0      0      0      0      0      0      0      0      0      0      0      0      0      0      0      0      0      0      0      0      0      0      2      0      3      4      3     10      0      3      2      6     22      2      6      3      5      6     10     13      3     11      4      4      0      9      2      7      2      5     15      1      6     10      4      0      0      0      7      7      3      0      0      6      7      9     13      0      0      1      1      0      0      4      0      0      0      0      0      0      0      0      0      0      0      0      0      0      0      0      0      0      0      0
      0      0      0      0      0      0      0      0      0      0      0      0      0      0      0      0      0      0      0      3      0      0      3      0      0      0      0      0      0      0      1      1      4      0      0      1     30      0     11      7     16      2      2      8      4      0      8      5      0      0     13     13     12     10      0      0     18      1      6      0      0      0     13      0      0      0      0      3      0      0      0      2      0      1      1      0      0      0      0      0      0      0      0      0      0      0      0      0      0      0      0      0      0      0      0      0      0      0      0      0
      0      0      0      0      0      0      0      0      0      0      0      0      0      0      0      0      2      0      0      0      0      0      0      0      0      0      1      0      0      0      0      0      0      0      0      0     16      5      4      5     16      9      0     20      6      9      6      7      7     38      5     20     13      0      0      7     34      0      3      3      5      1      0      8      0      7      0      2      0      6      0      0      0      0      2      0      0      0      0      0      0      0      0      0      0      0      0      0      0      0      0      0      0      0      0      0      0      0      0      0
      0      0      0      0      0      0      0      0      0      0      0      0      0      0      0      0      0      0      0      0      0      0      0      1      0      0      0     11      0      0      0      0      0      0      1      0      6      5      0      0      1      0      5      0      0      7     16     22     11     11      5      0      3      0      3     11      0      6      4      6      7      8      7      0      0      1     15      0      0      6      0      0      0      0      0      0      0      0      0      0      0      0      1      5      0      0      0      0      0      0      0      0      0      0      0      0      0      0      0      0
      0      0      0      0      0      0      0      0      0      0      0      0      0      0      0      0      0      0      0      0      0      0      0      0      0      0      0      1      0      0      1      3      0      2      1      0      0      0     11      3      0      0      0      6      2      3      0      1      0      6      0     16      5      1      6      0      0      5      1      0      2      0      0      0      0      0      2      0      0      0      5      0      0      0      0      0      0      0      0      0      0      0      0      0      0      0      0      0      0      0      0      0      0      0      0      0      0      0      0      0
      0      0      0      0      0      0      0      0      0      0      0      0      0      0      0      0      0      0      0      0      9      0      0      0      0      0      0      2      0      0      0      0      0     11      0      0      9      0      9      5      1      0      0      0      6      2      0      3      7      1      1      0      0      0      0      6      0      0      0      0      0      0      2      0      2      0      6      0      0      0      0      0      0      0      0      0      0      0      0      0      0      0      0      0      0      0      0      0      0      0      0      0      0      0      0      0      0      0      0      0
      0      0      0      0      0      0      0      0      0      0      0      0      0      0      0      0      0      1      0      0      0      0      0      0      0      2      0      0      0      0      0      0      0      1      5      0      0      0      0      0      0      7      2     13     26      0      4      0      0      0      0      4      5      0      0      0      0      0      0      0      0      0      0      0      0      5      0      0      0      0      0     12      0      0      0      0      0      0      0      0      0      1      0      0      2      0      0      0      0      0      0      0      0      0      0      0      0      0      0      0
      0      0      0      0      0      0      0      0      0      0      0      0      0      0      0      0      0      0      0      0      0      0      0      0      0      2      0      0      0      0      0      0      0      0      0      0      0      0      0      0      0     11      3      0      0      4      0      0      2      0      0      0      2      0      0      0      0      0      0      2      0      0      0      0      0      0      0      0      0      0      0      0      0      1      0      0      0      0      7      0      0      0      0      0      0      0      0      0      0      0      0      0      0      0      0      0      0      0      0      0
      0      0      0      0      0      0      0      0      0      0      0      0      0      0      0      0      4      0      1      0      0      0      0      0      1      0      0      0      0      0      0      0      0      0      0      0      0      0      0      0      0      0      0      0      0      1     10      0      0      0      0      0      0      0      2      0      0      0      0      0      0      0      1      0      0      0      0      0      0      0      0      0      0      0      0      0      0      0      0      0      0      0      0      0      0      0      0      0      0      0      0      0      0      0      0      0      0      0      0      0
      0      0      0      0      0      0      0      0      0      0      0      0      0      0      0      0      0      0      0      0      0      0      0      0      0      0      0      0      0      0      0      0      0     11      1      0      0      0      0      0      0      0      1      0      0      0      7      0      1      2      0      4      0      2      0      0      0      0      0      0      0      0      0      0      0      0      0      0      1      0      0      0      2      0      0      0      0      0      0      0      0      0      0      0      0      0      0      0      0      0      0      0      0      0      0      0      0      0      0      0
      0      0      0      0      0      0      0      0      0      0      0      0      0      0      0      0      0      0      0      0      0      0      0      0      0      0      0      0      0      0      0      0      0      0      0      0     11      0      0      0     12      0      0      0      9      0      0      0      0      1      4      2      0      0      1      0      0      0      0      0      0      2      0      0      0      0      0      0      0      0      0      0      1      0      0      0      0      0      0      0      0      0      0      0      0      0      0      0      0      0      0      0      0      0      0      0      0      0      0      0
      0      0      0      0      0      0      0      0      0      0      0      0      0      0      0      0      0      0      0      0      0      0      0      0      0      0      0      0      4      4      0      0      0      0      0      0      0      0      1      0      0      0      0      3      3      0      0      0      0      0      0      0      5      0      0      0      0      0      0      0      0      3      0      0      0      0      0      0      0      0      0      0      0      0      0      0      0      0      0      0      0      0      0      0      0      0      0      0      0      0      0      0      0      0      0      0      0      0      0      0
      0      0      0      0      0      0      0      0      0      0      0      0      0      0      0      0      0      0      0      0      0      0      0      0      0      0      0      0      0      0      0      0      0      0      0      0      0      0      0      0      0      0      0      0      0      1      0      1      0      4      0      0      0      0      0      0      0      0      0      0      0      0      0      0      0      0      0      0      0      0      0      0      0      0      0      0      0      0      0      0      0      0      0      0      0      0      0      0      0      0      0      0      0      0      0      0      0      0      0      0
      0      0      0      0      0      0      0      0      0      0      0      0      0      0      0      0      0      0      0      0      0      0      0      0      0      0      0      0      0      0      0      0      0      0      0      0      0      6      0      0      0      0      0      0      0      0      0      0      0      0      0      0      0      0      9      0      0      0      0      0      0      0      0      0      0      0      0      2      0      0      0      0      0      0      0      0      0      0      0      0      0      0      0      0      0      0      0      0      0      0      0      0      0      0      0      0      0      0      0      0
      0      0      0      0      0      0      0      0      0      0      0      0      0      0      0      0      0      0      0      0      0      0      0      0      0      0      0      0      0      0      0      0      0      0      0      0      0      0      0      2      0      0      0      0      0      0      0      0      4      0      0      0      0      0      0      0      0      0      0      0      0      0      0      1      0      0      0      1      0      0      0      0      0      0      0      0      0      0      0      0      0      0      0      0      0      0      0      0      0      0      0      0      0      0      0      0      0      0      0      0
      0      0      0      0      0      0      0      0      0      0      0      0      0      0      0      0      0      0      0      0      0      0      0      0      0      0      0      0      0      0      0      0      0      0      8      0      0      0      0      0      0      0      0      0      0      0      0      0      0      0      0      0      0      0      1      0      0      0      0      0      0      0      0      0      0      0      0      0      0      0      0      0      0      0      0      0      0      0      0      0      0      0      0      0      0      0      0      0      0      0      0      0      0      0      0      0      0      0      0      0
      0      0      0      0      0      0      0      0      0      0      0      0      0      0      0      0      0      0      0      0      0      0      0      0      0      0      0      0      0      0      0      0      0      0      0      0      0      0      0      7      0      0      0      2      0      0      0      0      0      0      0      0      9      0      0      0      0      0      0      0      0      0      0      0      0      0      0      0      0      0      0      0      0      0      0      0      0      0      0      0      0      0      0      0      0      0      0      0      0      0      0      0      0      0      0      0      0      0      0      0
      0      0      0      0      0      0      0      0      0      0      0      0      0      0      0      0      0      0      0      0      0      0      0      0      0      0      0      0      9      0      0      0      0      0      0      0      0      0      0      0      1      0      0      0      0      0      0      0      0      0      0      0      0      0      0      0      0      0      0      0      0      0      0      0      0      0      0      0      0      0      0      0      0      0      0      0      0      0      0      0      0      0      0      0      0      0      0      0      0      0      0      0      0      0      0      0      0      0      0      0
      0      0      0      0      0      0      0      0      0      0      0      0      0      0      0      0      0      0      0      0      0      0      0      0      0      0      0      0      0      0      0      0      0      0      0      0      0      0      0      0      0      0      0      0      0      0      0      0      0      0      0      0      0      0      0      0      0      0      0      0      0      0      0      0      0      0      0      0      0      0      0      0      0      0      0      0      0      0      0      0      0      0      0      0      0      0      0      0      0      0      0      0      0      0      0      0      0      0      0      0
      0      0      0      0      0      0      0      0      0      0      0      0      0      0      0      0      0      0      0      0      0      0      0      0      0      0      0      0      0      0      0      0      0      0      0      0      0      0      0      0      0      0      0      0      0      0      0      0      0      0      0      0      0      0      0      0      0      0      0      0      0      0      0      0      0      0      0      0      0      0      0      0      0      0      0      0      0      0      0      0      0      0      0      0      0      0      0      0      0      0      0      0      0      0      0      0      0      0      0      0
      0      0      0      0      0      0      0      0      0      0      0      0      0      0      0      0      0      0      0      0      0      0      0      0      0      0      0      0      0      0      0      0      0      0      0      0      0      0      0      0      0      0      0      0      0      0      0      0      0      0      0      0      0      0      0      0      0      0      0      0      0      0      0      0      0      0      0      0      0      0      0      0      0      0      0      0      0      0      0      0      0      0      0      0      0      0      0      0      0      0      0      0      0      0      0      0      0      0      0      0
      0      0      0      0      0      0      0      0      0      0      0      0      0      0      0      0      0      0      0      0      0      0      0      0      0      0      0      0      0      0      0      0      0      0      0      0      0      0      0      0      0      0      0      0      0      0      0      0      0      0      0      0      0      0      0      0      0      0      0      0      0      0      0      0      0      0      0      0      0      0      0      0      0      0      0      0      0      0      0      0      0      0      0      0      0      0      0      0      0      0      0      0      0      0      0      0      0      0      0      0
      0      0      0      0      0      0      0      0      0      0      0      0      0      0      0      0      0      0      0      0      0      0      0      0      0      0      0      0      0      0      0      0      0      0      0      0      0      0      0      0      0      0      0      0      0      0      0      0      0      0      0      0      0      0      0      0      0      0      0      0      0      0      0      0      0      0      2      0      0      0      0      0      0      0      0      0      0      0      0      0      0      0      0      0      0      0      0      0      0      0      0      0      0      0      0      0      0      0      0      0
