\ 
\ Covariance Function Histogram Table
\ 
\ X Parameter: e cosine omega
\ X Abbrev   : ecosw
\ X Units    : none
\ X Items    : 99          
\ 
\ Y Parameter: Stellar Luminosity
\ Y Abbrev   : L*
\ Y Units    : Lsun
\ Y Items    : 100         
\ 
|col000|col001|col002|col003|col004|col005|col006|col007|col008|col009|col010|col011|col012|col013|col014|col015|col016|col017|col018|col019|col020|col021|col022|col023|col024|col025|col026|col027|col028|col029|col030|col031|col032|col033|col034|col035|col036|col037|col038|col039|col040|col041|col042|col043|col044|col045|col046|col047|col048|col049|col050|col051|col052|col053|col054|col055|col056|col057|col058|col059|col060|col061|col062|col063|col064|col065|col066|col067|col068|col069|col070|col071|col072|col073|col074|col075|col076|col077|col078|col079|col080|col081|col082|col083|col084|col085|col086|col087|col088|col089|col090|col091|col092|col093|col094|col095|col096|col097|col098|col099|
|int   |int   |int   |int   |int   |int   |int   |int   |int   |int   |int   |int   |int   |int   |int   |int   |int   |int   |int   |int   |int   |int   |int   |int   |int   |int   |int   |int   |int   |int   |int   |int   |int   |int   |int   |int   |int   |int   |int   |int   |int   |int   |int   |int   |int   |int   |int   |int   |int   |int   |int   |int   |int   |int   |int   |int   |int   |int   |int   |int   |int   |int   |int   |int   |int   |int   |int   |int   |int   |int   |int   |int   |int   |int   |int   |int   |int   |int   |int   |int   |int   |int   |int   |int   |int   |int   |int   |int   |int   |int   |int   |int   |int   |int   |int   |int   |int   |int   |int   |int   |
      0      0      0      0      0      0      0      0      0      0      0      0      0      0      0      0      0      0      0      0      0      0      0      0      0      0      0      0      0      0      0      0      0      0      0      0      0      0      0      0      0      0      0      0      0      0      0      0      0      0      0      0      0      0      0      0      0      0      0      0      0      0      0      0      0      0      0      0      0      0      0      0      0      0      0      0      0      0      0      0      0      0      0      0      0      0      0      0      0      0      0      0      0      0      0      0      0      0      0      0
      0      0      0      0      0      0      0      0      0      0      0      0      0      0      0      0      0      0      0      0      0      0      0      0      0      0      0      0      0      0      0      0      0      0      0      0      0      0      0      0      0      0      0      0      0      0      0      0      0      0      0      0      0      0      0      0      0      0      0      0      0      0      0      0      0      0      0      0      0      0      0      0      0      0      0      0      0      0      0      0      0      0      0      0      0      0      0      0      0      0      0      0      0      0      0      0      0      0      0      0
      0      0      0      0      0      0      0      0      0      0      0      0      0      0      0      0      0      0      0      0      0      0      0      0      0      0      1      0      0      0      0      0      0      0      0      0      0      0      0      0      0      0      0      0      0      0      0      0      0      0      0      0      0      0      0      0      0      0      0      0      0      0      0      0      0      0      0      0      0      0      0      0      0      0      0      0      0      0      0      0      0      0      0      0      0      0      0      0      0      0      0      0      0      0      0      0      0      0      0      0
      0      0      0      0      0      0      0      0      0      0      0      0      0      0      0      0      0      0      0      0      0      0      0      0      0      0      0      0      0      0      0      0      0      0      0      0      0      0      0      0      0      0      0      0      0      0      0      0      0      0      0      0      0      0      0      0      0      0      0      0      0      0      0      0      0      0      0      0      0      0      0      0      0      0      0      0      0      0      0      0      0      0      0      0      0      0      0      0      0      0      0      0      0      0      0      0      0      0      0      0
      0      0      0      0      0      0      0      0      0      0      0      0      0      0      0      0      0      0      0      0      0      0      0      0      0      0      0      0      0      0      0      0      0      0      0      0      0      0      0      0      1      0      0      0      0      0      0      2      0      0      0      0      0      0      0      0      0      0      0      0      0      0      0      0      0      0      0      0      0      0      0      0      0      0      0      0      0      0      0      0      0      0      0      0      0      0      0      0      0      0      0      0      0      0      0      0      0      0      0      0
      0      0      0      0      0      0      0      0      0      0      0      0      0      0      0      0      0      0      0      0      0      5      0      0      0      0      4      0      0      0      0      8      4      0      1      0      0      0      0      1      0      0      0      0      0      0      0      0      4      0      0      0      0      0      0      4      4      0      0      0      0      4      0      0      0      0      0      0      0      0      0      0      0      0      0      0      0      0      0      0      0      0      0      0      0      0      0      0      0      0      0      0      0      0      0      0      0      0      0      0
      0      0      0      0      0      0      0      0      0      0      0      0      0      0      0      0      0      0      0      0      0      0      0      0      0      0      0      0      3      0      0      4      3      3      0      0     10      0      2      0      0      0      1      2      7      0      0      2      0      1      2      2      6      2      0      0      5      0      0      0      0      0      7      0      3      2      0      4      3      0      0      0      2      0      0      0      0      0      0      0      0      0      0      0      0      0      0      0      0      0      0      0      0      0      0      0      0      0      0      0
      0      0      0      0      0      0      0      0      0      0      0      0      0      0      0      0      0      0      0      0      0      0      0      0      0      0      1      1      0      0      0      2      2      0      0      1      0      0      3      0      0     17      9      0      0      6      0      1      1      0      2      0      2      0      0      4      0      0      1      0     11      1     14      0      8      0      0      0      0      1      4      0      0      0      0      0      0      0      0      0      0      0      0      0      0      0      0      0      0      0      0      0      0      0      0      0      0      0      0      0
      0      0      0      0      0      0      0      0      0      0      0      0      0      0      0      0      0      0      0      0      0      0      0      0      1      3      0      0      0      0      0      0      0      0      0      4      0      0      0      2      0      1     13      5      1      0      0      0      0      2      1      6      0      2      0      1      0      0      0      0      0      3     12      1      2      0      0      0      0      0      0      0      0      0      0      0      0      0      0      0      0      0      0      0      0      0      0      0      0      0      0      0      0      0      0      0      0      0      0      0
      0      0      0      0      0      0      0      0      0      0      0      0      0      0      0      0      0      0      0      0      0      0      2      0      7      0      0      0      1      0      0      7      0      0     16      1      0      1      0      0      0      6      2      0      0      9      0      1      0      0      5      6      0      1      0      0      0      0     10      0      2      0      0      0      0      2      0      0      7      0      3      0      0      0      0      0      0      0      0      0      0      0      0      0      0      0      0      0      0      0      0      0      0      0      0      0      0      0      0      0
      0      0      0      0      0      0      0      0      0      0      0      0      0      0      0      0      0      0      0      0      0      0      0      0      0      0      0      3      0      0      0      0      0      1      6     12      0      0      1      5      0      0      0      7      0      0      5      0      0      3      3      0      0     24      2      0      0      0      1      0      0      4      0      0      3      0      0      0      4      1      0      0      0      0      0      0      0      0      0      0      0      0      0      0      0      0      0      0      0      0      0      0      0      0      0      0      0      0      0      0
      0      0      0      0      0      0      0      0      0      0      0      0      0      0      0      0      0      0      0      0      4      0      1      0      0      0      0      5      8      1      0      5      2      0      0      0      4      8      0      7      0      1      1      0      0      3      7      0      1      0      1      0      5      2      0      0      2      1     10      1      0      0      0      0      0      3      0      0      0      0      0      0      0      0      6      0      0      0      0      0      3      0      0      0      0      0      0      0      0      0      0      0      0      0      0      0      0      0      0      0
      0      0      0      0      0      0      0      0      0      0      0      0      0      0      0      0      0      0      0      0      0      0      0      0      0      0      0      0      0      8      0      0      3     14      6      0      1      3      0      0      2      0      4      5      0      0      3      2      0      0      8      1      0      0      0      0      2      0      3      0      0      0      0      0      0      0      0      0      0      0      0      0      0      0      0      0      0      2      0      0      7      0      0      0      0      0      4      0      0      0      0      0      0      0      0      0      0      0      0      0
      0      0      0      0      0      0      0      0      0      0      0      0      0      0      0      0      0      0      0      0      0      0      0      0      2      8      0      1      1      0      0      0      0      3      0      2      0      0      1      2      0      0      0     14      1      0      0     11      0      3      1     13      4      0      0      1      9      0      0      0      0      0      0      0      0      0      0      0      0      0      0      0      0      0     14      0      0      0      0      0      1      0      0      0      0      0      0      0      0      0      0      0      0      0      0      0      0      0      0      0
      0      0      0      0      0      0      0      0      0      0      0      0      0      0      0      0      0      0      0      0      0      0      0      0      0      0      0      2      7      4      0      1     17      4      2      0      0      2      3      0      0      0      0      0      2      3      3      9      0     15     11      1      2      1      5      0      1      0      0      0      9      4      0      0      0      0      0      0      0      0      0      0      0      0      3      0      0      0      0      0      0      0      0      0      0      0      0      2      0      0      0      0      0      0      0      0      0      0      0      0
      0      0      0      0      0      0      0      0      0      0      0      0      0      0      0      0      0      0      0      0      0      0      0      0      0      0      2      0      8      0      0      0      3      6      8      4      0      6      9      2     10      5      0      2      0      0      4      0      3      0      1      0      3     11      0      4      0      0      0      3     11      2      5      0      0      3      0      2      0      0      4      0      0      0      0      4      0      0      0      0      0      0      0      0      0      0      0      0      0      0      0      0      0      0      2      0      0      0      0      0
      0      0      0      0      0      0      0      0      0      0      0      0      0      0      0      0      0      0      0      0      0      0      0      1      0      2      0      1      4     11      0      0     24      0      2      2      7      8      0      9     23      1      0      5      0     23      5     17      0      0      0      0      4      0      0      0      0      1      5      0      1      0      0      2      2      0      0      0      0      1      0      0      0      0      0      0      0      0      0      0      0      0      0      0      0      0      0      0      2      0      0      0      0      0      0      0      0      0      0      0
      0      0      0      0      0      0      0      0      0      0      0      0      0      0      0      0      0      0      0      0      0      0      0      0      1      0      0      6      3      3      0      6      6     11     27      7      0      0      4      0      5      7      3      9      0      9     19     16     15      2      0      2      4      0      0      0      2      0      8      0      0      0      0      0      0      1      0      0      0      2      0      1      0      0      0      0      0      2      0      0      0      0      0      1      0      2      0      0      0      0      0      0      0      0      0      0      0      0      0      0
      0      0      0      0      0      0      0      0      0      0      0      0      0      0      0      0      0      0      0      0      0      0      0      0      4      3     12     17      5     10      9      7     13      7      8      4      0      9      0     16      0      2      2      0      1      6      1      2      6      0      8      3      1      6      0      5      1      0      2      3      0      0      6      0      0      0      3      1      3      0      1      0      0      0      0      0      0      0      2      2      1      0      0      1      0      0      0      0      0      0      0      3      0      0      0      0      0      0      0      0
      0      0      0      0      0      0      0      0      0      0      0      0      0      0      0      0      0      0      0      0      0      0      0      1      0     14      1      0      1     19      5      0      4      2     20     13      1     29     13      7      6      8      0      2     13      0      3      0      5      3      2      1      0      0     10      1      7      0      0      1      0      7      2      4      0      0      0      2      0      0      0      0      0     11      0      0      0      1      0      0      0      1      0      0      0      0      0      0      0      0      0      0      0      0      0      0      0      0      0      0
      0      0      0      0      0      0      0      0      0      0      0      0      0      0      0      0      0      0      0      0      0      0      1      0      0      1      3      4      4      5      3      1     11      5     10      0     17      0      4     15     24      7      0      2      2      9      2      2      5      0      1      1      4      0      0      1      0      1      0      3      0      1      0      3      1      0      3      0      0      0      0      0      0      0      0      0      0      0      0      1      0      0      0      0      0      0      0      0      0      0      0      0      5      0      0      0      0      0      0      0
      0      0      0      0      0      0      0      0      0      0      0      0      0      0      0      0      0      0      0      0      0      0      2      1      2      0      0      0      4      1      0      1      4     13      2      1      2     18     11      2      9     10     12      6      1      0      6      0      1      1      9      4      1      5      0      7      0      0      2      1      2      0      3      0      0      1      0      3      0      1      0      0      0      2      0      0      0      0      0      0      0      0      0      0      0      0      0      0      0      0      0      0      0      0      0      0      0      0      0      0
      0      0      0      0      0      0      0      0      0      0      0      0      0      0      0      0      0      0      9      0      0      0      0      0      3      5      2      3      0      6      3     24     14     19     17      3      7      5      2      3     14      1      4      0      2      3     10      4      0     12      4      4      5      5      0      0      1      2      1      5      3      0      0      1      1      0      1      0      0      0     10      0      0      0      0      0      0      0      1      0      0      0      0      0      0      0      0      0      0      0      0      0      0      0      0      0      0      0      0      0
      0      0      0      0      0      0      0      0      0      0      0      0      0      0      0      0      0      0      0      0      2      2      0      0      0      1      9     13      3      4      2      2     17      6      0     15      8      3     18     20      2      4      6     17      5     14      2      8     13      0     12      2      3      5      3      0     16      0      0      0      2      4      0      0      0      0      1      2      0      0      2      6      0      0      0      3      0      0      0      0      0      0      0      2      0      0      0      0      1      0      0      0      0      0      0      0      0      0      0      0
      0      0      0      0      0      0      0      0      0      0      0      0      0      0      0      0      0      0      0      0      0      3      4      1      0      4      6      6      0      8      6     13     11      3     10      5      8      6      2     13      3     21      0      4     12     14      2      1      9      1      4      2     16      0      1      2      3      4      0      1      2      0      0      0      0      2      0      0      0      0      3      5      0      0      0      0      0      1      0      1      0      0      0      0      0      0      0      0      0      0      0      0      0      0      0      0      0      5      0      0
      0      0      0      0      0      0      0      0      0      0      0      0      0      0      0      0      0      0      0      2      2      4      4      0      5      3      2      9     12      6      3     20      8     10     10     14     12      8      7      7      6      3     11      7     19     15      2      5     18      8      5      4      6      6      0      5      2      0     11      2      1      7      0      1      0      0      0      0      0      6      1      3      0      0      0      0      1      1      0      0      0      0      0      0      0      0      0      0      0      0      0      0      0      0      0      0      0      0      0      0
      0      0      0      0      0      0      0      0      0      0      0      0      0      0      0      0      0      0      3      0      0      0      0      0      0      4      1      5      4      9      4     10     10      4     18      8     12     16     17     21     24     27     19     23      9      2     15     20     12     11      3     19      4      9     16      3      3      1      2      2      5      5      1      2      0      0      2      2      0      3      0      0      1      2      5      5      0      0      0      0      0      0      0      0      0      0      0      0      1      0      0      0      0      0      0      0      0      0      0      0
      0      0      0      0      0      0      0      0      0      0      0      0      0      0      0      0      0     15      3      0      0      0      5      1      6      0     12     19     10     37     17     12     32     11     36     16     34      9     10     35     45      8      8     21     22     18     14      5     23     16      5      6      8      0     15      2     12      6     19      4     11      6     10      0      2     14      0      1      3      4      0      0      0      0      0      5      0      0      0      0      0      0     11      0      0      0      0      0      0      0      0      0      0      0      0      0      0      0      2      0
      0      0      0      0      0      0      0      0      0      0      0      0      0      0      0      0      0      7      0      5      2      4      3      4      5      9     16     15     14      7      5     10     17     19     26     33     27     14     14      2     13     15     15      0     16      6     23     13     15      9     17     11     11      3      3     18      2      2     10     17      0      1      3      2      9      2      4      0      9      0      0      0      0      0      0      0      2      0      1      0     10      0      0      0      0      0      0      0      0      0      0      0      0      0      0      0      0      0      0      0
      0      0      0      0      0      0      0      0      0      0      0      0      0      0      0      0      0      0      0      0      0      0      0      0     10      7     13      4     16      7      5     44     12     23     10     20     11      9     15     46     10     10     29     21     11     17     18     31     11     24     13     23      6      4      8      7      5     11      0      4      7      1      2      2      0     10      9      1      5      7      4      0      1      0      2      0      0      0      0      0      0      0      0      0      0      0      1      0      0      0      0      0      0      0      0      0      0      0      0      0
      0      0      0      0      0      0      0      0      0      0      0      0      0      0      0      0      0      0      2      7      1      1      6      3      8      6      9      8     17     21     14     39     25     17     34     21     39     17     36     20     25     15     17     49     21     20      0     16     10     11     28     14     13     11     13      5     10     21      6      7     19      4      7     15      1      0      8      0     10      6      0      0      0      0      0      1      3      5      0      0      0      0      0      0      0      0      0      0      0      0      0      0      0      0      0      0      0      0      0      0
      0      0      0      0      0      0      0      0      0      0      0      0      0      0      0      0      0      0      0      2      0      7      0     10     19     16      7      9      6     33     15     60     22     14     32     13     42     37     78     21     28     68     23     15     17     29     21     59     39     35     16      5     36     12     11     16      8     11     15     21     13     23     13     12      9     15      4      0      8      4      1      0      1      0      3      0      2      0      9      3      0      0      0      7      0      0      9      0      0      0      0      0      0      0      0      0      0      0      0      0
      0      0      0      0      0      0      0      0      0      0      0      0      0      0      0      0      0      0      0      1      4      4      1     23     15      1      3     32     15     20     26     24     27     15     31     35     44     15     25     49     35     47     27     15     20     19     30     23     17     23     27     12      3     13     12      7     12     30     17     16      1      7      9      5      7      1      3      6      5      5      3      5      1      2      1      1      0      0      1      0      0      0      1      0      0      0      0      0      0      0      0      0      0      0      2      0      0      0      0      0
      0      0      0      0      0      0      0      0      0      0      0      0      0      0      0      0      0      0     11      0      3      1      8      3     23     21     16     20     24     21     36     40     29     21     49     32     29     19     34     20     34      6     31     28     30     16     54     18     39     45     23     16     20     37     34     13     15      5      7      5     15      6     25     11     17      0      0      7      3      4      0      3      0      1      0      2      2      0      0      4      8      0      8      0      0      0      0      0      2      0      0      0      0      0      1      0      0      0      0      0
      0      0      0      0      0      0      0      0      0      0      0      0      0      0      0      0      0      0      0      1      0      8      1      7      9     18     21     21     20     39     23     24     46     34     38     38     39     27     56     39     70     42     71     36     57     27     60     13     38     21     20     21     14     24     27      8     26     23      7     22      8     17     15     14     10      8      6      6      0      1      0      0      1      1      3      4      5      7      2      0      0      0      0      0      0      0      0      1      4      0      0      0      0      0      0      0      0      0      0      0
      0      0      0      0      0      0      0      0      0      0      0      0      0      0      0      0      0      0      0      0      0      2     33     13      8     38     17      8     14     38     31     25     31     33     50     57     16     20     37     75     41     44     69     32     60     53     48     23     34     27     18     41     19     27     30     18      9     12     11     20      0      2     16     11      5      3     11      8      0      7      6      3      0      3      6      3      0      2      0      0      0      0      0      0      0      0      4      0      0      0      0      0      2      0      0      0      3      0      0      0
      0      0      0      0      0      0      0      0      0      0      0      0      0      0      0      0      0      1      0      0      8      4      4     13      8     10     12     16     10     23     55     36     21     13     33    103     54     42     50     64     43     62     43     76     51     12     36     26     32     43     23     65     27     41     21     68     17      8     15     19      8      3     12     13     22      9     20      0      6      5      1      3      5      5      2      2      9      1      7      0      3      0      3      0      0      0      0      0      0      0      0      2      0      0      0      0      0      0      0      0
      0      0      0      0      0      0      0      0      0      0      0      0      0      0      0      0      0      0      0      0      0      8      2      4     21     20     20     25     16     27     20     35     38     28     61     57     44     38     48     41     68     40     50     60     70     59     51    107     29     62     28     33     30     35     15     32     28     14     16     30     34     19     23     14     13      6      9     18      2      4      5      2      4      6     11      3      0      0      0      9      6      4      0      0      0      0     10      0      0      0      0      0      2      0      0      3      0      0      0      0
      0      0      0      0      0      0      0      0      0      0      0      0      0      0      0      0      0      0      0      0      1      0      4      1      7     26      9     39     33     61     47     57     77     43     53     78     72     76     51     34     71     56     36     85     70     57     42     62     29     44     18     13     40     31     46     16     36     36     42     23     12     43     15     22      7     14      3      7      0     15      4      9      0      7      0      8      2      2      1      0      3      0      0      8      0      0      4      0      0      0      1      5      0      0      0      1      0      0      0      0
      0      0      0      0      0      0      0      0      0      0      0      0      0      0      0      0      0      0      0      2      1      5      1      4     30     10     35     50     39     30     34     56     39     66     36     73     60     48     63    109     36     78     40     42     50     48     64     30     48     44     49     68     33     51     12     49     23     33     81     39     28     19     36     10     17      4      0     13     10      2      2      4      7      9      0      0      2     11      0      3      0      6      0      1      0      0      0      0      0      0      0      0      0      1      0      0      0      0      0      0
      0      0      0      0      0      0      0      0      0      0      0      0      0      0      0      0      2      3      0      0      1      9     13      6     27     18     40     44     37     30     29     58     70     78     43     53     55     31     85     76     85     46     29     49     60     39     38     84     37     44     46     53     20     23     28     53      3     20     32     55     32     22     26     34      9     31      7     11     11      6      2     16     23      3     18      1      6      1      7      1      0      6      0      4      0      0      0      2      7      0      0      0      0      0      0      0      0      4      0      0
      0      0      0      0      0      0      0      0      0      0      0      0      0      0      0      0      0      5      0      1     14      8      7     29      3      8     31     50     41     48     53     69     90     77     58     57     66     69    121     90     76     59    106     39     78     71     69     45    116     38     57     38     32     17     40     41     27     31     17     21     13     22     21     21     13      7     11     10     23     19     11     15      8      1     11      2      0      2      0      4      2      1      4      0      3      1      0      0      0      8      0      0      0      1      1      0      0      0      0      0
      0      0      0      0      0      0      0      0      0      0      0      0      0      0      0      0      0      0      2      5      0      9      3     16     25      5     29     40     16     64     65     61     54     65     66     59    100     81     52     56     83     53    105    136     88     59     40     54     61     74     69     25     34     27     39     32     40     22     39     22     42      3     21      9     15     11      9      5      3      4      6      7      0     24      0      0      2      7      2     13      0      2      1      9      0      2      0      0      2      1     12      0      0      0      0      0      0      0      0      0
      0      0      0      0      0      0      0      0      0      0      0      0      0      0      0      2      0      0      0      0      1     13      0     10     25      9     42     27     52     41     38     36     53     93     72     74     82    101     76     62     75     36     93    151     68     98     49     89    113     73     50     16     29     41     22     36     23     79     21     24     10     13     13     29      6     10     34      3      2      5      0      8      4     16      5      1     10      2      0      0     12      2      2      5      1      0      2      2      0      2      0      3      1      1      0      1      0      2      0      0
      0      0      0      0      0      0      0      0      0      0      0      0      0      0      0      0      0      1      2      1     14      6      5      9      3     49     43     11     24     54     52     37     40     60     61     68    201     92    154     87     79    158    101     83     67     88     56     71     35     92     85     68     81     49     37     42     54     30     15     28     49     29      9     13     22     34      6     11     12     11      8      3      2      5      5      0     10      0      0      1      0      0      2      0      0      0      0      1      0      0      0      1      0      0      0      0      0      0      0      0
      0      0      0      0      0      0      0      0      0      0      0      0      0      0      0      0      0      0      8      4      1      3     17     33     49     38     35     36     43     41     22     78     76    100     73    108     47    116     76     65    181     73     65     77     80     50     72     44     48     74    102     81     41     70     48     24     20     42     34     22     32      7     17      8      6      5      3     17     10      4      2      4      0     18     19     17      0      0      9      6      4      3      0      9      0      0      0     10      0      0      0      3      0      0      5      2      0      0      2      0
      0      0      0      0      0      0      0      0      0      0      0      0      0      0      0      0      0      2      3      1      9     11     13     24     18     22     36     65     53     84     92     67     62     85    110     97    146     63    109     57     82    107    118     73     25    152    169     75     57     68     30     71     53     48     62     27     40     26     25     20     42     50     45     43      7     14     38     16     15     17     11      1      8      0      0     10      9      3      6      3      0      9      0      1      1      0      9      0      2      0      8      0      2      0      1      0      0      0      0      0
      0      0      0      0      0      0      0      0      0      0      0      0      0      0      0      0      3      0      0     12      3     11      0     16     17     18     47     37     31     94     80     87     57     71    133     91     55     87    117    100    152     80     90    134     58     54    111     43     44     80     83     26     31     83     20     45     43     26     41     33     20     29     39     33     23     14      6      0     13     22     14      7     16      0     16      2     26      0      3      7      3      2      1      7      0      0      0      0      1      0      0      0      0      0      0      0      0      0      0      0
      0      0      0      0      0      0      0      0      0      0      0      0      0      0      0      0      0      1     12      5      3      7     23     26     19     38     30     43     58     44     57     58     74     92     68     85     71     90     89     57     82     74    108    115    125     62     48    100     66     66     37     42     69    107     21     38     74     44     45     53     33     27      8      2     20     19     19      6     31      6     19     21     12     21      3     15      0      0      2      1      0      6      0      0      1      0      0      0      4      0      0      0      3      0      0      0      0      0      0      0
      0      0      0      0      0      0      0      0      0      0      0      0      0      6      0      0      0      0      3      0      0      7      9      5     29     36     23     58     67     45     46     57     76    133     60     90     97    119    129     66    119     92     92     68     32    122     72    147    134     65     45     30     32     63     89     50     41     21     56     73     65      9      7     14     16     20      5     16     21     10     13     12      6      7      6      9      1      2      0      0      5      0      0      1      0      0     22      0      1      0      0      0      0      0      0      0      0      0      0      0
      0      0      0      0      0      0      0      0      0      0      0      0      0      0      0      0      0      6      0      3      8     16      7     27     26     33     20     32     49     59     78     89     42     61     60    130    162     50    143    123     61     66     97    113     77     97     90     57     65     68     71     32     44     14     56    100     58     20     53     33     12     16     19     14     15     26      9      6     39     16     14     10      5      1      0      3      4      4     14      7      1      3      8      1      2      8      4      4      3      1      5      0      0      0      2      0      3      0      0      0
      0      0      0      0      0      0      0      0      0      0      0      0      0      0      0      1     11      3      5      1      7      7     11     12      9     60     31     50     83     82     51     32     63    101     78     54    140     68     40     47    131    126     70    102     80     90     97     75     41     50     57     91     68     52     29     27     45     14     53     41     59     30     26     13      3     12      6     18     12      3     11     13     22      5      9      7      6      0      4      2     14      0      2      0      0      5      1      8      0      0      1      0      0      0      0      0      0      0      0      0
      0      0      0      0      0      0      0      0      0      0      0      0      0      0      0      0      0      5      5      0      0      6     12      8      2     18     49    105     40     68     88     92     55     94     51     46    114    119     91     54     59     91     88     42    102     62     78     73     83     32     39     64     52     40     54     60     29     33     67     42     18     32     14     24     16      9      9      6     26     13     11      0      3     24      8      3      1      2      1     11      3      0      0      9      0      0      0      0      0      0      6      0      0      1      5      0      3      0      1      0
      0      0      0      0      0      0      0      0      0      0      0      0      0      0      0      0      0      0      2     26      5      5     17     25     19     28     35     46     65     30     39     86     49     49    102    110     84    102     45     44     56     56     72    122    101     84     51     87     48     86     50     56     78     46     85     14     48     22     54     21     73      9      3     26     16     15     12     16     26      7      4      9      8      0     16     10     18      2      0      5      0      2      0      0      5     11      3      0      5      0      1      0      0      0      0      0      0      0      0      0
      0      0      0      0      0      0      0      0      0      0      0      0      0      0      0      0      0      0      0      9     15      8     27     19     35     28     48     33     39     53     67     71     69     88     85    129    142    128     85     72    107     64     94     67    102     86     72    105     89     53     67     93     89     76     57     38     29     36     52     29     39     35     69     18      6     11     13      9      2     12      9     13     14      4      8      3      0      0      0     15      5      0     11      2      2     13      0      0      0      4      0      0      0      0      2      0      0      0      0      0
      0      0      0      0      0      0      0      0      0      0      0      0      0      0      0      0      0      0      8      2      1      6      7     25     22     19     76     33     62     99     42     70     42     59     91     52    103     92     64     52     59    165     71     96     50     61     60     78     37     37     53     57     32     41     71     48     35     47     34      7     45     27     32     31     12      4      6     21      5     19      6     35      4     19     17     30      7      8      3      3     13      5      0      6      0      0      2      0      0      0      0      0      0      0      4      0      0      0      0      0
      0      0      0      0      0      0      0      0      0      0      0      0      0      0      0      1      1      1      2      2      8     16      4      9     19     28     36     70     50     78     37     84     85     40     99    100     79     97     85     57     90     98     83     84    108     83     86     76     46     47     20     48     32     40     54     46     38     32     37      4     60     36     23     20     20     18      5     32     29     13      5     16      5     19      0      4      6      6      6      0      2      2      0      0      0      0      0      0      1      4      0      0      0      0      0      0      0      0      0      0
      0      0      0      0      0      0      0      0      0      0      0      0      0      0      7      6      0      0     21      0      0     13      7     31     30     22     10     47     61     45     34     51     87     67     37     79     74    100    142     72     64     68     96    114    125     44     57     70     71     53     38     34     46     60     56     51     61     22     55     37     49     24     17     18     33      8     26     72      7      8      2      8      9      8      5      6      1      1      3      8      2      6     15      0      0      0      1      8      0      2      0      0      0      0      0      0      0      0      0      0
      0      0      0      0      0      0      0      0      0      0      0      0      0      0      2      0      1      0      3      3      9      3     10      9     29     36     15     14     26     48     68     80     51     62     41     75     85     69     68     64     60    127     87     36    113     64     95     61     71     50     68     33     22     83     54     36     12     27     25     50      7     18     22      8     21     19     13      1      7     14      7     42     32      6      2      0      0      0      2      3      5      0      0      0      0      0      1      1      4      6      0      1      0      0      4      0      0      0      0      0
      0      0      0      0      0      0      0      0      0      0      0      0      0      0      0      0      0      0      0     12     21     12     12     31     30      9     52     31     60     24     29     62     20    122     71     51     48     53     94     94     44     87     86     42     46     57     99     57     49     61     76     27     17     42     40     53     35     16     54     42     44     10     41     23      4      8     11     13      0      3     21     20      2     11      8      1     10      8      0      0     10      0      0      0      0      1      3      7      0      2      0      3      0      0      0      0      0      0      5      0
      0      0      0      0      0      0      0      0      0      0      0      0      0      0      0      0      0      0      0     20      6      0     33     11      8     47     20     34     46     28     67     65    120    118     98     72     24     46     43     46     33     62     48     57     42     46     18     58     41     39     35     27     67     22     40     64     65     23     62     20     12     12     24     26     16     12      3     27      1     13     11      6      4      2      0      0      0     14      0      0      2      0      3      0      0      0      0      0     12      0      0      0      2      0      0      0      0      0      0      0
      0      0      0      0      0      0      0      0      0      0      0      0      0      0      6      0      0      3      0     11     13     16     14     18      5     16     16      0     39     40     17     67     71     64     44     50     74     58     38     70     58    107     64     26     69     49     53     41     50     30     34     25     26     39     10     60     35     46     45     15      3     26      8     12     11     34     19     22      0     10      1      1      3     12     15      5      6      0      2      0      7      0      0      0      0      0      0      0      0      0      0      0      0      1      0      0      0      0      0      0
      0      0      0      0      0      0      0      0      0      0      0      0      0      0      0      0      8      0      0      0      1     10      4     25     22     27     19     30     14     27     37     37     68    102     73     60     43     72     40     35     69     41     44     65     84     43     48      9     33     52     62     67     65     15     21     19     29     24      3     32      5     22      1      3      7      1     10     26      8     14     19     18     17      2      1      9      6      0      0      0      0      0      7      0      0      1      0      1      1      1      0      0      0      1      0      0      0      2      0      0
      0      0      0      0      0      0      0      0      0      0      0      0      0      0      0      0     11      0      2      1      1      0      3      2     21     18     42     11     15     29     17     30     24     65     46     70     73     57     55     45     52     44     46     70     14     47     59     42     30     52     28     43     33     25      9     25     22     28     11      3     13     15     14     13      4     12      7      4      0     11      0      8      0     10      0      1      6      0      0      0      0     15      6      1      2      0      0      0      0      0      4      0      0      0      0      0      0      0      1      0
      0      0      0      0      0      0      0      0      0      0      0      0      0      0      0      0      0      0      0      9      1     15      0      0     21      8     29     14     47     19     35     20     21     75     54     56     40     17     62     66     30     49     40     51     90     68     45     46     24     59     45     49     19     36     44     19     16     19     41     25     11     20     29      3     14      3      7      5     14      4      4     12     17      8      3     11      0      0      0      0      7      0      0      7      0      0      8      0      0      1      0      0      0      0      0      0      0      0      3      0
      0      0      0      0      0      0      0      0      0      0      0      0      0      0      0      0      0      0      0      1      1      6     14     13     24     26     17     25     30     18     49     50     29     48     22     56     52     58     90     21     16     41     20     47     59     48     19     57     21      8     38     17     16     26     26     19     17     25      1     33     44     19     10      6     22     16      5      7      8     18     19      9     16      2      0      0      7      8      0      0      6      3     16      0      5      0      0      0      0      0      0      0      0      2      4      0      0      2      0      0
      0      0      0      0      0      0      0      0      0      0      0      0      0      0      0      0      1      0      0      1      6      1      9     21      6      0     11     15     20     41     39     14      5     27     34     44     20     21     49     21     33     22     60      9     25     25     41     32     32     17     30      9     17     35     30      1     10     22     34      1      0     10      0     14      9      2      7     10     11      4      3      3      4     20      6      0      0      5      0      9     13      0      0      4      0      1      0      0      0      0      0      1      0      5      0      0      0      0      0      0
      0      0      0      0      0      0      0      0      0      0      0      0      0      0      0      0      0      0      5      4      0     19      0      9      3     10     16     12     12     38     25     13     18     40     23     40     36     20     34     44      6     15     60     29     70     26     29     13     30     22     42     18     73     21     33     32      7      2     10      2      3      2      3      0      6     19     15      0      0      2      0     14     15      7     11      0     20      0      0      4      0      6      0      0      4      0      0      0      0      0      0      0      0      0      0      0      0      0      0      0
      0      0      0      0      0      0      0      0      0      0      0      0      0      0      0      0      0      0      0      0      9      5      4      5     43      1     37     35     27     19     43      9     52     17     41      7     22     21     27     37     12      2     45     56     43     21     16      5     24     25     18     25     26     15      6     14     24     17      4      1      3     22      4      0      0      0      6      0      5      3      6      0      4      3      9      0      0      0      0      0      0      0      0      0      0      0      0      0      0      0      0      0      0      0      0      0      0      0      1      0
      0      0      0      0      0      0      0      0      0      0      0      0      0      0      0      0      0      0      0      0      0      5      0      6      2     12     13      5     22     22     18     26      3     30     15     31     17     13     37     16     18     41     29     14     15     12     17     16      5     18     11     35     46     17      2     16     23      8     21      3      1     28     10      4      3      0      5     12      0     16      4      0      0      5      0      2      0      0      0      0      0      0      5      0      2      0      0      0      0      0      0      0      0      0      0      0      0      0      0      0
      0      0      0      0      0      0      0      0      0      0      0      0      0      0      0      0      5      0      2      0      2      0     14     33      0     19     10     17     29     27     24     12     20     64     67     44     47     11     42     16     11      3     24     11      9     18     33     16      9     10      7     26     15      9      3     36      3      4      8      7      2      0      3      2      0      0      0      2      0      0      5      0      0      0      0      0      0      7      2      0      0      0      0      0      0      0     10      0      0      0      0      0      2      0      0      0      0      0      0      0
      0      0      0      0      0      0      0      0      0      0      0      0      0      0      0      0      0      0      1      0      8      0      0      0      4     10      3     25     14      5     18     24     10      4     14     17     13     30     11     13     48      4     43     12      4      8     10     19     29      9      8      2     11      0      2      0     13      0      0      5      0     13      7      0      3      8      3      1      0      5      3      0     16      0      0      0      0      0      0      0      5      0     13      0      0      0      0      0      0      0      0      0      0      0      0      0      0      0      0      0
      0      0      0      0      0      0      0      0      0      0      0      0      0      0      0      0      0      0      0      0      0      0      2      3      0      0      3      5     10     14     16     20     17     16     23      2      2     10     18      6     17     17      8     36      4     10     20     19      0     11      7     30     17      1      2      4      5      3      4      0      8      9      0     19      2      4      4      0      4      0      1      2      8      0      0      3     15      0      5      0      0      0      0      0      0      0      8      4      0      0      0      0      9      0      0      0      0      0      0      0
      0      0      0      0      0      0      0      0      0      0      0      0      0      0      0      0      0      0      0      2      0      0      7      0      1      1     13      5      7      9      4     17     22     20     10      0     25     10      6     51     28      2     12     15      9     15     17     23      0     11      3     18      4      3     13     10      4      0      6      7      1      0      2      1      2      0     10     11      1      0      0      0     20      0      2      0      0      0      0      0      0      0      0      0      2      0      0      0      0      0      0      0      0      0      0      0      0      0      0      0
      0      0      0      0      0      0      0      0      0      0      0      0      0      0      0      0      0      0      0     12      2      7      0     22      0      0      1      3     22     19     23      2      5     13      6      1      5     13     13      4     23      6     37     17     15     17     18      0     11      3      4     10      1      5     14      1      4     11      0      0      7      0      7      7     15      0      0      0      0      0      1      0      0      0      2      0      0      0      0      0      0      2      0      0      0      0      0      1      0      0      0      0      0      0      0      0      0      0      0      0
      0      0      0      0      0      0      0      0      0      0      0      0      0      0      0      0      0      0      0      0      9      2      0      0      1     20     12      0      7      9      5      0      6      4      5      3     28      3      9     18      6     27      7      9     15      5     10      9      9     12      0      1      7      6     12      0      2      0      5      0      7      5      0     13      0      0      0      0      0      1      0      0      0      0      0      0      0      0      0      0      0      0      0      0      0      0      0      0      0      0      0      0      0      0      0      0      0      0      0      0
      0      0      0      0      0      0      0      0      0      0      0      0      0      0      0      0      0      0      0      0      0      0      2      0      0      0      0      4      3      0      7     12      8     15     10      5     13      5      0     13      7     15      1      1      1      6      6      7      5     16      0      6      5      5      0      4      0      0      0      7      8      4      3      0      0     13      0      0      0      0      0      0      3      0      9      0      0      0      0     10      0      1      1      0      0      0      0      0      0      0      0      0      0      0      0      0      0      0      0      0
      0      0      0      0      0      0      0      0      0      0      0      0      0      0      0      0      0      0      0      0      0      0      0      0      0      6      1      0      8      8      0      4     11     18      6      5      0     14     11      1      4      2      9      1     21     15      1      0     10      0     10      1      1      1      1      4     11      7      0      0      0      0      0      0      0      0      2      1      3      0      0      0      1      0      0      0      0      0      0      0      0      0      0      0      0      0      0      0      0      0      0      0      0      0      0      0      0      0      0      0
      0      0      0      0      0      0      0      0      0      0      0      0      0      0      0      0      0      0      0      0      0      2      0      0      1      0      0      0      0      6      1      2      2     16     11     18     10     26      3      1      0     19     11     11     17     10     14     36     13      5      2      0      0      1      7      1      4      0      0      0      0      0      0      0      0      0      0      0      0      0      0      7      0      0      0      0      0      0     10      0      0      0      0      0      0      0      0      0      0      0      0      0      0      0      0      0      0      0      0      0
      0      0      0      0      0      0      0      0      0      0      0      0      0      0      0      0      0      0      0      0      0     11      0      0      0      1      0      0      0      0      0      0      1      7      5      0      8      0      4      4     11     13     15     10      9      3      6      0     18      3      2      0      0      0      0     13      1      0      8      7      2      0     10      0      0      0      6      0      0      0      1      0      1      0      0      0      0      0      0      0      0      0      0      0      0      0      0      5      0      0      0      0      0      0      0      0      0      0      0      0
      0      0      0      0      0      0      0      0      0      0      0      0      0      0      0      0      0      0      0      0      0      0      0      0      0      1      1      5      0      0     10      0      2      0      9      0      3      0      1      3      0      0      5     10      0      5      0      5     10      0      1      1      0      0      2      2      0      0      0      0      2      0      0      0      0      0      0      0      0      0      5      0      0      0      0      0      0      0      0      0      0      0      0      0      0      0      0      0      0      0      0      0      0      0      0      0      0      0      0      0
      0      0      0      0      0      0      0      0      0      0      0      0      0      0      0      0      0      0      0      3      0      6      0      0      0      2      0      0      0     11      8      9      4      2      0      0      5      7      4      0      0      0      4      3      0      4      0      0      0      0      0      2      0      0      0      0      2      0      0      0      0      6      0      0      0      0      0      0      0      0      0      0      0      0      0      0      0      0      0      0      0      0      0      0      0      0      0      0      0      0      0      0      0      0      0      0      0      0      0      0
      0      0      0      0      0      0      0      0      0      0      0      0      0      0      0      0      0      0      0      0      1      0      0      0      0      2      0      0      0      0      6      0      0      0      7     11      2     28      0      3      0      0      0      0      0      5      0      0      4      0      1      0      0      0      0      0      0      5      0      0     12      0      0      0      0      0      0      0      0      0      0      0      0      0      0      0      0      0      1      0      0      0      0      0      0      2      0      0      0      0      0      0      0      0      0      0      0      0      0      0
      0      0      0      0      0      0      0      0      0      0      0      0      0      0      0      0      0      0      0      0      0      0      0      0      0      0      0      2      0      0      0      0      0      0      0      0      3     11      0      2      0      0      0      4      0      0      0      0      0      0      2      0      0      0      0      0      2      0      0      0      0      0      0      0      0      0      0      0      0      0      0      0      0      0      0      0      0      0      0      0      0      0      0      0      0      0      0      7      0      0      0      1      0      0      0      0      0      0      0      0
      0      0      0      0      0      0      0      0      0      0      0      0      0      0      0      0      0      0      4      1      0      0      0      0      0      0      1      0      0      0      0      0      0      0      0      0      0      0      0      0     10      0      1      0      0      0      0      0      0      0      0      0      0      0      2      0      0      0      0      0      0      0      1      0      0      0      0      0      0      0      0      0      0      0      0      0      0      0      0      0      0      0      0      0      0      0      0      0      0      0      0      0      0      0      0      0      0      0      0      0
      0      0      0      0      0      0      0      0      0      0      0      0      0      0      0      0      0      0      0      0      0      0      0      0      0      4      0      1      7      0      0      0      0      0      1      0      0      2      0      0      0      7      1      0      0      4      0      0      0      0      0      2      0      0      1      0      0      0      0      0      0      0      0      0      0      0      0      0      2      0      0      0      0      0      0      0      0      0      0      0      0      0      0      0      0      0      0      0      0      0      0      0      0      0      0      0      0      0      0      0
      0      0      0      0      0      0      0      0      0      0      0      0      0      0      0      0      0      0      0      0      0      0      0      0      0      0      0      0      0      0      0     11      0      0     12      0      0      0      0      9      0      0      5      0      2      0      0      3      0      0      0      0      0      0      0      0      0      0      0      0      0      0      0      0      0      0      0      0      1      0      0      0      0      0      0      0      0      0      0      0      0      0      0      0      0      0      0      0      0      0      0      0      0      0      0      0      0      0      0      0
      0      0      0      0      0      0      0      0      0      0      0      0      0      0      0      0      0      0      0      0      0      0      0      0      0      0      4      0      0      0      0      4      0      0      4      0      0      0      0      0      0      3      0      3      0      0      2      0      0      0      0      0      0      0      0      0      0      0      3      0      0      0      0      0      0      0      0      0      0      0      0      0      0      0      0      0      0      0      0      0      0      0      0      0      0      0      0      0      0      0      0      0      0      0      0      0      0      0      0      0
      0      0      0      0      0      0      0      0      0      0      0      0      0      0      0      0      0      0      0      0      0      0      0      0      0      0      0      0      0      0      0      0      0      0      0      0      0      0      0      0      0      1      0      0      4      0      0      0      0      0      0      1      0      0      0      0      0      0      0      0      0      0      0      0      0      0      0      0      0      0      0      0      0      0      0      0      0      0      0      0      0      0      0      0      0      0      0      0      0      0      0      0      0      0      0      0      0      0      0      0
      0      0      0      0      0      0      0      0      0      0      0      0      0      0      0      0      0      0      0      0      0      0      0      0      0      0      0      0      0      0      0      0      0      6      0      0      0      0      0      0      0      0      0      0      0      0      0      0      9      0      0      0      0      0      0      0      0      0      0      0      0      2      0      0      0      0      0      0      0      0      0      0      0      0      0      0      0      0      0      0      0      0      0      0      0      0      0      0      0      0      0      0      0      0      0      0      0      0      0      0
      0      0      0      0      0      0      0      0      0      0      0      0      0      0      0      0      0      0      0      0      0      0      0      0      0      0      0      0      0      0      0      2      0      0      0      0      0      0      0      0      0      0      0      0      4      0      0      0      0      0      0      0      1      0      0      0      0      0      0      0      0      0      0      0      0      0      0      0      0      0      1      0      0      0      0      0      0      0      0      0      0      0      0      0      0      0      0      0      0      0      0      0      0      0      0      0      0      0      0      0
      0      0      0      0      0      0      0      0      0      0      0      0      0      0      0      0      0      0      0      0      0      0      0      0      0      0      0      0      0      0      8      0      0      0      0      0      0      0      0      0      0      0      0      0      0      0      0      1      0      0      0      0      0      0      0      0      0      0      0      0      0      0      0      0      0      0      0      0      0      0      0      0      0      0      0      0      0      0      0      0      0      0      0      0      0      0      0      0      0      0      0      0      0      0      0      0      0      0      0      0
      0      0      0      0      0      0      0      0      0      0      0      0      0      0      0      0      0      0      0      0      0      0      0      0      0      0      0      0      0      0      0      7      0      0      0      0      0      0      2      0      0      0      0      0      0      0      0      9      0      0      0      0      0      0      0      0      0      0      0      0      0      0      0      0      0      0      0      0      0      0      0      0      0      0      0      0      0      0      0      0      0      0      0      0      0      0      0      0      0      0      0      0      0      0      0      0      0      0      0      0
      0      0      0      0      0      0      0      0      0      0      0      0      0      0      0      0      0      0      0      0      0      0      0      0      9      0      0      0      0      0      0      0      0      1      0      0      0      0      0      0      0      0      0      0      0      0      0      0      0      0      0      0      0      0      0      0      0      0      0      0      0      0      0      0      0      0      0      0      0      0      0      0      0      0      0      0      0      0      0      0      0      0      0      0      0      0      0      0      0      0      0      0      0      0      0      0      0      0      0      0
      0      0      0      0      0      0      0      0      0      0      0      0      0      0      0      0      0      0      0      0      0      0      0      0      0      0      0      0      0      0      0      0      0      0      0      0      0      0      0      0      0      0      0      0      0      0      0      0      0      0      0      0      0      0      0      0      0      0      0      0      0      0      0      0      0      0      0      0      0      0      0      0      0      0      0      0      0      0      0      0      0      0      0      0      0      0      0      0      0      0      0      0      0      0      0      0      0      0      0      0
      0      0      0      0      0      0      0      0      0      0      0      0      0      0      0      0      0      0      0      0      0      0      0      0      0      0      0      0      0      0      0      0      0      0      0      0      0      0      0      0      0      0      0      0      0      0      0      0      0      0      0      0      0      0      0      0      0      0      0      0      0      0      0      0      0      0      0      0      0      0      0      0      0      0      0      0      0      0      0      0      0      0      0      0      0      0      0      0      0      0      0      0      0      0      0      0      0      0      0      0
      0      0      0      0      0      0      0      0      0      0      0      0      0      0      0      0      0      0      0      0      0      0      0      0      0      0      0      0      0      0      0      0      0      0      0      0      0      0      0      0      0      0      0      0      0      0      0      0      0      0      0      0      0      0      0      0      0      0      0      0      0      0      0      0      0      0      0      0      0      0      0      0      0      0      0      0      0      0      0      0      0      0      0      0      0      0      0      0      0      0      0      0      0      0      0      0      0      0      0      0
      0      0      0      0      0      0      0      0      0      0      0      0      0      0      0      0      0      0      0      0      0      0      0      0      0      0      0      0      0      0      0      0      0      0      0      0      0      0      0      0      0      0      0      0      0      0      0      0      0      0      0      0      0      0      0      0      0      0      0      0      0      0      0      0      0      0      0      0      0      0      0      0      0      0      0      0      0      0      0      0      0      0      0      0      0      0      0      0      0      0      0      0      0      0      0      0      0      0      0      0
      0      0      0      0      0      0      0      0      0      0      0      0      0      0      0      0      0      0      0      0      0      0      0      0      0      0      0      0      0      0      0      0      0      0      0      0      0      0      0      0      0      0      0      0      0      0      0      0      0      0      0      0      0      0      0      0      0      0      0      0      0      0      0      0      0      0      2      0      0      0      0      0      0      0      0      0      0      0      0      0      0      0      0      0      0      0      0      0      0      0      0      0      0      0      0      0      0      0      0      0
