\ 
\ Covariance Function Histogram Table
\ 
\ X Parameter: e sine omega
\ X Abbrev   : esinw
\ X Units    : none
\ X Items    : 100         
\ 
\ Y Parameter: Period
\ Y Abbrev   : P
\ Y Units    : days
\ Y Items    : 100         
\ 
|col000|col001|col002|col003|col004|col005|col006|col007|col008|col009|col010|col011|col012|col013|col014|col015|col016|col017|col018|col019|col020|col021|col022|col023|col024|col025|col026|col027|col028|col029|col030|col031|col032|col033|col034|col035|col036|col037|col038|col039|col040|col041|col042|col043|col044|col045|col046|col047|col048|col049|col050|col051|col052|col053|col054|col055|col056|col057|col058|col059|col060|col061|col062|col063|col064|col065|col066|col067|col068|col069|col070|col071|col072|col073|col074|col075|col076|col077|col078|col079|col080|col081|col082|col083|col084|col085|col086|col087|col088|col089|col090|col091|col092|col093|col094|col095|col096|col097|col098|col099|
|int   |int   |int   |int   |int   |int   |int   |int   |int   |int   |int   |int   |int   |int   |int   |int   |int   |int   |int   |int   |int   |int   |int   |int   |int   |int   |int   |int   |int   |int   |int   |int   |int   |int   |int   |int   |int   |int   |int   |int   |int   |int   |int   |int   |int   |int   |int   |int   |int   |int   |int   |int   |int   |int   |int   |int   |int   |int   |int   |int   |int   |int   |int   |int   |int   |int   |int   |int   |int   |int   |int   |int   |int   |int   |int   |int   |int   |int   |int   |int   |int   |int   |int   |int   |int   |int   |int   |int   |int   |int   |int   |int   |int   |int   |int   |int   |int   |int   |int   |int   |
      0      0      0      0      0      0      0      0      0      0      0      0      0      0      0      0      0      0      0      0      0      0      0      0      0      0      0      0      0      0      0      0      0      0      0      0      0      0      0      0      0      0      0      0      0      0      0      0      0      0      1      0      0      0      0      0      0      0      0      0      0      0      0      0      0      0      0      0      0      0      0      0      0      0      0      0      0      0      0      0      0      0      0      0      0      0      0      0      0      0      0      0      0      0      0      0      0      0      0      0
      0      0      0      0      0      0      0      0      0      0      0      0      0      0      0      0      0      0      0      0      0      0      0      0      0      0      0      0      0      0      0      0      0      0      0      0      0      0      0      0      0      0      0      0      0      0      0      0      0      0      0      0      0      0      0      0      0      0      0      0      0      0      0      0      0      0      0      0      0      0      0      0      0      0      0      0      0      0      0      0      0      0      0      0      0      0      0      0      0      0      0      0      0      0      0      0      0      0      0      0
      0      0      0      0      0      0      0      0      0      0      0      0      0      0      0      0      0      0      0      0      0      0      0      0      0      0      0      0      0      0      0      0      0      0      0      0      0      0      0      0      0      0      0      0      0      0      0      0      0      0      0      0      0      0      0      0      0      0      0      0      0      0      0      0      0      0      0      0      0      0      0      0      0      0      0      0      0      0      0      0      0      0      0      0      0      0      0      0      0      0      0      0      0      0      0      0      0      0      0      0
      0      0      0      0      0      0      0      0      0      0      0      0      0      0      0      0      0      0      0      0      0      0      0      0      3      0      0      0      0      0      0      0      0      0      0      0      0      0      0      0      0      0      3      3      0      0      0      0      0      0      0      0      0      0      0      0      0      0      0      0      0      0      0      0      0      0      0      0      0      0      0      0      0      0      0      0      0      0      0      0      0      0      0      0      0      0      0      0      0      0      0      0      0      0      0      0      0      0      0      0
      0      0      0      0      0      0      0      0      0      0      0      0      0      0      0      0      0      0      0      0      0      0      0      0      0      0      0      1      0      0      0      0      1      0      0      0      0      0      0      0      0      0      0      0      0      0      0      3      0      0      0      0      3      0      0      0      0      0      0      0      0      0      0      0      0      0      0      0      0      0      0      0      0      0      0      0      0      0      0      0      0      0      0      0      0      0      0      0      0      0      0      0      0      0      0      0      0      0      0      0
      0      0      0      0      0      0      0      0      0      0      0      0      0      0      0      0      0      0      0      0      0      0      0      0      0      0      0      0      0      0      0      0      0      0      0      1      0      0      0      0      0      0      0      5      0      0      0      0      0      0      0      0      0      0      0      0      0      0      0      0      0      0      0      0      0      0      0      0      0      0      0      0      0      0      0      0      0      0      0      0      0      0      0      0      0      0      0      0      0      0      0      0      0      0      0      0      0      0      0      0
      0      0      0      0      0      0      0      0      0      0      0      0      0      0      0      0      0      0      0      0      0      0      0      0      0      0      0      0      0      0      0      0      0      0      1      0      0      0      0      0      0      0      0      0      1      2      4      0      1      0      4      0      0      0      0      0      0      0      0      0      0      0      0      0      0      0      0      0      0      0      0      0      0      0      0      0      0      0      0      0      0      0      0      0      0      0      0      0      0      0      0      0      0      0      0      0      0      0      0      0
      0      0      0      0      0      0      0      0      0      0      0      0      0      0      0      0      0      0      0      0      0      0      0      0      0      0      0      0      0      0      0      0      0      0      5      0      0      0      0      0      2      0      0      0      2      0      1      0      0      0      0      0      0      0      0      0      0      0      0      0      0      0      0      0      0      0      0      0      0      0      0      0      0      0      0      0      0      0      0      0      0      0      0      0      0      0      0      0      0      0      0      0      0      0      0      0      0      0      0      0
      0      0      0      0      0      0      0      0      0      0      0      0      0      0      0      0      0      0      0      0      0      0      0      1      0      0      0      0      0      0      0      0      0      0      2      0      9      0      0      2      0      0      0      0      0      0      0      0      0      0      0      1      0      0      0      0      0      0      0      0      0      0      0      0      0      0      0      3      0      0      0      0      0      0      0      0      0      0      0      0      0      0      0      0      0      0      0      0      0      0      0      0      0      0      0      0      0      0      0      0
      0      0      0      0      0      0      0      0      0      0      0      0      0      0      0      0      0      0      0      4      0      0      0      0      0      0      0      0      0      5      0      0      0      0      0      0      7      0      1      0      0      0      1      0      0      0      0      0      0      0      0      0      0      0      0      3      0      0      0      0      0      0      0      0      0      0      0      0      0      0      0      0      0      0      0      0      0      0      0      0      0      0      0      0      0      0      0      0      0      0      0      0      0      0      0      0      0      0      0      0
      0      0      0      0      0      0      0      0      0      0      0      0      0      0      0      0      0      0      0      0      0      0      0      0      1      0      0      0      0      1      0      0      0      0      2      0      0      0      0      0      0      0      0      0     12      0      0      0      0      0      0      0      3      0      0      0      0      2      0      0      0      0      0      0      0      0      0      0      0      0      0      0      0      0      0      0      0      0      0      0      0      0      0      0      0      0      0      0      0      0      0      0      0      0      0      0      0      0      0      0
      0      0      0      0      0      0      0      0      0      0      0      0      0      0      0      0      0      0      0      1      0      0      0      5      0      0      0      0      0      0      0      0      0      0      0      0      0      1      0      1      0      0      0      0      0      1      0      0      4      0      0      0      0      0      0      0      0      0      0      0      0      0      0      0      0      4      0      2      0      0      0      0      0      0      0      0      0      0      0      0      0      0      0      0      0      0      0      0      0      0      0      0      0      0      0      0      0      0      0      0
      0      0      0      0      0      0      0      0      0      0      0      0      0      0      0      0      0      0      2      2      0      0      1      0      0      0      0      0      1      0      0      0      0      0      0      5      0      0      0      0      5      3      0      0      0      2      0      1      0      2      0      0      0      0      0      0      0      0      0      0      0      0      0      0      0      0      0      0      2      0      0      0      0      0      0      0      0      0      0      0      0      0      0      0      0      0      0      0      0      0      0      0      0      0      0      0      0      0      0      0
      0      0      0      0      0      0      0      0      0      0      0      0      0      0      0      0      0      0      0      0      0      0      0      2      0      2     11      0      4      0      0      0      0      0      0      8     26      0      0      0      1      7      0      0      0      0      0      0      0      0      2      1      0      2      2     12      0      4      0      0      0      0      0      0      1      0      0      0      0      0      0      0      0      3      0      0      0      0      0      0      0      0      0      0      0      0      0      0      0      0      0      0      0      0      0      0      0      0      0      0
      0      0      0      0      0      0      0      0      0      0      0      0      0      0      0      4      0      0      0      0      0      2      0      0      2      0      0      6      8      2      0      0      1      0      2      0      0      0      0      0      0      4      0      0      0      8      4      6      0      0      0      0      0      0      0      0      0      0      0      0      3      0      0      3      0      0      1     13      0      0      0      0      0      0      0      0      1      0      0      0      0      0      0      0      0      0      0      0      0      0      0      0      0      0      0      0      0      0      0      0
      0      0      0      0      0      0      0      0      0      0      0      0      0      0      2      0      0      0      0      0      0      1      0      0      0      0      0      0      0      0      2      9      0      1      0      0      0      0      5      6      0      4      0      0      2      0      0      1      0      1      1      0      6      0      2      0      0      7      0      4      0      9      0      0      0      0      0      0      0      0      0      0      0      0      3      0      0      0      0      0      0      0      0      0      0      0      0      0      0      0      0      0      0      0      0      0      0      0      0      0
      0      0      0      0      0      0      0      0      0      0      0      0      0      0      0      0      0      0      0      0      0      4      0      0      0      0      1      0      4      2      0      0      8      0      2      0      2      0      4      2      2      0      0      0      0      0      0      5      8      0      0      9      2      1      0      0      2      0      2      0      0      0      0      0      1      3      0      0      0      0      0      0      5      0      0      0      0      0      0      0      0      0      0      0      0      0      0      0      0      0      0      0      0      0      0      0      0      0      0      0
      0      0      0      0      0      0      0      0      0      0      0     10      0      0      0      0      0      0      0      0      0      2      0      2      0      0      0      0      3      0      5      0      3     12      0      2      1      0      0      5     14      4      0      0      1      0      4      5      1      7      0      0      6      1      2      3      0      0      5      4      2      0      5      0      0      1      0      0      0      0      0      0      0      0      0      0      0      0      0      0      0      0      0      0      0      0      0      0      0      0      0      0      0      0      0      0      0      0      0      0
      0      0      0      0      0      0      0      0      0      0      0      0      0      0      0      0      0      0      0      0      0      0      0      0      2      0      0      2      1      0      1      0     16      0      0      0     29      2      1      4     22      0     15      1      0     14      6      0      0      2      2      0      0      2      0      3     14      0      9     13      0      0      0      0      0      0      0      0      0      0      0      5      0      0      0      0      0      0      0      0      0      0      0      0      0      0      0      0      0      0      0      0      0      0      0      0      0      0      0      0
      0      0      0      0      0      0      0      0      0      0      0      0      0      0      0      0      0      4      0      1      0      0      0      0      0      0      0      0      0      1     15      2      0      0      2      3      1     10      7      0     12      2     16      3      0     14      4      4      4      0      3      0     12      1      4     10      0      0      4      6      3      3     20      0      0      0      0      0      0      0      0      0      0      0      0      0      0      0      0      0      0      0      0      0      0      0      0      0      6      0      0      0      0      0      0      0      0      0      0      0
      0      0      0      0      0      0      0      0      0      0      0      0      0      0      0      0      0      0      0      4      0      0      0      1      0      0      0      0      0      0      3      0      3      0      4     14      9      0     16      4      5      3      4      7     10      1     21      2     19      3      7      9      1     21      3      0     15      3      7      0      0      0      0      0      0      0      0      0      0      4      0      0      0      0      0      2      0      0      2      0      0      0      0      0      0      0      0      0      0      0      0      0      0      0      0      0      0      0      0      0
      0      0      0      0      0      0      0      0      0      0      0      0      0      0      0      0      0      0      0      0      9      3      2      5      9      0      3      0      1      4      0     10     15      1      9      0      1     13      0      8     13      2      4      1      0      0      6      5      6      2     10      0      3     16      2      6      0      1      7      0      5      1      1      6     11      3      0      1      4      0      0      0      0      0      0      0      0      0      0      0      0      0      0      0      0      0      0      0      0      0      0      0      0      0      0      0      0      0      0      0
      0      0      0      0      0      0      0      0      0      0      0      0      0      0      0      4      0      4      0      1      0      0      0      0      0      0      0      2      0      4      1     18      0     12     10      3      0     18     15      0      5      9      1      7      5      8      4      5     25     18      0      7      8      3      1      6      0      2      0      0      0      0      5      0      0      0      4      1      0     15      0      0      0      0      0      0      0      0      0      0      0      0      0      0      0      0      0      0      0      0      0      0      0      0      0      0      0      0      0      0
      0      0      0      0      0      0      0      0      0      0      0      0      0      0      0      0      0      0      0      0      0      5      1      5     11      1      0      1     18      3      0      9      1      0      5      0     11     15      7     12     10      6      3     18      1     16      2     12     22      2     16      5     15      7     11      3      3      0      8     18      2      7      0      0      2      9      3      0      0      0      0      0      0      2      2      2      1      0      0      0      0      1      0      0      0      0      0      0      0      0      0      0      0      0      0      0      0      0      0      0
      0      0      0      0      0      0      0      0      0      5      0      0      0      0      0      0      0      0      5      2      0      0      0      2      1      7      0      1      0      2      9      3      7     10     14     28      0      7     43      0      9      1     40      1     17     10      2      8      8      0     20     23     10      0      9      0      4      3      9      4     16      2      6      2     13      7      4      0      0      6      8      0      0      4      0      0      0      0      1      0      0      0      0      0      0      0      0      0      0      0      0      0      0      0      0      0      0      0      0      0
      0      0      0      0      0      0      0      0      0      0      0      0      0      0      2      0      2      1      0      0      0      0      1      1      2      0      2      7      1     11      6     21      5      0     11      6      0      8     30      4      4      7     35     16     26     28      9     21     12      4      2     11     10     13      9     17     27      4      1      5      8     18      0      1      0      0      0      6      0      2      0      0      0      2      0      0      8      1      0      0      0      0      0      0      0      0      0      0      0      0      0      0      0      0      0      0      0      0      0      0
      2      0      0      0      0      0      0      0      0      0      0      0      0      0      0      0      0      0      5      0      0      3      0      0      2      1     18      0      3      8     20      0     12     11     17     37     21     14     12      5     12     11      0      6     18     17     32     12     40     11      4      9     17      5     16     12     20     10     18      7     14     20     11      2      0      0      0      0      3     20      8      0      2      0      0      0      0      2      2      2      0      0      0      0      0      0      0      0      0      0      0      0      0      0      0      0      0      0      0      0
      0      0      0      0      0      0      0      0      0      0      0      0      0      0      0      3      0      0      0      0      7      0      0      2      2     13      1      4      0      4     18      1     11     12     19     21     45      9      6      8     15      9     25     11     16     20     12     47     11     13     12     15     34     10     13      2     13      9     20     11     10     10     13      1     30     13      3      0      4      0      0      0     12     14      0      1      0      6      4      0      1      0      0      0      2      0      3      0      0      0      0      0      0      0      0      0      0      0      0      0
      0      0      0      0      0      0      0      0      0      0      0      0      0      0      0      0      2      1      0      2      7      4      0      3      1     14      1      7     12     21      1     25     21      8      5     13     24     23     51     34     24     12     32     15     17     34     13     34     26     17     40      2      5     13     31     12     21     10     35      6     16      2     16      3      1     23     14      4      1      5      4      0      1      5      0      0      0      0      4      2      0      0      0      0      0      0      0      0      0      0      0      0      0      0      0      0      0      0      0      0
      0      0      0      0      0      0      0      0      0      3      0      0      4      1      5      2      0      4      0      2      3     16      1      1      0      3     14      0      5      7      7     10     28      1     29     21     10     23     18     25     22     30     22     33     35      4     37     15      8     11     46     23     53     13     26     16     26     18      9     25     16     10     21      2      6     10     31     12     15     13      3      0      3      7      0      7      0      1      0      0      3      0      0      0      0      0      0      0      0      5      0      0      0      0      0      0      0      0      0      0
      0      0      0      0      0      0      0      0      0      0      0      0      0     14      0      0      2      0      0      5      0      0     11      4     14      6     10      8     14     10     17     16     22      4     25     12     19     14      7      5     19     28     15     16     16     25     31     22     10      8     45     39     10     19     27     40     17     25     26     22      7     12     27     21      0      8      5      2      7      2      0      0      9      3      2      0      3     10      4      0      0      0      0      0      0      0      0      0      3      0      0      0      0      0      0      0      0      0      0      0
      0      0      0      0      0      0      0      0      0      0      0      0      0      0      0      0      0      0      0     11      0      1      1      0     24     39     14     27     16     12     20      0     14     12     28     19     12     17     12     34     40     29     43     50     28     27     37     14     28     58     35     29     54     39     29     36     17     38     17      6     10     39     16     10     14     14      0      6      6     11     13      3      5      1      4      7      4      0      0      0      0      7      2      0      0      0      0      0      0      0      0      1      0      0      0      0      0      0      0      0
      0      0      2      0      3      0      3      0      0      0      1      0      7     17      5      0      7      2      4      1      7      3      4      3     39      2     13      9     12      7     16     21     17      6     42     10     39     28     20     23     18     32     23     24     10     51     22     22     31     39     29     42     48     17     23     43     17     38     27     22     26     23     21     26     14     19     29     21     13     12      5      9      9      0      3      5      3      0      0      0      6      0      0      0      0      0      0      0      0      0      0      0      0      0      0      0      0      0      0      0
      0      0      0      0      0      0      9      0      0      0      0      0      0      0      0      0      1      5      2      0      0      0      2      4      6      8      7     17     15      9     26     30     51     17     25     10     52     20     30     63     43     36     22     23     16     48     32     51     33     12     33     26     61     38     46     40     40     31     23     42     27     15     21     16     25     20      3     23     13     11      1     23      3      1      7      2      4     12      0      0      0      0      6      0      0      0      0      0      0      0      0      0      0      0      0      0      0      0      0      0
      0      0      0      0      7      0      0      0      0      0      0      0      0      0      3      0      0      0      0      5      1      0      0      1     19     47      6      1      5     11      7      9     17     22     38     19     27     31     32     36     28     27     25     35     72     41     36     22     40     67     60     27     40     24     10     67     29     27     32     45      6     19     24     26     17     10      3     16     17     14      9      2      2     13      2      0      0      3      1      0      2      1      0     12      0      0      0      0      0      0      0      0      0      0      0      0      0      0      0      0
      0      0      6      0      0      0      2      3      0      7      0     10      1      0      2     11      3      0      5      5      8      0     13      5     20      6     33      8     11     19     26     15      6     33     42     47     21     60     55     12     45     39     44     52     28     48     57     56     40     67     56     12     41     12     25     33     46     21     36     32     55     23     19     11     24     12      1      1     23      7     14      8      0      5      1      6      2      0      0      0      0      0      0      0      0      0      0      0      0      0      0      0      0      3      0      0      0      0      0      0
      0      0      0      0      0      0      0      0      0      0      0      0      1      0      2      8      1     10      4      2      0      7     17     18      6      8      0     10      9      5     33     56      6     26     20     18     12     36     28     35     43     46     83     37     75      9     22     61     44     40     26     25     53     68     16     67     47     60     25     16     49     19     26     48     12     37     27      2      5     14      2      9      0      1      6      5      4      3      0      6      4      0      1      0      0      0      0      0     11      0      1      0      0      0      0      0      0      0      0      0
      0      0      0      0      0      1      0      0      0      0      0      0      0      0     12      1      2      4      0      0      3      9     12     19      4     29      7     12     22      9     12     19     30     48     12     32     14     58     50     84     35     93     67     43    139     36     26     36     86     30     49    105     22     19     26     36     62     27     85     36     40     50     27     42     11     16     14     11     17     16     21     13      1     15      0      3      4      0      6      9      4      1      7      4      0      0      0      3      0      0      0      0      0      0      0      0      0      0      0      0
      0      0      0      0      0      0      0      0      0      0      0      0      2      0      0      2     12      6      7     20      4     12      7      5      7      3      5     29     33     14     26     27      8     42     30     51     46      5     65     40     55     52     71     37     65     63     73    107     93     46     83     39     47     89     43     49     50     40     27     86     31     46     46     39     17      1      6     19     15     17     37      0      7      0      6      0      0      0      6      1      0      0      1      0     10      0      0      0      2      0      0      0      0      0      0      0      0      0      0      0
      0      0      0      0      0      0      0      0      0      0      0      0      0      7      0      4      1      0      6      4      9      5      2      7     14     11     20     24     20     12     29     39     24     38     27     37     33     53     36     47     40     53     38     92     51     41     25     64     69     44     73     38     78     35     84     67     36     44     84     51     27     28     23     33     31     24     21     21      5     27     27     28      2      7      0      5      8      7      5      2      0      0      0      0      0      0      0      0      0      1      2      0      0      0      0      0      0      0      0      0
      0      0      0      0      0      0      0      0      0      0      0      6      0      0      0      0      6      0      3      6      8      0      7     33     10     38     32     42     22     21     46     17     52     29     20     37     22     20     47     80     44     67     39     62     50     28    114     52     91     25     37     42     56     63     88     53     49     55     62     58     36     38     27     33     26     50     11     25     17     22     24     21     12     17     10      2     12      7      3      3      5      2      0      0      0      0      0      0      0      0      0      0      0      0      0      0      0      0      0      0
      0      0      0      0      0      0      0      0      8      0      0      0      2      3      0      1      3      1      3      0     13      7      9     14     39     29     10     11     15     17     30     38     48     22     33     37     18     47     51     30     37     52     64     54     48     60     95     80     92     72     34     56     62     69    116     67     54     74     44     43     47     65     41     57     38     44     11     23     41      9      8      6     17     40      5     10      3      9      8      0     15      2      0      0      0      1      0      0      0      2      0      0      0      0      0      0      0      0      0      0
      0      0      0      0      0      0      0      5      0      0      0      0      0      6      2      4      0     14      5      4     14      7      9     12      7      9     14      9     24     17     27     20     28     31     36     28     34     71     31     39    102     68     80     73     72     85     56    118     30    140     76    107     65     76    144     57     36     77     71     63     70     20     43      1     19     26     46     20      6     35     15     23     12      3     17      1      8      5      4      1      2      0      1      2      0      0     18      0      0      0      0      0      0      0      0      0      0      0      0      0
      0      0      4      2      0      0      0      1      0      0      0      0      0      2      0     12      0      2      0      4     23     10     11     33     12      8      2     13     17     15     25     32     28     27     58     20     29     78     37     86     35    144     51     73     63     76     60     84     76     61     88     60     47     75     84     70     83     81     30     40     63     77     75     33     78     29     23     24     23      3     11     17      8     11     13      4      4      6      7      5      1      0      3      0      1      1      0      0      2      0      0      0      0      0      0      0      0      0      0      0
      0      0      0      0      0      1      0      5      4      0      0      0      3      1      3      4      7      0      7     10      9     10     16     14      9      0     23      9     26     34     48     59     29     22     40     15     81     39     40     48     67     60     70    107     65     70     65     50     73     71     61     76    135     73     45    136     46     69     80     55     32     36     44     88     22     14     26     34     37     30     15      9     23      7     11      1      3      0      2      5      0      4      0      0      0      9      0      0      0      0      0      0      0      0      0      0      0      0      0      0
      0      0      0      0      0      0      0      0      0      0      0      2      7      1      0     13      1      0      6      6      2     15     11     17     10      3     10     36     17     25     54     22     44     53     43     32     51     51     41     60     47     47    103     86    103     69     79     83    103     82     75     94     52     61    132     60    115     95     52     60      6     35     47     87     44     40     23     23     46     34      8     33     38     10     22      3      2     10      0     10      6      1      1      1      1      0      0      4      5      0      0      0      0      0      0      0      1      0      0      0
      0      0      0      0      0      0      0      0      0      0      5      0      0      5     19      0      5      0      0      5      3      2      9     22     10     15      4     25     16     35     16     23     44     28     26     37     56     66     77     68     43     42     69     90    114     85    117    103     80    129    126     96     95     87    113     77     94     85     68     75    112     32     32     37     45     48     18     17     35     34     17     16      8     12      7     16      4      2     14      5     18      9      0      5      5      0      0      0      0      0      0      0      0      0      0      0      0      0      0      0
      0      0      0      0      0      0      0      0      0      0      1      1      1      0      0      3      3      3      5      0      4      9     19     31      6      8      8     21     36     21     22     15     19     48     47     46     41     91     36     70     43     69     65     77     96     71     91     89    114    120     75     99     81    102     77    107     64     78     97     96     52     39     42     43     15     48     48     19     59     10     21     10     36      7      4     20     13      3      7      3      2      9      2      6      0      0      6      0      2      0      8      1      0      0      0      0      0      0      0      0
      0      0      0      0      0      0      0      5      0      0      0      0      0      2      0      4      0      4      6      7      2      4      5      3     31     17     12     12     14     29     27     15     31     33     24     25     55     62     56     73     39     89     84     55     75     93    113     38    127     98    115     69     63     97     88     56     77     79     72     74     68     49     65     54     40     24     16     34     53     17     31     24     39      8     12      7      0      0     14      2     10      0      3      0      0      0      1      0      1      0      0      0      0      0      0      0      1      0      0      0
      0      0      0      0      0      0      0      0      0      0      1      0      4      0      0      0      0      3      1      3      1      4      0      0     10     45      9      2      9     11     19     26     28     46     46     59     28     47     45     77     86     66     71     29     86    110     52    102     49    110     58    102     38     64     55     69     72     83     48     84     56     74     62     73     64     44     24     58     28     20     28     32     15     14     13     10     12     14     12      8      0      6      0      0      1      6      0      1      0      0      0      0      0      0      0      0      0      3      5      0
      0      0      0      0      0      0      0      0      0      0      6      0      1      0      2      3      0      2      5      0      0      4      0     15      3     19     17     11      4     17     29     40     95     51     31     39     36     51     53     52     32     74     46    111     99     76     76     61     74     84     63     64     85    127    133     88    130    105     58    117     81     80     23     56     59     59     22     31     43     51     29     33     12     21     21     32      3     12      5      4      7      0      0      6      3      0      0      0      2      0      0      0      0      0      0      0      0      0      0      0
      0      0      0      0      0      0      0      0      0      1      0      1     12      0      0      0      3      7      4      1      1      2      7     15      2     12     34     15     12     43     20     23     14     30     28     61     26     25     60     67     51     36     97     84     55    133    144    108     92    106     99     67     56    104     86     91    101     43     83     49     45     41     61     58     68     40     18     37     22     10      8     18     22      7     23     27     10     19      6      1      1      0      2      3      2      5      0      0      1      3      0      0      0      0      0      0      0      0      0      0
      0      0      0      0      0      0      0      0      0      0      0      0      0      0      0      2      0      3      5      6      1      9     10      0      5      6      5     13      9     37     16     41     36     45     26     53     86     46     92     28     70     79    119     63     69     93     29    114    120    144     71    109     47    100     44    110     43     86     55     94    108     79     46     33     59     36     24     40     45     35     16     23     14     22      6     10     18      2      6      3      6      5      0      0      0      0      0      0      0      0      0      0      0      0      0      0      0      0      0      0
      0      0      0      0      0      0      0      0      1      0      3      0      0      0      0      0      2      1      2      4      1      4      0      0     23      6     32     29     13      5      9     13     58     22     49     48     49     32     37    105     49     76     88     69     87     89     85     76     81     91     71     74    123     86     40     73     46     60     54    100     63     68     53     41     30     63     50     30     29     47      8     32     13     10      5      8      1      7      2      0      1      1      6      1      0      0      0      0      3      0      0      0      0      0      0      0      0      0      0      0
      0      0      0      0      0      0      0      0      0      0      2      0      0      0      0      0      2      0      0      3      0     13     10      5      0     13     17     17     31     19     27     24     34     41     27     43     32     58     92     65     68     36     51     73     91     51     77     66    104     87     37    105     77     94     84     64    108     72     47     77     88     33     55     26     63     35     26     16     63     19     12     22      0     21     19     16     13      5      5      2     10      0      1      0      3      1      0      4      0      0      4      0      0      0      0      0      0      0      0      0
      0      0      0      0      0      0      0      0      0      0      0      0      0      1      0      0      0      3      0      4      0      7      0     23     14      7      8     12     13     11     27     49     36      9     29     27     23     50     76     42     80     94    111     66     90     45     54     74     84     80     48     75     95     85     69    104     92     84     66     93     77     61     51     33     24     59     34     45     14     33      9     18      3      7      1     10      0      1     17      5      0      1      1      1      0      0      1      0      0      0      0      0      0      0      0      0      0      0      0      0
      0      0      0      0      0      0      0      0      0      0      0      0      0      3      0      0      7      0      5      0      1      2      0     17      7      2     13     15     19     43     20      3     12     22     14     29     68     20     21     46     22     54     49     31     69    116     63     43     78    141     75     49     95     85     65     97     42     78     61     45     58     36     53     43     22     24     22     29     13     32     17     10      5     30      5      8     13     10     10      6      3      1      5      0      7      0      0      0      0      0      0      0      1      0      0      0      0      0      0      0
      0      0      0      0      0      0      0      1      0      0      0      0      2      3      0      0      0      8      1      0      0     18      0     14      0     24      1      6      4     22     17     27     18     22     17     52     27     36     45     37     61     72     62     45     39     63     58     95     86     60     60     80     78     75     71     77     79     44     32     28     55     63     30     58     45     39     69     28     44     36      8     20     18     26     17     11      0      1     23      7      8      0      9      0      0      0      0      1      0      0      0      3      0      0      0      0      0      0      0      0
      0      0      0      0      0      0      0      0      0      0      0      0      1      0      0      3      2      0      0      0      1     10      5      0      0      2      4      4     16      6      5     18     42     39     21     26     39     32     36     41     51     49     69     36     35     36     37    111     83     73     51     95     63     73     55     49     91     63     61     40     59     41     34     55      8     20     29     24     29     20     10      9     10      0     17      6     15      4     18      0      0      0      1      1      0      1      0      2      3      0      0      0      0      0      0      0      0      0      0      0
      0      0      0      0      0      0      0      0      0      0      0      0      0      0      0      0      0      0      0      0      9      2      2      0      0      7      0      8     11     19     17      7     17      9     17     19     23     63     35     22     41     30     52     78     44     49     64     57     89     61    111     95     33     56     61     59     92     57     50     73     79     38     50     30     37      7     29     21     26     23     12     23     23     22     11      3      0     19      4      5      9      5      0      3      0      0      3      1      2      0      0      0      0      0      0      0      0      0      0      0
      0      0      0      0      0      0      0      0      0      0      0      0      0      3      2      0      2      2      0      0      2      0      5      1      1      1      1      8     15     22      1      9     14     11     15     22     29     54     23     11     51     50     57     36     16     52     49     55     45     63     52     60     91     43     34     59     23     23     44     48     84     13     24     36     17     47     34     14     23     16     29     24     10     16     15      0      0     10     10      0      3      0      5      0      7      1      0      0      2      5      0      0      2      0      0      0      0      0      0      0
      0      0      0      0      0      0      6      0      0      0      3      0      0      0      3      6      3      0      0      0      0      4      0      1      0      0     10      4      2      2      8     15     13     26      4     15     40     36     26     28     47     29     27     18     75     59     75     21     45     43     62     30     66     59     81     82     37    114     98     45     21     29     10     27     36     38     21     41     20     19      4      9     16      2      4      3     11      4      3      0      1      1      2      0      1      0      0      0      0      0      0      0      0      0      0      0      0      0      0      0
      0      0      0      0      0      0      0      0      0      0      0      0      0      0      0      0      0      0      1      4      0      0      0      9      8      0      8      3      9     13      0     24     28     15     13     38     12     10     13     25     60     77     43     43     39     35     59     48     28     45     46     62     78     60     21     56     63     53     54     42     54     45     56     13     57     31     26     22     13     31      4     12     13      6      0      3      6      1      1      3      1      1      3      0      0      0      1      0      3      5      0      0      0      0      0      0      0      0      0      0
      0      0      0      0      0      0      0      0      0      0      0      0      0      0      0      0      0      0      3      2      0      1      0      2      1      0      0      3     11     11      0      4      3     27     13     28     17     31     34     32     41     25     47     33     59     40     38     66     49     21     63     68     50     40     58     38     65     66     51     22     13     70     23     33     35     18     19     11     39      6      9      1      5     12     28     14      7      0      1      0      3      0      0      0      0      0      0      0      0      0      0      4      0      0      0      0      0      0      0      0
      0      0      0      0      0      0      0      0      0      0      0      0      0      0      0      1      0      0      0      0      0      0      5      1      2      1     17     10      5      8      3      3     12     19      0      5     27     12     19     44     56     14     39     53     39     76     38     88     56     29     55     24     42     53     13     24     32     21     39     25     18     38     18     52      8     34     10     19     13     19     12      3     13      0      8      7      7      1     12      1      0     10      4      0      0      0      0      0      0      0      0      0      2      0      0      0      0      0      0      0
      0      0      0      0      0      0      0      0      0      0      0      0      0      0      0      0      0      0      1      0      0      6      2      0      3     11     16      7      0      2      3     10     18      6     12     16     10      7      5     11     11     17     16     70     36     53     52      6     76     66     43     29     24     27     25     17     56     14     27     18     42     24     33     43      4     14     28      6      5      8     15     21      8     15      0      2      0     20      4      0      1      0      4      0      0      0      0      0      1      3      1      4      0      0      0      0      0      0      0      0
      0      0      0      0      0      0      0      0      0      0      0      0      3      0      0      2      0      0      0      0      0      0      1      0      0      0      7      3      2      0      1     11      1      3      9     51     17     20     34     33     34     14     28      5     44     49     37     36     50     79     53     33     19     26     23     17     20     13     48     16     42     49     22     16     18     16     16     15     12     18      0      6     11     20      8      8      0      2      3      0      0      0      3      0      0      6      0      0      5      0      0      0      1      0      0      0      0      0      0      0
      0      0      0      0      0      0      0      0      0      0      0      6      0      0      0      0      0      0      0     13      0      7      0      1      0     11      9      3      4      3      0      4     10      4     16     12     15      5     16      4     21      8     50     42     19     42     25     37     44     22     17     41     58     35     24      9     37     28     11     48     58     10      9     29      7      7     14      8     26     25     19      5      2      9     12      6      8      0      1      7      7      0      1      2      0      0      3      0      0      0      4      0      0      0      0      0      0      0      0      0
      0      0      0      0      0      0      0      0      0      0      0      0      0      0      0      0      0      0      0      0      0      0      2      0      0      3      1     15      6      5      2      0      0      1      4     10     15      9      5      9      6     61     52     22     25     20     11     53     17     51     50     29     45     29     43     10     35     24     32     25     41     32      2     17     14     31      5      2     14     10     26      0      7      0      4      1      0      0      1      3      0      0      0      2      4      0      0      0      0      0      0      0      2      0      0      0      0      0      0      0
      0      0      0      0      0      0      0      0      0      0      3      0      0      0      0      0      0      0      1      0      3      0      0      0      0      0      1      7      3      0      0     13      0      0      6      2     20      2      7      0     13     21      1      9      9      2     19     35     39     32     26     17     13     11     34     18     21     48      3     15     23     13     16      5     32     21      8     12     10     23      6      7     11      0      0      1     13      1      2      8      3      7      0      2      0      0      0      0      0      0      0      0      0      3      0      0      0      0      0      0
      0      0      0      0      0      0      0      0      0      0      0      0      0      0      0      0      0      0      0      0      0      0      0      0      0      0      4      1      0      4      0      1      1     21      2      9      8     12     19      5      7     55      7      3     18      4     17     24     14     27     11     23     32      6     23      8     13     15      4     22     17     29      9     10     10      0     12      2      5     14     15      2      0      9      2      0      3      1     13      0      0      1      0      0      0      6      0      0      0      0      0      0      0      0      0      0      0      0      0      0
      0      0      0      0      0      0      0      0      0      0      0      0      0      0      0      0      0      0      0      1      0      0      0      0      1      0      0      0      2      0      0      0      0      0      3      3      9      9     26      5      4     18     28     10      8     18     36     16     18     10     31     19      7     50      3     22     15     13     19     10     15     10     19     14      0      3      2     23     12      8      7      3      0      1      7      0      0      4      8     12      0      6      6      1      0      0      0      2      0      0      0      0      0      0      0      0      0      0      0      0
      0      0      0      0      0      0      0      0      0      0      0      0      0      0      0      0      0      0      0      0      0      0      0      0      0      2      0      8      2      8      4      0      0      2      0      0      0      6      0     13     17      4     27      4     13     15     21     16     19      4     17      5      8     20     61      6      9     15     17     20      2      3     14      4     11      0     11      0      5      2      3     14      4      0      0      0      0      0      6      4      0      0      0      0      1      0      0      1      3      0      0      0      0      0      0      0      0      0      0      0
      0      0      0      0      0      0      0      0      0      0      0      0      0      0      0      0      0      0      0      0      0      0      2      0      0      0      0      6      0      3      0      0      0      6      9      4      4      0     16      7      7      4     15      4      7     15      7     16      1      5     12      0     21     20     17     11     48     13     25      8      3      3      5      6      6     13      0      0      8      3      0      0      0      0      9      9      0     37      2      0      0      6      0      0      0      0      0      0      0      0      0      0      0      0      0      0      0      0      0      0
      0      0      0      0      0      0      0      0      0      0      0      0      0      0      0      0      0      0      0      0      0      0      0      0      0      0      1      0      0      8      0      0      0      0      4      0      0      0      6      0      3      0      0     14     11      4      4      3      8     12     15      2     35      9      5     27      5      4     21     28      2      9      3     10     10      0      7     21      1     13      2      2      9      0      0     12      0      0      0      0      4      1      3      0      2      0      0      0      0      0      0      0      0      0      0      0      0      0      0      0
      0      0      0      0      0      0      0      0      0      0      0      0      0      0      0      0      0      0      0      0      0      0      0      7      0      0      6      0      0      0     13      0      5      0      0      0      1      2      0      0      6      0      3     11     13      5      6      3     11      9      0      3      7      0     12      0      1      7     20      1     11      7      3      3      8     22      1     13      0      9      1      2     13      1      1      6      0      0      0      0      0      4      0      0      0      0      0      0      1      0      0      0      0      0      0      0      0      0      0      0
      0      0      0      0      0      0      0      0      0      0      0      0      0      0      0      0      0      0      0      0      0      0      5      0      0      0      0      0      0      0      0      0      0      1      0      3      2      1      0     14      1      3      0      9      8     23      7     11      1      0     10     11      6      0      0      2      7      2     11     19      2      0      0      4      1      4      0      0      1      0      0      0      0      0      2      0      0      0      9      4      0      0      0      0      0      0      0      0      0      0      0      0      0      0      0      0      0      0      0      0
      0      0      0      0      0      0      0      0      0      0      0      0      0      0      0      0      0      0      0      0      0      0      0      0      0      0      0      0      0      2      0      0      0      0      3      0      0      0      5      6      1      1      2      0     10      9      2      3      9      8      6     10      6      2     14      2      2      3      0      1      3     14      4      1      0      7      3      0      0      3      0      0      0      0      6      0      0      0      0      0      0      0      0      0      1      0      0      0      0      0      0      0      0      0      0      0      0      0      0      0
      0      0      0      0      0      0      0      0      0      0      0      0      0      0      0      0      0      0      0      0      0      0      0      0      0      0      0      0      0      0      0      0      1      0      0      2      1      0     11      0      0      7      7      2      0      0      0      1      0      0      2      0      8      0     24      4      0      0      0      0      3      0      2      2      0      1      3      0      6      0      0      3      2      3      0      0      0      0      2      0      1      0      0      0      0      0      0      0      2      0      0      0      0      0      0      0      0      0      0      0
      0      0      0      0      0      0      0      0      0      0      0      0      0      0      0      0      0      0      0      0      0      0      0      0      0      0      0      0      0      0      3      0      0      0      0      0      2      0      0      0      7      0      2      0      4      1      0      5      2      4      3      5      2      1      9      0      6      8      6      0      9     11      0     22      0      0      0      0      5      0      0      0      0      8      0      0      0      0      0      3      0      0      0      0      0      0      0      0      0      0      0      0      0      0      0      0      0      0      0      0
      0      0      0      0      0      0      0      0      0      0      0      0      0      0      0      0      0      0      0      0      0      0      0      0      0      0      0      0      0      2      2      0      0      0      0      0      0      0      0      0      3      1      1     10      0      0      3      0     11      0      1      1     23      1     18      0      0      0      2     11      1      0      1      0      3      0      0      0      0      0      2      6      6      0      0      0      0      0      0      0      0      0      0      0      0      0      0      0      0      0      0      0      0      0      0      0      0      0      0      0
      0      0      0      0      0      0      0      0      0      0      0      0      0      0      0      0      0      0      0      0      0      0      0      0      0      0      0      0      0      0      0      0      0      0      0      0      0      0      0      0      0      0      3     26      1      0      7      0     15      0      8     18      4      6      0      0      0      1      0      0     16      0      0      1      0      0     18      0      0      0      1      0      0      0      0      0      0      0      0      0      0      0      0      0      0      0      0      0      0      0      0      0      0      0      0      0      0      0      0      0
      0      0      0      0      0      0      0      0      0      0      0      0      0      0      0      0      0      0      0      0      0      0      0      0      0      0      0      0      0      0      0      0      0      0      0      0      0      1      0      0      4      0      1      4      0      6      1      0      0      3      0      0     11      0     10      2      0      6     17      0      0      0      9      0      0      6      5      0      0      1      0      1      0      0      0      0      0      0      0      0      0      0      0      0      0      0      0      0      0      0      0      0      0      0      0      0      0      0      0      0
      0      0      0      0      0      0      0      0      0      0      0      0      0      0      0      0      0      0      0      0      0      0      0      0      0      0      0      0      0      0      1      0      3      0      0      2      0      0      0      2      0      4      0      0      5      2     18      2      3      0      0      2      3      0      0      3      3      0      0      4      3      0      0      0      0      0      2      5      0      0      6      1      1      1      0      0      0      0      0      0      0      0      0      0      0      0      0      0      0      0      0      0      0      0      0      0      0      0      0      0
      0      0      0      0      0      0      0      0      0      0      0      0      0      0      0      0      0      0      0      0      0      0      0      0      0      0      0      0      0      0      0      0      0      0      0      0      0      0      0      0      0      0      0      1      0      0      0      0      0      0      8      0      0      0      0      0      1      4      0      2      0      0      0      1      5      0      0      0      6      7      0      0      0      0      0      0      0      0      0      0      2      0      0      0      0      0      0      0      0      0      0      0      0      0      0      0      0      0      0      0
      0      0      0      0      0      0      0      0      0      0      0      0      0      0      0      0      0      0      0      0      0      0      0      0      0      0      0      0      0      0      0      0      0      0      0      0      0      0      2      0      0      3      2      0      0      0      0      0      0      0      0      0      0      0      0      0      0      0      0      3      0      0      2      0      0      0      0      0      0      1      0      0      0      0      0      0      0      0      0      0      0      0      0      0      0      0      0      0      0      0      0      0      0      0      0      0      0      0      0      0
      0      0      0      0      0      0      0      0      0      0      0      0      0      0      0      0      0      0      0      0      0      0      0      0      0      0      0      0      0      0      0      0      0      0      0      0      0      0      0      0      0      0      0      0      0      0      0      0      0      0      0      0      0      0      0      5      0      0      0      0      0      0      0      5      3      0      0      0      0      0      0      0      0      0      0      0      0      0      0      0      0      0      0      0      0      0      0      0      0      0      0      0      0      0      0      0      0      0      0      0
      0      0      0      0      0      0      0      0      0      0      0      0      0      0      0      0      0      0      0      0      0      0      0      0      0      0      0      0      0      0      0      0      0      0      0      0      0      0      0      1      0      0      0      0      0      0      0      0      0      0      0      0      0      0      0      5      0      0      0      0      0      2      0      0      0      0      0      0      0      0      0      0      0      0      0      0      0      0      0      0      0      0      0      0      0      2      0      0      0      0      0      0      0      0      0      0      0      0      0      0
      0      0      0      0      0      0      0      0      0      0      0      0      0      0      0      0      0      0      0      0      0      0      0      0      0      0      0      0      0      0      0      0      0      0      0      0      0      0      0      0      0      0      0      0      0      0      0      0      0      0      0      0      0      7      1      9      0      0      0      0      0      1      0      0      0      0      0      0      0      0      0      0      0      0      0      0      0      0      0      0      0      0      0      0      0      0      0      0      0      0      0      0      0      0      0      0      0      0      0      0
      0      0      0      0      0      0      0      0      0      0      0      0      0      0      0      0      0      0      0      0      0      0      0      0      0      0      0      0      0      0      0      0      0      0      0      0      3      0      0      0      0      0      0      0      0      0      0      0      0      0      0      1      0      0      1      0      0      0      0      0      0      0      0      0      0      0      0      0      0      0      0      0      0      0      0      0      0      0      0      0      0      0      0      0      0      0      0      0      0      0      0      0      0      0      0      0      0      0      0      0
      0      0      0      0      0      0      0      0      0      0      0      0      0      0      0      0      0      0      0      0      0      0      0      0      0      0      0      0      0      0      0      0      0      0      0      0      0      0      0      0      0      0      0      0      0      0      0      0      0      0      0      0      0      0      0      0      0      0      0      0      0      0      0      0      0      0      0      0      0      0      0      0      0      0      0      0      0      0      0      0      0      0      0      0      0      0      0      0      0      0      0      0      0      0      0      0      0      0      0      0
      0      0      0      0      0      0      0      0      0      0      0      0      0      0      0      0      0      0      0      0      0      0      0      0      0      0      0      0      0      0      0      0      0      0      0      0      0      2      0      0      0      0      0      0      0      0      0      0      0      0      1      0      0      0      0      0      0      0      0      0      0      0      0      0      0      0      0      0      0      0      0      0      0      0      0      0      0      0      0      0      0      0      0      0      0      0      0      0      0      0      0      0      0      0      0      0      0      0      0      0
      0      0      0      0      0      0      0      0      0      0      0      0      0      0      0      0      0      0      0      0      0      0      0      0      0      0      0      0      0      0      0      0      0      0      0      0      0      0      0      0      1      0      3      0      0      0      0      2      0      0      0      0      0      0      0      0      0      0      0      0      0      0      0      0      0      0      0      0      0      0      0      0      0      0      0      0      0      0      0      0      0      0      0      0      0      0      0      0      0      0      0      0      0      0      0      0      0      0      0      0
      0      0      0      0      0      0      0      0      0      0      0      0      0      0      0      0      0      0      0      0      0      0      0      0      0      0      0      0      0      0      0      0      0      0      0      0      0      0      0      0      0      0      0      0      0      0      0      0      0      4      0      0      0      0      0      0      0      0      0      0      0      0      0      0      0      0      0      0      0      0      0      0      0      0      0      0      0      0      0      0      0      0      0      0      0      0      0      0      0      0      0      0      0      0      0      0      0      0      0      0
      0      0      0      0      0      0      0      0      0      0      0      0      0      0      0      0      0      0      0      0      0      0      0      0      4      0      0      0      0      0      0      0      0      0      0      0      0      0      0      0      0      0      0      0      0      0      0      0      0      0      0      0      0      0      0      0      0      4      0      0      0      0      0      0      0      5      0      0      0      0      0      0      0      0      0      0      0      0      0      0      0      0      0      0      0      0      0      0      0      0      0      0      0      0      0      0      0      0      0      0
      0      0      0      0      0      0      0      0      0      0      0      0      0      0      0      0      0      0      0      0      0      0      0      0      0      0      0      0      0      0      0      0      0      0      0      0      0      0      0      0      0      0      0      0      0      0      0      0      0      0      0      0      0      0      0      0      0      0      0      0      0      1      0      0      0      0      0      0      0      0      0      0      0      0      0      0      0      0      0      0      0      0      0      0      0      0      0      0      0      0      0      0      0      0      0      0      0      0      0      0
      0      0      0      0      0      0      0      0      0      0      0      0      0      0      0      0      0      0      0      0      0      0      0      0      0      0      0      0      0      0      0      0      0      0      0      0      0      0      0      0      0      0      0      0      0      0      0      0      0      0      0      0      0      0      0      0      0      0      0      0      0      0      0      0      0      0      0      0      0      0      0      0      0      0      0      0      0      0      0      0      0      0      0      0      0      0      0      0      0      0      0      0      0      0      0      0      0      0      0      0
      0      0      0      0      0      0      0      0      0      0      0      0      0      0      0      0      0      0      0      0      0      0      0      0      0      0      0      0      0      0      0      0      0      0      0      0      0      0      0      0      0      0      0      0      0      0      0      0      0      0      0      0      0      0      0      0      0      0      0      0      0      0      0      0      0      0      0      0      0      0      0      0      0      0      0      0      0      0      0      0      0      0      0      0      0      0      0      0      0      0      0      0      0      0      0      0      0      0      0      0
      0      0      0      0      0      0      0      0      0      0      0      0      0      0      0      0      0      0      0      0      0      0      0      0      0      0      0      0      0      0      0      0      0      0      0      0      0      0      0      0      0      0      0      0      0      0      0      0      0      0      0      0      0      0      0      0      0      0      0      0      0      0      0      0      0      0      0      0      0      0      0      0      0      0      0      0      0      0      0      0      0      0      0      0      0      0      0      0      0      0      0      0      0      0      0      0      0      0      0      0
      0      0      0      0      0      0      0      0      0      0      0      0      0      0      0      0      0      0      0      0      0      0      0      0      0      0      0      0      0      0      0      0      0      0      0      0      0      0      0      0      0      0      0      0      0      0      0      0      0      0      0      0      0      0      0      0      0      0      0      0      0      0      0      0      0      0      0      0      0      0      0      0      0      0      0      0      0      0      0      0      0      0      0      0      0      0      0      0      0      0      0      0      0      0      0      0      0      0      0      0
