\ 
\ Covariance Function Histogram Table
\ 
\ X Parameter: e sine omega
\ X Abbrev   : esinw
\ X Units    : none
\ X Items    : 100         
\ 
\ Y Parameter: Mass Ratio
\ Y Abbrev   : Mp/M*
\ Y Units    : none
\ Y Items    : 100         
\ 
|col000|col001|col002|col003|col004|col005|col006|col007|col008|col009|col010|col011|col012|col013|col014|col015|col016|col017|col018|col019|col020|col021|col022|col023|col024|col025|col026|col027|col028|col029|col030|col031|col032|col033|col034|col035|col036|col037|col038|col039|col040|col041|col042|col043|col044|col045|col046|col047|col048|col049|col050|col051|col052|col053|col054|col055|col056|col057|col058|col059|col060|col061|col062|col063|col064|col065|col066|col067|col068|col069|col070|col071|col072|col073|col074|col075|col076|col077|col078|col079|col080|col081|col082|col083|col084|col085|col086|col087|col088|col089|col090|col091|col092|col093|col094|col095|col096|col097|col098|col099|
|int   |int   |int   |int   |int   |int   |int   |int   |int   |int   |int   |int   |int   |int   |int   |int   |int   |int   |int   |int   |int   |int   |int   |int   |int   |int   |int   |int   |int   |int   |int   |int   |int   |int   |int   |int   |int   |int   |int   |int   |int   |int   |int   |int   |int   |int   |int   |int   |int   |int   |int   |int   |int   |int   |int   |int   |int   |int   |int   |int   |int   |int   |int   |int   |int   |int   |int   |int   |int   |int   |int   |int   |int   |int   |int   |int   |int   |int   |int   |int   |int   |int   |int   |int   |int   |int   |int   |int   |int   |int   |int   |int   |int   |int   |int   |int   |int   |int   |int   |int   |
      0      0      0      0      0      0      0      0      0      0      0      0      0      0      0      0      0      0      0      0      0      0      0      0      0      0      0      0      0      0      0      0      0      0      0      0      0      0      0      0      0      0      0      1      0      0      0      0      0      0      0      0      0      0      0      0      0      0      0      0      0      0      0      0      0      0      0      0      0      0      0      0      0      0      0      0      0      0      0      0      0      0      0      0      0      0      0      0      0      0      0      0      0      0      0      0      0      0      0      0
      0      0      0      0      0      0      0      0      0      0      0      0      0      0      0      0      0      0      0      0      0      0      0      0      0      0      0      0      0      0      0      0      0      0      0      0      0      0      0      0      0      0      0      0      0      0      0      0      0      0      0      0      0      0      0      0      0      0      0      0      0      0      0      0      0      0      0      0      0      0      0      0      0      0      0      0      0      0      0      0      0      0      0      0      0      0      0      0      0      0      0      0      0      0      0      0      0      0      0      0
      0      0      0      0      0      0      0      0      0      0      0      0      0      0      0      0      0      0      0      0      0      0      0      0      0      0      0      0      0      0      0      0      0      0      0      0      0      0      0      0      0      0      0      0      0      0      0      0      0      0      0      0      0      0      0      0      0      0      0      0      0      0      0      0      0      0      0      0      0      0      0      0      0      0      0      0      0      0      0      0      0      0      0      0      0      0      0      0      0      0      0      0      0      0      0      0      0      0      0      0
      0      0      0      0      0      0      0      0      0      0      0      0      0      0      0      0      0      0      0      0      0      0      0      0      0      0      0      0      0      0      0      0      0      0      0      0      0      0      0      0      0      0      0      0      0      0      3      0      0      0      0      0      0      0      0      0      0      0      3      0      0      0      0      3      0      0      0      0      0      0      0      0      0      0      0      0      0      0      0      0      0      0      0      0      0      0      0      0      0      0      0      0      0      0      0      0      0      0      0      0
      0      0      0      0      0      0      0      0      0      0      0      0      0      0      0      0      0      3      0      0      0      0      0      0      0      0      0      0      0      0      3      0      0      0      0      0      1      0      0      1      0      0      0      0      0      0      0      0      0      0      0      0      0      0      0      0      0      0      0      0      0      0      0      0      0      0      0      0      0      0      0      0      0      0      0      0      0      0      0      0      0      0      0      0      0      0      0      0      0      0      0      0      0      0      0      0      0      0      0      0
      0      0      0      0      0      0      0      0      0      0      0      0      0      5      0      0      0      0      0      0      0      0      0      0      0      0      0      0      0      0      0      0      1      0      0      0      0      0      0      0      0      0      0      0      0      0      0      0      0      0      0      0      0      0      0      0      0      0      0      0      0      0      0      0      0      0      0      0      0      0      0      0      0      0      0      0      0      0      0      0      0      0      0      0      0      0      0      0      0      0      0      0      0      0      0      0      0      0      0      0
      0      0      0      0      0      0      0      0      0      0      0      0      0      0      0      0      0      0      0      0      0      0      0      0      0      0      0      0      0      1      0      0      0      0      0      0      0      0      0      0      4      0      0      5      0      0      0      0      0      0      0      0      0      0      0      0      0      2      0      0      0      1      0      0      0      0      0      0      0      0      0      0      0      0      0      0      0      0      0      0      0      0      0      0      0      0      0      0      0      0      0      0      0      0      0      0      0      0      0      0
      0      0      0      0      0      0      0      0      0      0      0      0      0      0      0      0      0      0      0      0      0      0      0      0      0      0      0      0      0      0      0      0      0      0      0      2      0      0      0      0      0      0      1      0      2      0      0      5      0      0      0      0      0      0      0      0      0      0      0      0      0      0      0      0      0      0      0      0      0      0      0      0      0      0      0      0      0      0      0      0      0      0      0      0      0      0      0      0      0      0      0      0      0      0      0      0      0      0      0      0
      0      0      0      0      0      0      0      0      0      0      0      0      0      0      0      0      0      0      0      0      0      0      0      0      0      0      0      9      0      0      0      0      0      0      0      3      0      0      0      0      2      0      0      0      2      0      0      0      0      1      0      0      0      0      0      1      0      0      0      0      0      0      0      0      0      0      0      0      0      0      0      0      0      0      0      0      0      0      0      0      0      0      0      0      0      0      0      0      0      0      0      0      0      0      0      0      0      0      0      0
      0      0      0      0      0      0      0      0      0      0      0      0      0      0      0      0      0      0      1      0      0      0      0      1      4      0      0      0      0      0      0      0      0      0      0      5      0      0      7      0      0      0      0      0      0      0      3      0      0      0      0      0      0      0      0      0      0      0      0      0      0      0      0      0      0      0      0      0      0      0      0      0      0      0      0      0      0      0      0      0      0      0      0      0      0      0      0      0      0      0      0      0      0      0      0      0      0      0      0      0
      0      0      0      0      0      0      0      0      0      0      0      0      0      0      8      0      0      0      0      0      0      0      0      0      0      0      0      0      1      2      0      0      2      0      0      0      0      0      0      0      0      0      0      1      0      0      0      0      0      7      0      0      0      0      0      0      0      0      0      0      0      0      0      0      0      0      0      0      0      0      0      0      0      0      0      0      0      0      0      0      0      0      0      0      0      0      0      0      0      0      0      0      0      0      0      0      0      0      0      0
      0      0      0      0      0      0      0      0      5      0      0      0      0      0      0      1      0      0      0      0      0      0      0      0      0      4      0      0      5      0      0      0      0      0      0      1      0      0      2      0      0      0      0      0      1      0      0      0      0      0      0      0      0      0      0      0      0      0      0      0      0      0      0      0      0      0      0      0      0      0      0      0      0      0      0      0      0      0      0      0      0      0      0      0      0      0      0      0      0      0      0      0      0      0      0      0      0      0      0      0
      0      0      0      0      0      0      0      0      0      0      0      0      0      0      0      0      0      0      1      0      0      0      5      0      0      0      0      2      0      0      0      0      0      0      0      0      5      3      0      0      2      0      0      2      0      0      0      0      0      0      2      0      0      0      0      0      0      3      0      0      0      1      0      0      0      0      0      0      0      0      0      0      0      0      0      0      0      0      0      0      0      0      0      0      0      0      0      0      0      0      0      0      0      0      0      0      0      0      0      0
      0      0      0      0      0      0      0      0      0      0      0      0      0      0      0      0      0      0      0      1      0      0      0      0      0      3      0      4      0      0      0      7      0      0      7      0      2      0      0      0      2     23      6      0      0      1      1      0      2     27      0      0      2      0      0      0      0      0      0      0      0      0      0      0      0      0      0      0      0      0      0      0      0      0      0      0      0      0      0      0      0      0      0      0      0      0      0      0      0      0      0      0      0      0      0      0      0      0      0      0
      0      0      0      0      0      0      0      0      0      0      0      0      0      0      0      0      0      2      0      0      0      3      0      1      0      0      0      2     17      2      2      2      5      6      4      0      0      8      0      0      0      0      0      0      0      0      0      1      6      1      0      6      0      0      0      2      0      0      0      0      0      0      0      0      0      0      0      0      0      0      0      0      0      0      0      0      0      0      0      0      0      0      0      0      0      0      0      0      0      0      0      0      0      0      0      0      0      0      0      0
      0      0      0      0      0      0      0      0      0      0      0      0      0      0      0      0      0      0      0      0      0      0      2      0      0      0      0      0      1      1      2      1      0      0     17      0      0      1      0      7      4      5      0      0      4      4      0      3      0      0      0      0      2      1      0      0      0      0      3      0      0      2      6      0      0      0      0      0      0      0      0      0      0      0      0      0      0      0      0      0      0      0      0      0      0      0      0      0      0      0      0      0      0      0      0      0      0      0      0      0
      0      0      0      0      0      0      0      0      0      0      1      0      0      0      0      0      0      0      0      0      0      0      0      1      0      2      2      4      3      1     11      5      2      0      0      4      0      0      0      0      2      1      0      3      1      2      0      6      3      0      5      4      0      0      0      2      0      0      0      0      4      0      0      0      0      0      0      0      0      0      0      0      0      0      0      0      0      0      0      0      0      0      0      0      0      0      0      0      0      0      0      0      0      0      0      0      0      0      0      0
      0      0      0      0      0      0      0      0      0      0      0      0      0      0      0      3      0      0      0      0      0      2      0      0      8      3      0      2      1     12      0      0      6      0      7      2      0      4      0      0      3      1      6      4      1      2      0      4      0      1      0      5      6      0     13      3      0      1      0      0      0      3      0      0      5      0      2      0      0      0      0      0      0      0      0      0      0      0      0      0      0      0      0      0      0      0      0      0      0      0      0      0      0      0      0      0      0      0      0      0
      0      0      0      0      0      0      0      0      0      0      0      0      0      0      0      0      0      1      0      0      0      0      2      9      0      0      0      3      0      0     11      4     15      0      0      2      0      0      0      1     14     11     11      0      3     10      0      1      1     22      0      0      2     16      0      0      1      0      2      0      0      0      0      0      0     14      0      1      0      0      0      0      0      9      0      0      0      0      0      0      0      0      0      0      0      0      0      0      0      0      0      0      0      0      0      0      0      0      0      0
      0      0      0      0      0      0      0      0      0      0      0      0      0      0      0      0      0      0      0      0      2      4      0      1      1      1      2      1      7      5      0      7      0      9     14      1      1     13     15     10      0      3      4      2      7      0      2      0      4     14      8      0      7     12      0      4      2      0      0      0     14      0      0      0      0      0      0      0      0      0      0      0      0      0      0      0      0      0      0      0      0      0      0      0      0      0      0      0      0      0      0      0      0      0      0      0      0      0      0      0
      0      0      0      0      0      0      0      0      0      0      0      0      0      0      0      0      0      0      0      0      0      0      0     14      4      0      2      3      0      0      4      8      1      5      7      3     13      9      8      7      1      0     13     12      5      3     20      6      5      4      8     16      3      0      6      0      0      7      0      0      2      0      7      0      0      0      0      0      0      0      0      0      0      0      0      0      0      0      0      0      0      1      0      0      0      0      0      0      0      0      0      0      0      0      0      0      0      0      0      0
      0      0      0      0      0      0      0      0      0      0      0      0      0      0      0      0      0      0      0      8      0      0     13      0      0      0      0      3      2      2      4      0      0      5      4      2     14      1     11      0     18     20      3      5      3      1      7      2      9      0      8     11      0      0      4      1      1      0      3     12      0      0      0     16      0     11      0      0      3      0      0      2      0      0      0      0      0      0      0      0      0      0      0      0      0      0      0      0      0      0      0      0      0      0      0      0      0      0      0      0
      0      0      0      0      0      0      0      0      0      0      0      0      0      0      5      0      0      0      0      0      8      1      0      0      1      0      0      7      2      2      2      2      5     25     11      5      4      7     12     11      6     27      1      0      6      0     21      1      2      3      1      2      8      2      2     12      0      0      0      8      0      2      3      0      0      2      0      0      4      0      0      0      0      0      0      0      0      0      8      0      0      0      0      0      0      0      0      0      0      0      0      0      0      0      0      0      0      0      0      0
      0      0      0      0      0      0      0      0      0      0      0      0      0      0      0      0      0      0     11      0      0      0      3      0      6      3      0      1      0      6      4      4      8     14     16     12      1     12     16      8     10     17     24      1     17     11     14      2     13     11      6     10      6      3      5      7     13      4      1      9      4      0      0      0      0      0      0      0      1      0      0      0      0      0      0      0      0      0      0      0      0      0      0      0      0      0      0      0      0      0      0      0      0      0      0      0      0      0      0      0
      0      0      0      0      0      1      0      0      2      0      0      0      0      0      0      0      0      0      0      0      2      1      0     10      0      7      0      1      6     21      9     12     13      4     11     16     15      6      6      4     11     14     37      7      2     14      1      1     36      4      0      5     19      6      4     13      9      0      2     22      6      0     10      0      2      0     12      0      2      5      0      0      0      0      1      1      0      0      0      0      0      0      0      0      0      0      0      0      0      0      0      0      0      0      0      0      0      0      0      0
      0      0      0      0      0      0      0      0      0      0      0      0      3      0      7      0      0      1      0      3      0      0      6     10      2      0      0     12      9      8      2      7      3     29      4     14     10     29     12     19     24     16     23      2      6     22      1      7     10     17     25      8     22      4      2     16      7      4      6      0      4      2      6      2      0      1      0      0      0      1      0      0      0      0      0      0      0      0      0      0      0      0      0      0      0      0      0      0      0      0      0      0      0      0      0      0      0      0      0      0
      0      0      0      0      0      0      0      0      0      0      0      0      2      0      0      3      0      0      0      1      0      0      0      9      0      1      0      2      4     17     11     49      2     17     15     13     10      4     14     35      9     27     24     29      6     14     12     14     10     20     16      5     12      7     25      5      6     11      1     13      7      7     16     17      0      6      5      0      1      6      7      0      7      0      0      0      0      0      0      0      0      0      0      0      0      0      0      0      0      0      0      0      0      0      0      0      0      0      0      0
      0      0      0      0      0      0      0      0      0      0      0      0      0      0      0      0      0      3     12      0      2      5      6      1     34      7      9     21     34     17     14      4      6      9     25     33     11     33     27      3     10     29     12     15     10     19      9      5     18     16     25     16     10     18      4     19     10      5      0      5      2     11      0     11      5     14      0      8      3      0      0      0      0      2      0      0      0      0      0      0      0      0      0      1      0      0      0      0      0      0      3      0      0      0      0      0      0      0      0      0
      0      0      0      0      0      0      0      0     10      0      0      3      0      0      0      0      0      0     10     14      6      0     15      1      3      2      7      2      2     22      1      8      7      6     40     13     40     19     20     19     17      7     14     63     10     29     14     25     46     33     13      7      6     22     12     25      1     20     41      6     24     29      2     10      1      0     10      2      0      0      9      2      1      5      0      0      0      0      0      0      0      0      4      0      0      0      0      0      0      0      0      0      0      0      0      0      0      0      0      0
      0      0      0      0      0      0      0      0      0      0      0      0      0      1      0      0      6      2      0      2      4      0      7      0      1     10     21      3     23      1     21      5     40     13      6     44     47     18     16     27     25     24     20     18     28     19     26     37     64     24     29     15      6     24     60     17     23     28     18      0     14      5     15      2      0      1      5      0      0      2      0      0      0      0      0      0      0      0      0     13      0      0      0      0      0      0      0      0      0      0      0      0      0      0      0      0      0      0      0      0
      0      0      0      0      0      0      0      0      0      1      0      0      0      2      0      0      0      0      3      0      0      2      0      1      2      6      0      5      1     11     19     34      6     33     23     20     19      8     31     58     24     36     29     32     43     27      7     32     26     34     13     16     13     30     22     15      2      8      0     12     18      1      6      6     18     17     10     12      5     10      0      3      0     11      1      0      0      0      0      0      0      0      0      0      0      0      0      0      0      0      0      0      0      0      0      0      0      0      0      0
      0      0      0      0      0      0      0      0      7      5      0      2      0      0      2      0      0      0      2     11      5      8      2      1     13     18      8      3     19     40     26     60     39     53     24     51     16     31     57     32     33     50     12     16      2     33     41     41     32     33     59     33     31     20     13     28     14      2     12     12     20      8      8     11      5      3      9      0     14      0      0      0      2      0      0      0      0      0      0      0      0      0      0      0      0      0      0      3      5      0      0      0      0      0      0      0      0      0      0      0
      0      0      0      0      9      0      0      0      0      0      0      0      0      0      2      4      0      0      1      0      9      0      6      5     12     21      5      1     30     35      8     14     14      6     35     48     21     10     47     22     74     53     58     19     23     22    114     29     31     33     35     48     11     17     40      6     34     20     30     16      8     16     17      5     10      4     14      5      0      3      2      2      0      1      1      0      1      0      0      2      0      0     10      0      0      0      0      5      0      0      0      0      0     11      0      0      0      0      0      0
      0      0      0      0      0      0      0      0      0      0      0      0      0      3      3      0      0      0      0      2      5      0      0     19      5      2     11      2     34     19     19     34     17     37     23     53     39     11     39     23     31     34     51     28     70     63     26     47     46     51     23     44     13     62     36     44     46     31     32     17     14     16     32      2     16      2     24      1      0      2      1      1     10      1      4      1      0      0      0      0      0     16      0      0      0      0      0      0      0      0      0      0      0      0      0      0      0      0      0      0
      0      0      0      0      0      0      0      0      0      0      0      0      0      0      2      5      0      0      0      9      7      6      8      0     10     28     28     20     19     18     22     14      7     29     34     39     11     63     47     17     21     65     65     24     41     43     32     58     32     23     73     14     19     27     28     26     43     76     14     28     15     12     14      3      4      4      0      2      3     13      5     13      0      0      3      2      3      0      3      0      1      0      1      0      0      0      0      0      0      0      0      0      0      0      0      0      0      1      0      0
      0      0      0      0      0      0      0      0      0      0      0      0      0      0      3      0     11      0      4      5      7      0      1      2     24      7     10     10      7     13     13      8     45     27     53     27     50     20     52     57     58     48     49     38     55     77     63     68     34     55     56     62     63     23     46     42      9     39     12     14     13     34     13     22      2      5     11      1      2      1     11      0      0      7      1      9      0      0      0      0      0      1      0      0      0      0      0      0      0      0      0      0      0      0      0      0      0      0      0      0
      0      0      0      0      0      0      0      0      0      0      0      0      3      0      0      0      3      7      3      0      4     12      1     10     15     21     31     10      3     23     17     13     22     16     20     70     66     14     36     38     17     51     46     61     50     80     44     42     62     65     44     59     21     61     26     59     25     45     33     10     22     24     48      6      3      9      6      4      0      0      2      9      1      8      0      5      3      0      7      4      7      0      0      0      0      6      0      0      0      0      0      0      0      0      0      0      0      0      0      0
      0      0      0      0      0      0      0      0      2      0      0      0      0      0      0      0      0      1      7      2      0      4      7     13     12     15      5      9     21     31     11     24     41     31     34     41     56     61    107     70     75     70     50     51     65     61     70     89     34     77     50     66     50     44     23     16     52     61     16     43     23     29     37     11     14     13      7     15      4      4      9      5     12     12     10      5      0     10      0      0      5      0      1      0      0      0      0      0      4      0      0      0      0      0      0      0      0      0      0      0
      0      0      0      0      0      0      0      0      1      0      0      0      0      0      0      0      0      1      0      3      8      6     10      2     30      8     35     18      8     22     26     14     43     45     27     92     34     67     45     76     58     70    103    104     36     58     40     59     52     96     68     73     81     79     22     20     31     29     21     49     32     18     45     45     24     21     11      1     22      6      2      2      1     18      2      4      2      0      0      0      0      0      0      0      0      0      0      0      0      4      0      0      0      0      0      0      0      0      0      0
      0      0      0      0      0      0      0      0      0      0      0      0      1      0      0      1      3      7     20      0      2      5      7      8      7     16     15     12     10     14     16     47     35     25     31     26     26     85     43     48     93     79     55     77     87     98     72    109     41     47     34     61     44     44     70     69     21     43     28     31     47     13     32     12     22     12      0     23     29      1      3      0     11      0      5      3      0      1      0      7      0      0      0      0      1      3      3      9      0      0      0      0      0      0      0      0      0      0      0      0
      0      0      0      0      0      0      0      0      0      0      0      0      0      0      0      0      0      4     12      3      5      2      5     20      4     25     23     15     16     30     38      9     46     69     18     34     41     62     43     71     81     70    100     36     68     95     88     40     92    113     63     45     30     57     74     59     42     38     50     49     19     48     43     10     30     10     38     15      3     13      9      3      3      0      0      0      0      0      3      0      6      0      0      0      0      0      0      0      0      0      0      0      4      0      0      0      0      0      0      0
      0      0      0      0      0      0      0      0      0      0      0      0      0      0      8      2      0      0      0      0      1      8     21     14     31      4     16     38     26     22     19     60     41     24     34     52     56     76     64     67     56     51    125     49     81     72     57     38     85     58    117     36     88     56     66     88     67     50     39     33     52     45     16     27     10     12     27     36      4     21      5     18      2     18      4      0      0      0      0      1      4     13      0      1      0      0      0      0      0      0      0      0      0      0      0      0      0      0      0      0
      0      0      0      0      0      0      0      0      0      0      1      0      0      0      0      2      0      3     10      5      0     16      1      3      4      7     14      4      6     28     37     20     72     35     43    100     69     31     62     81    102    139     93     63     90    122     62     64     79     90    143     75     53     30     57     51     46     36     70     22      9     81     35     27     49     10     11     26     35      3     16      9      5      8      2      8      6      0      3     10      0      0      1      0      0      3      0      2      0      0      0      0      0      0      0      0      0      1      0      0
      0      0      0      0      0      0      0      0      0      0      0      3      0      9      0      0      0      1      3      6     12      7      4     11      1     26     23     12     23     16     22     25     36     43     45     31     60     40    121     87    112     97     34     37    111    128    109     75     93     73     92     71     79     47     54     83     60     34     39     44     60     34     27     40     15     15     31      3      7     17     14      9     33      4     14      2      6     11      5      0      2      0      2      0      0      3      0      0      0      1      0      0      0      0      0      0      0      0      0      0
      0      0      0      0      0      0      0      0      3      1      0      0      0      0      0      0      0      0      1     14     14      0     16      4     19      6     19     20      0     31     28     47     38     49     46     59     81     49     53     75     63     66     60    116     70     55    103     38     60     71    108     55     84     64     78     67     99     65     35     58     65     64     61     55     15     19     33      9     15     10     15     14      4     11      5      5     18      1      4      7      1      4      0     14      5      0      0      0      0      0      0      0      0      0      0      0      0      0      0      0
      0      0      0      0      0      0      0      0      0      0      0      0      0      0      0      0      6     11      0      2      1     17     11      6     15     11     33     40     29     41     24     17     46     43     32     57     32     64     64     55     57     37    100     91     90    124     95    148    102     79     95    119     68     41     82     72     73     50    118     57     43     55     33     42     34     33     15     16     29     26     15      4     11      3      5     21     13      5     10      0      0      1      0      0      0      3      0      0      0      0      0      0      0      0      0      0      0      0      0      0
      0      0      0      0      0      0      0      0      0      0      0      0      0      0      3      0      9      0     19      0      5      0     18     22     30     22     18     18     13     46     43     61     51     44     58     52     14    123    104     79    141     66     73     83    135     77    141    127     63     95    118    152     59     46     81     53     38     65     72     37     32     28     45     44     36     15     32     20     20     12     16     15     24      1     11      7      5      9      3      0      0      6      0      2      0      0      0      0      0      0      0      0      0      0      0      0      0      0      0      0
      0      0      0      0      0      0      0      0      0      0      5      0      0      0      3      4      0      0      8      3      0      5      4      9     26     24     38      9     24     20     37     18     55     27     61     59    103     75     46     79    108     84     94     63     89    126    121     59    140     80     80     93     91     74     62     36     93     58     66     43     68     53     68     23     41     36     21     16     11     29     14     10     16     15      8      7      6      3      1      0      0      0      0      1      6      0      0      0      6      0      0      0      0      0      0      0      0      0      0      0
      0      0      0      0      0      0      0      0      0      0      0      0      0      0      0      5      8      0      0      8      6      0      4      0      7     31     19      8     35     33     17     26     74     23     29     72     76     55     40     79     58     78     80     59     88    110    107    130     77     89     73    107    127     91     58     91     30     57     60     47     41     11     67     30     47     11     36     34     14     15     19     13     32     13     23     10     30      3      4      0      0      1      2      0      3      0      0      0      1      0      0      0      0      0      0      0      0      0      0      0
      0      0      0      0      0      0      0      0      0      0      0      1      0      0      0      0      0      2      3      7      2     13      2      0      7      8     10     15      7     49     20     22     35     58     32     47     49     67     69     46    102     65    107     85     62     85     85     90     65     96     62     62     90    112     38     80     69     81     65     47     71     31     25     60     24     16     40     38     11     51     10     27     14     35     19      3      7      0      2     16      1      0      7      0      6      0      0      2      0      0      0      0      0      0      0      0      6      0      0      0
      0      0      0      0      0      0      0      0      0      0      0      0      0      0      0      0      0      0      8      0      4      0      9     23      8     35     23     15     13     23     35     44     29     73    122     38    102     47     79     47     77     73     98     81     94    105    100     73     45    173     84     76    117     70     99     78     66     66     43     59     49     99     18     37     28     48     38     29     21     32     19     14      1     17      6     21     11     21      6     10      3      0      0      0      2      0      0      0      0      0      0      0      0      0      0      0      0      0      0      0
      0      0      0      0      0      0      0      0      0      0      0      0      0      2      0      0      3      1      4      5      2     14      0      8      7     14     24      8     26     28     35     14     12     65     68     59     56     16     79     32     83     59    102     62    123     59    136     89     83    112     57    108    128     54     93     63     73     54     66     85     21     65     74     31     18     39     32     22     18      5     15     22     33     16      7     10     26      8     11      8      2      0     10      0      1      0      1      0      1      0      0      0      0      0      0      0      0      0      0      0
      0      0      0      0      0      0      0      0      0      0      0      0      0      4      0      0      0     11      6      0      5     10      2     12      6     13      8     15     25     29     35     47     41     28     51     33     96     89     50     62     53     91     58     69     64     68     98     88    125     72    138    140     85     45     76     79     81     79     40     61     50     58     78     60     46     70     53     36      7     25     17     11      3     23     16     16      4      3      6      0      0      1      4      0      0      0      0      0      0      0      0      0      0      0      0      0      4      0      0      0
      0      0      0      0      0      0      0      0      0      0      0      0      2      0      1      2      0      1      0     11      4      7      7     19      6     17     17     19     16      9     45     35     27     51     27     47    123     56     58     91     81     35     72     48    114     36     63     80    124     77     67     69    123     42     87     93     41     58     59     57     71     49     52     20     44     24     57     20     30     16     17      1     19     22     15     12     11      1      0      1      0      8      0      1      9      4      0      3      0      0      1      0      0      0      0      0      6      0      0      0
      0      0      0      0      0      0      0      0      0      0      0      6      0      0      0      0      0      2      2      1      2      0      6     11      1      0     12     25     12      4     16     13     53     43     48     18     50    105     36     27     81     66     39     46     89     68     91    112    110    121    153     45     71     90     93     55     48     63     53     39     81     67     43     14     38     26     10     58     27     22     28      2      8     30     14     35     24      2      1      1      9      5      0     20      5      0      0      0      0     10      0      0      0      0      0      0      0      0      0      0
      0      0      0      0      0      0      0      0      0      0      0      0      0      0      0      0      0      0      0      0      1     11     10      9     16     34     18     31     16     32     22      8     52     31     57     40     58     63     66     88     43     29     80     77     97     53     83    114     98     58     97     86     85     43     55     56     60    101    117     53     22     75     36     34     10     10     23     21     47     30     19      0      5     14     15      3     16      9      0      8     10      6      2      0      0      1      0      0      0      2      0      0      0      0      0      0      0      0      0      0
      0      0      0      0      0      0      0      0      0      0      0      0      0      0      0      0      0      6      0      2      0      0      7      5     13      0     11     43      6     11     17     10     28     25     12     35     56     52     52     49     43     65     87     76     25     57     70     52     87    101     39     91     85     66     66     55     46     74     55     39     71     17     45     45     31     25     12     34     42     18     45      5     27     14      1      0      1      8      6      0      0      4      0      0      0      1      0     14      0      0      2      0      3      0      0      0      0      0      0      0
      0      0      0      0      0      0      0      0      0      0      0      0      0      0      0      0      0      0      0      0     10      0      9      0     13     13     14      8     18      2     15     23     44     25     52     30     49     78     69     13     27     44     64     60     47     49     66    104     79     97     77     89    103     64     59     65     60     47     44     54     41     45     19     30     28     49     31     48     12     39     12     30     35     15      5      6      2      8      5      9      4      3      0      6      1      0      0      9      0      0      2      3      0      0      0      0      0      0      0      0
      0      0      0      0      0      0      0      0      0      0      0      0      0      0      2      0      0      0      2      4      5      1     15      7      0      4      3     10     22     13     19     27     21     27     34     29     45     41     63     35     49     22     61     72     49     50     19     87     99     68     34     55    114     67     91     47     44     57     28     29     77     15     46     48     38     38     28     37     14     14      4      4      9      3      6      8      4      6      1      0      0     12      2      0      0      0      1      0      0      0      4      0      0      0      0      0      0      0      0      0
      0      0      0      0      0      0      0      0      0      0      0      0      0      0      0      0      0      3      2      2      1      4      5      7      0     29      0      9      9     10     50      6     16     38     26     50     55     76     62     18     33     59     78    116     51     33     46     76     70     33     59     79     59     63     44     65     33     29     43     39     43     36     41     34     41     40     27     14     10     10     11     12     33      4     12     15      0     22      1     16      0     11      1      0      0      0      4      0      0      0      0      0      0      0      0      0      0      0      0      0
      0      0      0      0      0      0      0      0      0      0      0      0      0      0      0      0      0      0      2      0      0      3      2      4      0     20      7     12     12      7      5     14     16     38     31     26     19     28     64     34     42     34     47     40     30     72     80     72     43     43     66     54     64     48     56     38     91     36     26     18     30     34     21     21     16     24     34     10      8      6     14     15      4      1      8      5     15      0      7      3      6     19      0      0      0      0      0      0      0      0      0      0      0      0      0      0      7      0      0      0
      0      0      0      0      0      0      0      0      0      0      0      0      0      0      0      0      0      4      0      0      2     10      0      2      6     32     14     19      2     11     16      9     14     25     22     19     45     44     23     46     47     47     44     32     25     36     50     38    111     61     77    107     51     41     79     13     35     45      7     47      5     37     24     28     28     21     31      3     31     32      6      2      9     19      4      6     21      5      1      8      1      0      4      1      2      0      1      0      0      0      2      0      0      0      1      0      0      0      0      0
      0      0      0      0      0      0      0      0      0      0      0      0      0      0      0      0      0      0      0      0     28      0      5     10      4      0     10     31     12      5     10     11     23     19     46     17     13     33     59     37     39     16     17     45     38     35     78     18     98     73     38     62     40     41     42     30     45     46     59     35     51     65     25     33     21     50     16     20      9     12     10     16     14      9      2      5      1      1      0     10      1      2      6      3      0      0      0      0      0      0      0      0      6      0      0      0      0      0      0      0
      0      0      0      0      0      0      0      0      0      0      0      0      0      3      0      0      0      0      0      0      0      0      0      0      0      2     15      3     11      8     48      6     17      7     36     40     17     32     36     37     39     34     35     34     40     22     70     48     32     79     21     24     49     59     29     18     51     42     62     23     21     29     22     31     40     27     38      9     30     10      6     22      6     19      4      5      8      0     16      8      3      0      0      5      0      0     21      0      0      0      0      0      0      0      0      0      0      5      0      0
      0      0      0      0      0      0      0      0      0      0      0      0      0      0      0      0      0      0      1      2      0      0      1      0      1      3      0     12      6      3     39     17     33     16     30     43     20     69     18     40      5     24     39     54     41     66     45     52     26     35     28     25     35     52     26     14     32     12     48      9      9     18     35     24     25      5      5      6     22     25     17     30      6      4     20      0      0      0      0      3      3      0      0      0      8      0      4      8      2      1      0      1      6     10      0      0      0      0      0      0
      0      0      0      0      0      0      0      0      0      0      0      0      0      0      0      2      0      0      0      1      1      0      4     16      0      3      0      2      9      2      6      6     15     15     20     28     35     31     47     40     16     33     25     35     39     68     49     10     24     21     26     33     34     76     13     32     23     23     49      6     24     19     14     32     28     13     19     15      2      7      1      6      7      8      6      0      0      0      4      0      0      0      4      2      1      3      0      0      0      0      0      0      0      0      0      0      0      0      0      0
      0      0      0      0      0      0      0      0      0      0      0      0      0      0      0      0      0      0      0      0     12      3      5      0      2      0     12      9      0      6      0     20      7     10     14     26      4     17      8      6     47     31     25     22     28     28     21     14     43     23     50     42     62     63     51     20     75     34     25     20      4     34     33      2     19     11     18     15      6      2      4     12     40      0     15      9      0      9      0      0      1     13      0      3      0      1      0      0      0      0      0      0      0      3      0      0      0      0      0      0
      0      0      0      0      0      0      0      0      0      0      0      0      0      0      0      0      0      4      0      0      0      0      1      4      0      7      0      2     12      3      9      4     10      7     21     25     10      9     14     37     12      9     21     20     13     36     56     22     15     53     27     22     38     32     25     47     41     50     42     21      6     28     13     12     32      7      2     60     15      6     10      4     15     11      7     12      4      9      0      0      0      6      0      0      0      0      0      0      0      0      0      0      0      0      0      0      0      0      0      0
      0      0      0      0      0      0      0      0      0      0      0      0      0      0      0      0      0      0      0      0      0      2      0      8      0      0      0      0      5      8      3     15      0      0      6     12      1      5     65     40     14      4     23     15     10      8     19     24     54     40     16     16     22     56      8     47     22     25      9     57     19     12      9     11     41     24     36      8      1      9     15     31      8     12     15      2      5      0      0      7      0     10      4      0      5      1      0      0      0      0      1      0      0      0      0      0      0      0      0      0
      0      0      0      0      0      0      0      0      0      0      0      0      0      0      0      0      0      0      0      0      0      0      0      0      0      2      0     17     10      7      2      0     18     19      7      8      0      5     10     13      5     16     10      8      5     18     33     26     12     14     24     10     11     19     13     34     57     14     29     15     33      1     23      8     34      4     17      2      8     13      4      0      5      8      0      0      2      4      0      1      5      1      0      3      0      0     10      0      0      4      0      0      0      0      0      0      0      0      0      0
      0      0      0      0      0      0      0      0      0      0      0      0      0      0      0      0      0      0      0      0      0      0      0      0      3      4     10     15      8      0      0     10     11      0      4      2     12      7     38     10      8     24      5      5     26     23     26     35     10     11     12     18     14      5      9      7     27     14      5     13      5      6     11      6      6      3     20     10     16     11     16      9      9      8      0      0      0      4      0      3      0      1      3      0      0      2      0      0      0      0      0      0      0      0      0      0      0      0      0      0
      0      0      0      0      0      0      0      0      0      0      0      0      0      0      0      0      0      0      0      0      2      0      0      0      2      6      0      0      4      0      0     13      6      0      5     11      3     24     11     11      1     13     19     14     38     18      7     12      9     15     13     29     21     10     16     33     16     17     12      2     24     16     14      9     37      3      2     15      3      1      0      0     10      5      4      7      4      0      0      0      7      0      0      0      1      1      1      0      0      0      0      0      0      0      0      0      0      0      0      0
      0      0      0      0      0      0      0      0      0      0      0      0      0      0      0      0      0      0      0      0      0      0      1      0      0      0      0      1      5      2      7      7      3      4      0      7      0      0      6     11      0     24     19      9     15      6     18     47     10     17     11      9     11     22     15     18     10      4      3      4      2     23      8      5      7     14      4      5     13      7      0      5      3      4      9      0      0      1      5      0      0      0      0      0      0      0      0      0      0      0      0      0      0      0      0      0      0      9      0      0
      0      0      0      0      0      0      0      0      0      0      0      0      0      0      0      0      0      0      0      0      0      0      0      0      0      0      0      3      0      0      0      0      1      0      2      3      4     10      5     16     12     11     19     36     14      3      3      5      0      3     18      1     13     16     21      8      1     21     29      6     13     11     34      5     32      3      4     12      0      0      5      2      0      0      1      0      0      0      0      0      0      4      0      1      0      0      0      4      0      0      1      0      0      0      0      7      0      0      0      0
      0      0      0      0      0      0      0      0      0      0      0      0      0      0      0      0      0      0      0      0      0      0      0      0      0      0      0      0      0      0      2      0      6      1      2      0      0      3     10      3      9      0     16     19      9      4      4      9      4      8      1     14     14     19     23      0     22     12     26      5     17     23     15     12      2      8      3      1      5      0      5      0      1      0      0      0      0      0      0      0      0      2      0      1      0      0      0      0      0      0      0      0      0      0      0      0      0      0      0      0
      0      0      0      0      0      0      0      0      0      0      0      0      0      0      0      0      0      0      0      0      0      0      0      0      0      0      0      1      0      0      0      0      3      6      0      1      4      1      8      5     22      0      0     10      5      0     14      2     11      5      0     12      0     16     12      6      5     20     15      0      7     17      1     15      0      7      6      0      0      0      0      1      8      6      3      0      0      0      0      0      0      0      1      2      0      0      0      0      0      0      0      0      0      0      0      0      0      0      0      0
      0      0      0      0      0      0      0      0      0      0      0      0      0      0      0      0      0      0      0      0      0      0      0      0      0      0      0      4      2      0      0      0      0      6      0      0      0      5      0      0      1      0      0      3     14      4      7      0      2     18      3      7     12      3     14      4      1      1      5      0      5      1      2      0      0      0      5     11      5     15      4      9      0      6      0      0      0      2      0      0      0      3      0      0      0      0      0      0      0      0      0      0      0      0      0      0      0      0      0      0
      0      0      0      0      0      0      0      0      0      0      0      0      0      0      0      0      0      0      0      0      0      0      6      0      0      0      1      0      1      0      0      0      0      1      0      4      0      4     11      2      3      3      4      1      8      0      7      2      0      1      0      1     12      2      0      1      3     10      1      4     10     10      7      1      7      3      0      0      2      0      0      0      5      0      5      2      0      0      3      0      0      0      0      0      0      1      0      0      0      0      0      0      0      0      0      0      0      0      0      0
      0      0      0      0      0      0      0      0      0      0      0      0      0      0      0      0      0      0      0      0      0      1      0      0      0      0      0      0      0      0      0      0      3      0      0      2      0      0      0      2      0      4      0     10     18      2      1      1      3      7      6      0      3      5      0      3      8      0      0      2      2      0      3      0      0      0      0     11      0      2      0      0      1      0      0      0      0      0      0      0      0      0      0      0      0      0      0      0      0      0      0      0      0      0      0      0      0      0      0      0
      0      0      0      0      0      0      0      0      0      0      0      0      0      0      0      0      0      0      0      0      0      0      0      0      0      0      0      0      0      0      0      0      0      0      0      0      0      0      2      1      3      0      1     10      0      5      8      0      0      0      9      0      1      8      3      0      0     14      6      0      0      4      3      2      3      1      0      0      0     11      0      0      0      0      0      0      0      0      0      0     22      0      0      4      0      0      0      2      0      0      0      0      0      0      5      0      0      0      0      0
      0      0      0      0      0      0      0      0      0      0      0      0      0      0      0      0      0      0      0      0      0      0      0      0      0      0      0     23      0      0      0      0      0      0      0      0      0      0      0      0      2      1      0      0      4      0      3      0      7      0      0      2      1      7      0     14      0      7      9      3      6      0      1     14      0      0      1      0      1      0      0      1      0      0      0      0      0      0      0      2      0      0      0      0      0      0      0      0      0      0      0      0      0      0      0      0      0      0      0      0
      0      0      0      0      0      0      0      0      0      0      0      0      0      0      0      0      0      0      0      0      0      0      0      0      0      0      0      0      0      0      0      0      0      0      0      4      0      0      0      0      0      0      6     12     31      0      2     22      0      1      0      0      0      1      3      3      0      0      5      4      8      1      0      0      0      0      0      0      0      0      4      0      7      0      0      0      0      0      0      0      0      0     11      0      0      0      0      0      0      0      0      0      0      0      0      0      0      0      0      0
      0      0      0      0      0      0      0      0      0      0      0      0      0      0      0      0      0      0      0      0      0      0      0      0      0      8      0      0      0      0      0      2      0      0      0      0      0      0      0      0      0      0      4      0      0      1     16      0      0      0      1      1      1      0      0      0      0     16      7      1      5      1      0      6      0      0      1      0      4      2      1      0      0      0      0      0      0      0      0      0      5      0      0      0      0      5      0      0      0      0      0      0      0      0      0      0      0      0      0      0
      0      0      0      0      0      0      0      0      0      0      0      0      0      0      0      0      0      0      0      0      0      0      0      0      0      0      0      0      0      0      0      0      3      0      0      0      0      2      1      1      0      0      1      0      0      7      0      6      0      0      0      0      5      6      0      0      5      3      2      0      0      3      0      0      6      2      0     18      0      2      0      0      0      0      0      3      0      0      0      0      0      0      0      0      0      0      0      0      0      0      0      0      0      0      0      0      0      0      0      0
      0      0      0      0      0      0      0      0      0      0      0      0      0      0      0      0      0      0      0      0      0      0      0      0      0      0      0      0      0      0      0      0      0      0      0      0      0      0      0      0      0      0      0      2      0      0      0      8      0      7      0      0      0      0      0      0      0      7      0      0      4      0      1      0      0      1      0      1      0      2      0      0      0      0      0      0      0      0      0      0      4      0      0      0      0      0      0      0      0      0      0      0      0      0      0      0      0      0      0      0
      0      0      0      0      0      0      0      0      0      0      0      0      0      0      0      0      0      0      0      0      0      0      0      0      0      0      3      0      0      0      0      0      0      0      0      0      0      0      0      2      0      0      3      0      0      0      0      0      2      1      0      0      0      0      0      0      0      2      0      0      0      0      0      0      0      0      0      0      0      0      0      0      0      0      0      0      0      0      0      0      0      0      0      0      0      0      0      0      0      0      0      0      0      0      0      0      0      0      0      0
      0      0      0      0      0      0      0      0      0      0      0      0      0      0      0      0      0      0      0      0      0      0      0      0      0      0      0      0      0      0      0      0      0      0      0      0      0      0      0      0      0      0      5      0      0      0      5      0      0      0      0      0      0      0      0      0      0      0      0      0      3      0      0      0      0      0      0      0      0      0      0      0      0      0      0      0      0      0      0      0      0      0      0      0      0      0      0      0      0      0      0      0      0      0      0      0      0      0      0      0
      0      0      0      0      0      0      0      0      0      0      0      0      0      0      0      0      0      0      0      0      0      0      0      0      0      0      0      0      0      0      0      0      0      0      0      0      0      0      0      0      0      0      0      0      0      0      5      0      0      0      0      0      0      2      0      0      0      0      0      0      0      0      0      0      3      0      0      0      0      0      0      0      0      0      0      0      0      0      0      0      0      0      0      0      0      0      0      0      0      0      0      0      0      0      0      0      0      0      0      0
      0      0      0      0      0      0      0      0      0      0      0      0      0      0      0      0      0      0      0      0      0      0      0      0      0      0      0      0      0      0      0      0      0      0      0      0      0      0      0      0      0      0      0      0      0      0      0      9      0      0      0      0      0      0      0      0      1      0      0      1      0      0      0      0      0      0      0      0      0      0      0      0      0      0      0      0      0      0      7      0      0      0      0      0      0      0      0      0      0      0      0      0      0      0      0      0      0      0      0      0
      0      0      0      0      0      0      0      0      0      0      0      0      0      0      0      0      0      0      0      0      0      0      0      0      0      0      3      0      0      0      0      0      0      0      0      0      0      0      0      0      0      0      0      0      0      0      0      0      0      0      0      1      0      0      0      0      0      0      0      0      0      0      0      0      0      0      1      0      0      0      0      0      0      0      0      0      0      0      0      0      0      0      0      0      0      0      0      0      0      0      0      0      0      0      0      0      0      0      0      0
      0      0      0      0      0      0      0      0      0      0      0      0      0      0      0      0      0      0      0      0      0      0      0      0      0      0      0      0      0      0      0      0      0      0      0      0      0      0      0      0      0      0      0      0      0      0      0      0      0      0      0      0      0      0      0      0      0      0      0      0      0      0      0      0      0      0      0      0      0      0      0      0      0      0      0      0      0      0      0      0      0      0      0      0      0      0      0      0      0      0      0      0      0      0      0      0      0      0      0      0
      0      0      0      0      0      0      0      0      0      0      0      0      0      0      0      0      0      0      0      0      0      0      0      0      0      0      0      0      0      0      0      0      0      0      0      0      0      0      0      0      0      0      0      0      0      0      0      0      0      0      0      0      0      0      0      0      0      0      0      0      0      0      0      0      0      0      0      0      0      0      0      0      0      0      0      0      0      0      0      2      0      0      0      0      0      0      0      1      0      0      0      0      0      0      0      0      0      0      0      0
      0      0      0      0      0      0      0      0      0      0      0      0      0      0      0      0      0      0      0      0      0      0      0      0      0      0      0      0      0      0      0      0      0      0      0      0      0      0      0      0      0      1      0      0      0      0      0      0      0      0      0      0      0      0      0      0      0      0      3      0      0      0      0      2      0      0      0      0      0      0      0      0      0      0      0      0      0      0      0      0      0      0      0      0      0      0      0      0      0      0      0      0      0      0      0      0      0      0      0      0
      0      0      0      0      0      0      0      0      0      0      0      0      0      0      0      0      0      0      0      0      0      0      0      0      0      0      0      0      0      0      0      0      0      0      0      0      0      0      0      0      0      0      0      0      0      0      0      0      0      0      0      0      0      0      0      0      0      0      0      0      4      0      0      0      0      0      0      0      0      0      0      0      0      0      0      0      0      0      0      0      0      0      0      0      0      0      0      0      0      0      0      0      0      0      0      0      0      0      0      0
      0      0      0      0      0      0      0      0      0      0      0      0      0      0      0      0      0      0      0      0      0      0      0      0      0      0      0      0      0      4      0      0      0      0      0      0      0      0      0      0      0      0      0      0      0      0      0      0      0      0      4      5      0      0      0      0      0      0      0      0      0      0      0      0      0      0      0      0      0      0      0      0      0      0      0      0      0      0      0      0      0      0      0      0      0      0      0      0      0      0      0      0      0      0      0      0      0      0      0      0
      0      0      0      0      0      0      0      0      0      0      0      0      0      0      0      0      0      0      0      0      0      0      0      0      0      0      0      0      0      0      0      0      0      0      0      0      0      0      0      0      0      0      0      0      0      0      0      0      0      0      0      0      0      0      0      0      0      0      0      0      0      0      0      0      0      1      0      0      0      0      0      0      0      0      0      0      0      0      0      0      0      0      0      0      0      0      0      0      0      0      0      0      0      0      0      0      0      0      0      0
      0      0      0      0      0      0      0      0      0      0      0      0      0      0      0      0      0      0      0      0      0      0      0      0      0      0      0      0      0      0      0      0      0      0      0      0      0      0      0      0      0      0      0      0      0      0      0      0      0      0      0      0      0      0      0      0      0      0      0      0      0      0      0      0      0      0      0      0      0      0      0      0      0      0      0      0      0      0      0      0      0      0      0      0      0      0      0      0      0      0      0      0      0      0      0      0      0      0      0      0
      0      0      0      0      0      0      0      0      0      0      0      0      0      0      0      0      0      0      0      0      0      0      0      0      0      0      0      0      0      0      0      0      0      0      0      0      0      0      0      0      0      0      0      0      0      0      0      0      0      0      0      0      0      0      0      0      0      0      0      0      0      0      0      0      0      0      0      0      0      0      0      0      0      0      0      0      0      0      0      0      0      0      0      0      0      0      0      0      0      0      0      0      0      0      0      0      0      0      0      0
      0      0      0      0      0      0      0      0      0      0      0      0      0      0      0      0      0      0      0      0      0      0      0      0      0      0      0      0      0      0      0      0      0      0      0      0      0      0      0      0      0      0      0      0      0      0      0      0      0      0      0      0      0      0      0      0      0      0      0      0      0      0      0      0      0      0      0      0      0      0      0      0      0      0      0      0      0      0      0      0      0      0      0      0      0      0      0      0      0      0      0      0      0      0      0      0      0      0      0      0
      0      0      0      0      0      0      0      0      0      0      0      0      0      0      0      0      0      0      0      0      0      0      0      0      0      0      0      0      0      0      0      0      0      0      0      0      0      0      0      0      0      0      0      0      0      0      0      0      0      0      0      0      0      0      0      0      0      0      0      0      0      0      0      0      0      0      0      0      0      0      0      0      0      0      0      0      0      0      0      0      0      0      0      0      0      0      0      0      0      0      0      0      0      0      0      0      0      0      0      0
