\ 
\ Covariance Function Histogram Table
\ 
\ X Parameter: Incident Flux
\ X Abbrev   : Fave
\ X Units    : 10^9 ergs s^-1 cm^-2
\ X Items    : 100         
\ 
\ Y Parameter: Total Duration
\ Y Abbrev   : T14
\ Y Units    : days
\ Y Items    : 100         
\ 
|col000|col001|col002|col003|col004|col005|col006|col007|col008|col009|col010|col011|col012|col013|col014|col015|col016|col017|col018|col019|col020|col021|col022|col023|col024|col025|col026|col027|col028|col029|col030|col031|col032|col033|col034|col035|col036|col037|col038|col039|col040|col041|col042|col043|col044|col045|col046|col047|col048|col049|col050|col051|col052|col053|col054|col055|col056|col057|col058|col059|col060|col061|col062|col063|col064|col065|col066|col067|col068|col069|col070|col071|col072|col073|col074|col075|col076|col077|col078|col079|col080|col081|col082|col083|col084|col085|col086|col087|col088|col089|col090|col091|col092|col093|col094|col095|col096|col097|col098|col099|
|int   |int   |int   |int   |int   |int   |int   |int   |int   |int   |int   |int   |int   |int   |int   |int   |int   |int   |int   |int   |int   |int   |int   |int   |int   |int   |int   |int   |int   |int   |int   |int   |int   |int   |int   |int   |int   |int   |int   |int   |int   |int   |int   |int   |int   |int   |int   |int   |int   |int   |int   |int   |int   |int   |int   |int   |int   |int   |int   |int   |int   |int   |int   |int   |int   |int   |int   |int   |int   |int   |int   |int   |int   |int   |int   |int   |int   |int   |int   |int   |int   |int   |int   |int   |int   |int   |int   |int   |int   |int   |int   |int   |int   |int   |int   |int   |int   |int   |int   |int   |
      0      0      0      0      0      0      0      0      0      0      0      0      0      0      0      0      0      0      0      0      0      0      0      0      0      0      0      0      0      0      0      0      0      0      0      0      0      0      0      0      0      0      0      0      0      0      0      0      0      0      0      0      0      0      0      0      0      0      0      0      0      0      0      0      0      0      0      0      0      0      0      0      0      0      0      0      0      0      0      0      0      0      0      0      0      0      0      0      0      0      0      0      0      0      0      0      0      0      0      0
      0      0      0      0      0      0      0      0      0      0      0      0      0      0      0      0      0      0      0      0      0      0      0      0      0      0      0      0      0      0      0      0      0      0      0      0      0      0      0      0      0      0      0      0      0      0      0      0      0      0      0      0      0      0      0      0      0      0      0      0      0      0      0      0      0      0      0      0      0      0      0      0      0      0      0      0      0      0      0      0      0      0      0      0      0      0      0      0      0      0      0      0      0      0      0      0      0      0      0      0
      0      0      0      0      0      0      0      0      0      0      0      0      0      0      0      0      0      0      0      0      0      0      0      0      0      0      0      0      0      0      0      0      0      0      0      0      0      0      0      0      0      0      0      0      0      0      0      0      0      0      0      0      0      0      0      0      0      0      0      0      0      0      0      0      0      0      0      0      0      0      0      0      0      0      0      0      0      0      0      0      0      0      0      0      0      0      0      0      0      0      0      0      0      0      0      0      0      0      0      0
      0      0      0      0      0      0      0      0      0      0      0      0      0      0      0      0      0      0      0      0      0      0      0      0      0      0      0      0      0      0      0      0      0      0      0      0      0      0      0      0      0      0      0      0      0      0      0      0      0      0      0      0      0      0      0      0      0      0      0      0      0      0      0      0      0      0      0      0      0      0      0      0      0      0      0      0      0      0      0      0      0      0      0      0      0      0      0      0      0      0      0      0      0      0      0      0      0      0      0      0
      0      0      0      0      0      0      0      0      0      0      0      0      0      0      0      0      0      0      0      0      0      0      0      0      0      0      0      0      0      0      0      0      0      0      0      0      0      0      0      0      0      0      0      0      0      0      0      0      0      0      0      0      0      0      0      0      0      0      0      0      0      0      0      0      0      0      0      0      0      0      0      0      0      0      0      0      0      0      0      0      0      0      0      0      0      0      0      0      0      0      0      0      0      0      0      0      0      0      0      0
      0      0      0      0      0      0      0      0      0      0      0      0      0      0      0      0      0      0      0      0      0      0      0      0      0      0      0      0      0      0      0      0      0      0      0      0      0      0      0      0      0      0      0      0      0      0      0      0      0      0      0      0      0      0      0      0      0      0      0      0      0      0      0      0      0      0      0      0      0      0      0      0      0      0      0      0      0      0      0      0      0      0      0      0      0      0      0      0      0      0      0      0      0      0      0      0      0      0      0      0
      0      0      0      0      0      0      0      0      0      0      0      0      0      0      0      0      0      0      0      0      0      0      0      0      0      0      0      0      0      0      0      0      0      0      0      0      0      0      0      0      0      0      0      0      0      0      0      0      0      0      0      0      0      0      0      0      0      0      0      0      0      0      0      0      0      0      0      0      0      0      0      0      0      0      0      0      0      0      0      0      0      0      0      0      0      0      0      0      0      0      0      0      0      0      0      0      0      0      0      0
      0      0      0      0      0      0      0      0      0      0      0      0      0      0      0      0      0      0      0      0      0      0      0      0      0      0      0      0      0      0      0      0      0      0      0      0      0      0      0      0      0      0      0      0      0      0      0      0      0      0      0      0      0      0      0      0      0      0      0      0      0      0      0      0      0      0      0      0      0      0      0      0      0      0      0      0      0      0      0      0      0      0      0      0      0      0      0      0      0      0      0      0      0      0      0      0      0      0      0      0
      0      0      0      0      0      0      0      0      0      0      0      0      0      0      0      0      0      0      0      0      0      0      0      0      0      0      0      0      0      0      0      0      0      0      0      0      0      0      0      0      0      0      0      0      0      0      0      0      0      0      0      0      0      0      0      0      0      0      0      0      0      0      0      0      0      0      0      0      0      0      0      0      0      0      0      0      0      0      0      0      0      0      0      0      0      0      0      0      0      0      0      0      0      0      0      0      0      0      0      0
      0      0      0      0      0      0      0      0      0      0      0      0      0      0      0      0      0      0      0      0      0      0      0      0      0      0      0      0      0      0      0      0      0      0      0      0      0      0      0      0      0      0      0      0      0      0      0      0      0      0      0      0      0      0      0      0      0      0      0      0      0      0      0      0      0      0      0      0      0      0      0      0      0      0      0      0      0      0      0      0      0      0      0      0      0      0      0      0      0      0      0      0      0      0      0      0      0      0      0      0
      0      0      0      0      0      0      0      0      0      0      0      0      0      0      0      6      0      0      0      0      0      0      0      0      0      0      0      0      0      0      0      0      0      0      0      0      0      0      0      0      0      0      0      0      0      0      0      0      0      0      0      0      0      0      0      0      0      0      0      0      0      0      0      0      0      0      0      0      0      0      0      0      0      0      0      0      0      0      0      0      0      0      0      0      0      0      0      0      0      0      0      0      0      0      0      0      0      0      0      0
      0      0      0      0      0      0      0      0      0      0      0      0      0      0      0      0      0      0      0      0      0      0      0      0      0      0      0      0      0      0      0      0      0      0      0      0      0      0      0      0      0      0      0      0      0      0      0      0      0      0      0      0      0      0      0      0      0      0      0      0      0      0      0      0      0      0      0      0      0      0      0      0      0      0      0      0      0      0      0      0      0      0      0      0      0      0      0      0      0      0      0      0      0      0      0      0      0      0      0      0
      0      0      0      0      0      0      0      0      0      0      0      0      0      6      7      0      0      0      0      0      2      0      0      0      0      0      0      0      0      0      0      0      0      0      0      0      0      0      0      0      0      0      0      0      0      0      0      0      0      0      0      0      0      0      0      0      0      0      0      0      0      0      0      0      0      0      0      0      0      0      0      0      0      0      0      0      0      0      0      0      0      0      0      0      0      0      0      0      0      0      0      0      0      0      0      0      0      0      0      0
      0      0      0      0      0      0      0      0      0      0      0      0      0      0      0      0      0      0      0      0      0      0      0      0      0      0      0      0      1      0      0      0      0      0      0      0      0      0      0      0      0      0      0      0      0      0      0      0      0      0      0      0      0      0      0      0      0      0      0      0      0      0      0      0      0      0      0      0      0      0      0      0      0      0      0      0      0      0      0      0      0      0      0      0      0      0      0      0      0      0      0      0      0      0      0      0      0      0      0      0
      0      0      0      0      0      0      0      0      0      0      0      0      0      0      0      0      0      0      0      1      7      0      0      0      0      0      6      0      0      0      0      0      0      0      0      5      0      0      0      1      0      0      0      0      0      0      0      0      0      0      0      0      0      0      0      0      0      0      0      0      0      0      0      0      0      0      0      0      0      0      0      0      0      0      0      0      0      0      0      0      0      0      0      0      0      0      0      0      0      0      0      0      0      0      0      0      0      0      0      0
      0      0      0      0      0      0      0      0      0      0      0      0      0      0      0      0      0      8      3      0      0      3      0      0      9      0      0      0      1      0      0      0      0      0      0      0      0      0     11      0      0      0      0      0      0      0      0      0      0      0      0      0      0      0      0      0      0      0      0      0      0      0      0      0      0      0      0      0      0      0      0      0      0      0      0      0      0      0      0      0      0      0      0      0      0      0      0      0      0      0      0      0      0      0      0      0      0      0      0      0
      0      0      0      0      0      0      0      5      0      0      5      0      4      0      2      0      0      0      1      0      5      6      4     16      0      7      0      0      0      3      0      3      7      0      0      0      0      0      0      1      0      0      0      0      0      0      0      0      0      0      0      0      0      0      0      0      0      0      0      0      0      0      0      0      0      0      0      0      0      0      0      0      0      0      0      0      0      0      0      0      0      0      0      0      0      0      0      0      0      0      0      0      0      0      0      0      0      0      0      0
      0      0      0      0      0      0      0      0      0      0      0      0      0      0      0      0      0      0      0      0      5      0      1      6      4      0      0      1      1      2      4      0      0      0      1      6      0      2      4      0      0      0      0      0      0      0      0      0      0      0      0      0      0      0      0      0      0      0      0      0      0      0      0      0      0      0      0      0      0      0      0      0      0      0      0      0      0      0      0      0      0      0      0      0      0      0      0      0      0      0      0      0      0      0      0      0      0      0      0      0
      0      0      0      0      0      0      0      0      0      1      0      0      1      0      0      0      0      0      0      1     16     21      8     15      5     14      0     23      3      8      7     25      1      3      0      2     10      6      0      0      0      3      0      0      0      2      0      0      0      0      0      0      0      0      0      0      0      4      0      0      0      8      0      0      0      0      0      0      0      0      0      0      0      0      0      0      0      0      0      0      0      0      0      0      0      0      0      0      0      0      0      0      0      0      0      0      0      0      0      0
      0      0      0      0      0      0      0      0      1      0      0      3      0      0     11      0      0     15      8      0      0      6      7      3      1      7      6      5      8      9      1     15      8      1      2      5      1      0      3      0      0      2      0      0      0      0      0      0      0      0      0      0      0      0      0      0      0      0      0      0      0      0      0      0      0      0      0      0      0      0      0      0      0      0      0      0      0      0      0      0      0      0      0      0      0      0      0      0      0      0      0      0      0      0      0      0      0      0      0      0
      0      0      0      0      0      0      0      0      0      0      0      8      0      0      0      5      2      0      6      0      1      9      3     12      4      1     12      6      0      8     15      2      1     22     12     25      5      6      0     25      1      5      0      0      4      0     16      0      0      0      0      0      0      0      0      0      0      0      0      0      0      0      0      0      0      0      0      0      0      0      0      0      0      0      0      0      0      0      0      0      0      0      0      0      0      0      0      0      0      0      0      0      0      0      0      0      0      0      0      0
      0      0      0      0      0      0      0      0      0      0      0      0      3      0      1      0      7     16      1      5     10     13     13     11     12      6     12      8     11     16     12     15      7     19     22      0      1     15      5      9     12      0      3      0      1      7      2      0      2      6      0      4      0      0      0      0      3      0      0      0      0      0      0      0      0      0      0      0      0      0      0      0      0      0      0      0      0      0      0      0      0      0      0      0      0      0      0      0      0      0      0      0      0      0      0      0      0      0      0      0
      0      0      0      0      0      0      0      0      0      0      0      2      0      0      0      1      6      0      2     15      1      0     22     10     32      7     33     37     26     26      4     14     17     19     12      2     10     28     21      2      1      7      0     13      3      0      1      0      0      6      0      0      0      0      0      0      0      0      3      0      0      0      0      9      0      0      0      0      0      0      0      0      0      0      0      0      0      0      0      0      0      0      0      0      0      0      0      0      0      0      0      0      0      0      0      0      0      0      0      0
      0      0      0      0      0      0      0      0      0      0      1      2      0      6      0      0      3      1      5     18     13      9     11      2      9     14      8     20     28      5     32     41     27     12     10     12     27     11     19     25      5     20     10      6     11      5     17      0      2     18      4     13      0      1      0      0      0      0      0      0      0      0      0      0      0      0      0      0      0      0      0      1      0      0      0      0      0      0      0      0      0      0      0      0      0      0      0      0      0      0      0      0      0      0      0      0      0      0      0      0
      0      0      0      0      0      0      0      0      1      0      0      0      0      0      1      0     12      6     27      8     11      4     11     10     25      7     20     18     12     30     21     42     24     11     27     26     40     28      5     12      7      9     12     23     14      3     38      0      5      6      4      8      0      0      0      0      1      9      0      0      0      0      2      6      0      0      0      0      0      0      0      0      0      0      0      0      0      0      0      0      0      0      0      0      0      0      0      0      0      0      0      0      0      0      0      0      0      0      0      0
      0      0      0      0      0      0      0      1      0      2      6      0      0      0      6     15      5      2      0      0     26     27      0     32     18     15     37     48     24     34     29     39     20     20     60     50     19     54     32     15     34     12     43     14     18     14     16     13     16     14      6     10      6      0      7      4      0      2      0      4      0      0      0      0      0      0      0      0      0      0      0      0      0      0      0      1      0      0      0      0      0      0      0      0      0      0      0      0      0      0      0      0      0      0      0      0      0      0      0      0
      0      0      0      0      0      0      0      0      0      3      1      1      0      1      4      7      6      0      8      4      6     13      4     13      4     25     37     11     27     14     47     26     31     26     74     25     31     52     43     60     29     23     10     11     38      9     30      4      8     26     30      9      0      0      0     17      0      5      4      1      0      0      0      0      2      0      0      0      0      0      0      0      0      0      0      0      0      0      0      0      0      0      0      0      0      0      0      0      0      0      0      0      0      0      0      0      0      0      0      0
      0      0      0      0      0      0      0      0      0      0      0      0      0     14      0      0      0      0      1      0      5     16      2     32     15     30     20     67     56     14     18     45     69     26     35     75     40     58     64     30     49     51     36     35     23     52     27      4      6     32     11      3     16      2     23      0     17      7      0      3      0      2      2      1      0      2      0      0      0      0      0      0      0      0      0      0      0      0      0      0      0      0      0      0      0      0      0      0      0      0      0      0      0      0      0      0      0      0      0      0
      0      0      0      0      0      0      0      0      0      0      0      0      0     12      0      0      3      0      6     12      9      6     25     24     37     24     18     34     29     29     44     52     56     90     57     48     75     41     29     61     27     70     52     64     34     50     32     55     20     28     24     10     11      9      9      1      8      4      7     11     11      1      2      0      0      6      0      0      0      0      0      0      0      0      0      0      0      0      0      0      0      0      0      0      0      0      0      0      0      0      0      0      0      0      0      0      0      0      0      0
      0      0      0      0      0      0      0      0      0      0      0      0      0      0      3     14      3     26      8     22      2      0     15     23      5     42     37     76     66     53     37     31     53     48     65    101     25     57     48     74     69     78     49     58     73     57     55     25     30     30     25     17     18     45     23      3     11      7      0      5      0      3      0      0      8      1      0      3      2      0      0      0      0      0      0      7      0      0      0      0      0      0      0      0      0      0      0      0      0      0      0      0      0      0      0      0      0      0      0      0
      0      0      0      0      0      0      0      0      0      0      0      1      4      0      0      4      7     15      0      2      7     33      7     33      7     11     33     51     54     34     63     55     43     98     41     26    123     97     65     52     75     56     70     68     35     81     62     45     34     29     27     35     29     38      5     14      1     13     14     10      9      6      0      5      0      0      3      0      3      5      0      5      2      0      0      0      0      0      0      0      0      0      0      0      0      0      0      0      0      0      0      0      0      0      0      0      0      0      0      0
      0      0      0      0      0      0      0      0      0      0      0      1      0      0      1      0     11     16      5     16     13     26      2     11      5     23     10     42     24     19     35     44     46     27     69    107    131     86     97     78    113     47     79     88     69     55    104     46     84     40     40     54     21     16     32      8     17     36      3      0     15      8      8      5      2      0      2      0     13      0      3      1      0      0      0      0      0      0      0      0      0      0      0      0      0      0      0      0      0      0      0      0      0      0      0      0      0      0      0      0
      0      0      0      0      0      0      0      0      0      0      0      0      0      3      0      0      0     11     11      4     16     16     11     11     21     45     20     35     40     21     27     74     45     76     79     94     63     88     89     83     65     44     97     72     47     29     90     40     40     47     34     21     42     44     28     12     24     14     13      8      8     22      8      2      9     12      0      4      0      3      2     11      0      0      0      0      0      0      0      0      0      0      0      0      0      0      0      0      0      0      0      0      0      0      0      0      0      0      0      0
      0      0      0      0      0      0      0      0      0      0      0      0      0      0      0      0      0      0      0     31      3      4     17      3     22     27     53     44     45     22    114     45     70     38     68     72    124     73     95     92     79     92     54    150     53     64    107     63     63     68     65     42     62     36     35     46     10     17     14     10      4      8     16      6     20      6      7      1      7     19      0      0      2      0      0      5      0      0      0      0      0      0      0      0      0      0      0      0      0      0      0      0      0      0      0      0      0      0      0      0
      0      0      0      0      0      0      0      0      0      0      0      0      0      4      0      0      4      0      5      1      8      5     22     12      8     22     26     45     37     53     65     72     90    109     62     83     74     69     91    105     76    125     79     91    110    105     89     56     63     95     41     71     63     64     54     40     45      9     25     25     24     10     22      6      7     24      6      2      5      8      7      0      0      0      0      1      0      0      0      0      0      0      0      0      0      0      0      0      0      0      0      0      0      0      0      0      0      0      0      0
      0      0      0      0      0      0      0      0      0      0      0      0      0      0      7      0      1      1      0      2      2     15     21      4      9     10     22     13     79     37     65     41     63     74     87     97     61     54    116    103     81    100    109    106     70    110     86    105     63     69     52     82     51     42     31     39     39     19     21     24     42     22     28      9     13      0      9      8     14      9      0      0      0     10      0      2      0      0      3      0      0      0      0      0      0      0      0      0      0      0      0      0      0      0      0      0      0      0      0      0
      0      0      0      0      0      0      0      0      0      0      0      0      0      0      0      0      0      2      0      2     13      0      7     17     15     12     23     60     45     62     16     37     82     45     78     61    132     86    108     70     57     84    126     61     93     95     80    120    169     78     64     97     81     20     71     47     33     48     19     29     43     18      8     27     16      5      6      5      1      9      2     14      4      6      5      0      0      0      0      0      0      0      0      0      0      0      0      0      0      0      0      0      0      0      0      0      0      0      0      0
      0      0      0      0      0      0      0      0      0      0      0      0      0      0      0      0      0      0      3      4      6     16      1     28     18     38     29     18     55     36     48     67     94     54    107     84     59     73     41    105    198    125    108    118    217     94    105     51    122     99     97    127     99     51     52     52     25     51     37     54     12     10     18     34      9     20     21      0     13      3      2      1      1     13      2      0      0      0      0      1      0      0      0      0      0      0      0      0      0      0      0      0      3      0      0      0      0      0      0      0
      0      0      0      0      0      0      0      0      0      0      0      0      0      0      1      0     10      2      0      6      5      3     14     12      3     17     14     14      7     69     40     33     67     76     50     54     73    121    120     96     69    144    168     80    124    110     98     71     53    106    121     99     71     44     43     63     84     49     46     34     22     44     49     21      4     13     19      8      6      7     10      7      0      1      0      6      0      0      0      0      0      0      0      0      0      0      0      0      0      0      0      0      0      0      0      0      0      0      0      0
      0      0      0      0      0      0      0      0      0      0      0      0      0      0      0      0      2      1      0      1      0     13      5      5     16     13     12     15     51     37     32     36     71     46     91     55    103     78     81    117    120    112    139     66     89    219    121    115     42     61     95     99     59    103     75     84     36     58     80     42     36     17     14     14     29     25      7      5      0     10      0      4      0      6      0      0      0      0      0     14      0      0      1      0      0      0      0      0      0      0      2      0      0      0      0      0      0      0      0      0
      0      0      0      0      0      0      0      0      0      0      0      0      0      0      0      3      0      0      1      0      0      3      6      3     12      7     14      8      4     41     17     39     56     24     28     49     77     86    154    134    118     92     78    102    128     69     85    130    107     89     76    115     83     77     58     52     26     51     34     37     79     22     23     29     18      6     30     18      0      4     20      1      3     13      8      2      2      0      0      0      0      0      0      0      0      0      0      0      0      0      0      0      0      0      0      0      0      0      0      0
      0      0      0      0      0      0      0      0      0      0      0      0      0      0      0      0      3      0      0      1      0      0      0     11      2      8     32      3     12     29     33     32     60     81     74     50    129     68    106     34     57     78    125    103     92     98     94     69    154    104    107     85     73     80    113     43     50     89     80     56     17     24     57     39     21      2     16      6     14      0      9      4      6      1      5     11      0      7      2      0      0      0      0      0      0      0      0      0      0      0      0      0      0      0      0      0      0      0      0      0
      0      0      0      0      0      0      0      0      0      0      0      0      0      0      0      0      1      0      0      0      0      0      0      5     15      0     20      8     19     11     43     20     57     34     58     97    126     71     90    129    146     80    118    125    122    125    164    120    132    109     87    103    121     75    103     72     73     46     58     48     39     25     47     18     61     15     13     11      3      2      4     10      1      8      0      0      4      1      0      0      2      0      0      0      0      0      0      0      0      0      0      0      0      0      0      0      0      0      0      0
      0      0      0      0      0      0      0      0      0      0      0      0      0      0      0      0      0      0      0      0      7      0      0      7      0     13      5     13      6     47     10     13     50     54     85     54     75     59     59     70    108     87     91    118    125    150    107    176    112     82     60    100    104     55     54     75     94     34     68     36     57     49     30     36     33     28     29     16     15     29      1     10     15      0      0      3      6      0      3     15      0      0      0      0      0      0      0      0      0      0      0      0      0      0      0      0      0      0      0      0
      0      0      0      0      0      0      0      0      0      0      0      0      0      0      0      0      0      0      0     15      5      3      0      7      0     30      2     22      8     62     20     18     44     40     17     30     48     48     59     64     47    103     89    119    109    149    137    105    112    139    110     81     90     82     53     76     83     62     64     51     56     32     30     23     63     16      9     20     10     17     13     24      5      4     28     11      0      6      0      1      0      0      1      0      0      2      0      0      0      0      0      0      0      0      0      0      0      0      0      0
      0      0      0      0      0      0      0      0      0      0      0      0      0      0      0      0      0      4      0      0      0      5      0      2      0      0     12      0     20     19     10      0     17     19     17     88     23     78     90     89     82     79    163     89    142    106    143    141    130     73     73    126    156    115     66     78     54     52     36     81     52     41     24     11     24     18     32     10     15     23     11     11     10      0      0      0      7      8      0      4      0      5     27      0      0      0      0      0      0      0      0      0      0      0      0      0      0      0      0      0
      0      0      0      0      0      0      0      0      0      0      0      0      0      0      0      0      0      0      0      0      0      0      0      2      2      9      1      7      8     24     28     27     29     53     92     32     84     38     99     79     95     42     89     67     89     76     87     62    164     89     86     72    113    151     52     26    121     39     40     93     41     42     42     21     30     32     13     20     13     48     11      5     14      4      7      5      1      3      0      0      2     13      2      4      0      0      0      0      4      0      5      0      0      0      0      0      0      0      0      0
      0      0      0      0      0      0      0      0      0      0      0      0      0      0      0      0      0      0      0      0      1      0      1      2      0     29      7      0      1      8      4     39     13     40     42     30     37     52     38     78     49    100     59    109     85     89     69    117     99    103     83     87    170     55     47     38     44    121     67     84     27     30     28     28     11     25     19     28     20     63     12     10     10      7      1     18      4      1      9      1      0      0      1      0      2      0      0      0      0      0      0      0      0      0      0      0      0      0      0      0
      0      0      0      0      0      0      0      0      0      0      0      0      0      5      0      0      0      0      0      0      0      2      0      0      0      0      6      0      1      9     13     11     13     44     26     44     18     66     40    101     65     52     79     65     96     70    106    125     63     78     71     96     96     89     96    113     81     78     65    111     55     40     46     56     49     54     16     38     51     29     22     12     13      5      2      2      4      0      0      7      0      0      0      0      9      0      1      0      0      0      0      0      0      0      0      0      0      0      0      0
      0      0      0      0      0      0      0      0      0      0      0      0      0      0      0      0      0      0      0      0      0      0      0      0      0      8     14      5      4      5      7     35      1     11     37     16     43     22     47     25     69     87     76     92     96     77     82    105     67     89     70     77     84     91     73     71    103     36     34     35     80     86     81     76     13     53     44     26     29     13     16      5      9      2      9      3     10      2      4      3      0      0      3      0      0      0      0      0      0      0      0      0      1      0      0      0      0      0      1      0
      0      0      0      0      0      0      0      0      0      0      0      0      0      0      0      0      0      8      0      0      0      0      0      0      0      3      0      1      5      2     10     16     49      6     35     21     44     29     18     62     80     47     69     81     60     89     86     79     92     73     59    109     73     63     95     67     97     58     87     61     33     51     40     36     59     19     21     19     23     41      2      9      9      5     11      0      0      0      0     31      0      0      2      0      0      0      0      0      0      2      0      0      0      0      0      0      0      0      0      0
      0      0      0      0      0      0      0      0      0      0      0      0      0      0      0      0      0      0      0      0      0      0      0      0      1      0      0      2      1     11      1      6     20     16     10     29     48     18     31     37     57     40     75     44     69     75     72     30    112    155     56     58     71     96     74    106     75     45     50     18     38     60     22     42     63     32     44     23     25      4     13     29      3     14      6     19      5      3     12      3      2      1      0      0      0      0      0      2      0      2      0      0      0      3      0      0      0      0      0      0
      0      0      0      0      0      0      0      0      0      0      0      0      0      0      0      0      0      0      0      0      0      0      0      0      2     17      0      1      2      6     29      0     17      2     13     12     16     13     36     24     46     52     59     13     30     68     60     76     85     87     99     65     49     75     51     66     72     40     55     21     48     43     31     42     31     60     28     22     18      4     20     24     15      8      7      9      3      2     15      0      0      0      0      2      0      0      0      0      0      0      2      0      0      0      0      0      0      0      0      0
      0      0      0      0      0      0      0      0      0      0      0      0      0      0      0      0      0      0      0      0      0      6      0      0      0      0      2      0      0      2      7      5     27     11      9     11     10     30     19     44     43     20     37     37     33     48     71     56     96     94     95    131     61     65     94     87     36     70     64     49     25     22     24     55     61     16     30      6     11     14     11     16     34      8     10      2     10     14      1      0      7      0      0      2      5      0      0      1      0      0      0      0      0      0      0      0      0      0      0      0
      0      0      0      0      0      0      0      0      0      0      0      0      0      0      0      0      0      0      0      0      0      0      0      6      0      0      7      0      0      7      1      6      0     16      5     23     18     26     13     34     34     51     36     50     44     55     70     88     72     63     60     23    102     79    103    133     85     50     42     80     29     78     32     70     25     23     31     25     32     41     51     20     18      8      9     38      6      1      3      0      7      1      2      0      0      2      1      0      0      0      0      0      0      0      0      0      0      0      0      0
      0      0      0      0      0      0      0      0      0      0      0      0      0      0      0      0      0      0      0      0      0      0      0      0      0     12      0      0      2      0      5      8      0     12     18     38     15     17     38     22     27     36     15     14     58     60     71     45     44     62     88     72     40     52     48     40     55     48     80     49     40     44     58     40     68      3     35     16      9     14     19     32     24     12      3      2      6      1      6      0      3      2      1      0      0      1      0      0      0      0      0      0      0      0      0      0      0      0      0      0
      0      0      0      0      0      0      0      0      0      0      0      0      0      0      0      0      0      0      0      0      0      0      0      0      0      1      0      0      0      0      0      0     10      4     11      2     13      4     13      2     22     22     51     15     43     47     18     68     85     25     55     56     59     53     29     57     41     78     86     62     69     26     28     34     61     59     28     12     24     15     51     12     42      8      8      0      0      2      0      0      7      0      0      0      0      0      5      0      0      0      0      0      0      0      0      0      0      0      0      0
      0      0      0      0      0      0      0      0      0      0      0      0      0      0      0      0      0      0      0      0      0      0      0      0      0      0      0      0      2      0      0      1     23      4      1      7      5     16      6      8     12     31     28     13     52     53     70     38     33     64     60     67     67     34     53     57     70     27    109     36     75     55     18     27     34     27     26     13     16     26      5      8      1      9     34      0     20      7      0      0      0      0      1      2      0      0      0      0      0      0      0      0      0      0      0      0      0      0      0      0
      0      0      0      0      0      0      0      0      0      0      0      0      0      0      0      0      0      0      0      0      0      0      0      0      0      0      0      0      6      0      7      2      4      9     11      6      9     21      3      8     13     48     13     26     18     37     40     20     36     50     48     41     26     51     23     59     21     44     39     37     21     15     14     37     34     36     26     26     14      1     22     16     19      9      3      4      1      0      0      0      1      0     13      9      8      0      3      0      0      0      0      0      0      0      0      0      0      0      0      0
      0      0      0      0      0      0      0      0      0      0      0      0      0      0      0      0      0      0      0      0      0      0      0      0      0      1      0      0      3      0      0      3      5      0      7      7     15     37     15      8     22      8     13     31     13     20     24     29     31    104     56     47     27     31     21     52     48     27     24     51     38     67     25     25     10     27     14     33      7     23      5      6      0      7     27      5     13     13      0      0      0      0      0      0      0      0      0      0      0      0      0      0      0      0      0      0      0      0      0      0
      0      0      0      0      0      0      0      0      0      0      0      0      0      0      0      0      0      0      0      0      0      0      0      0      0      0      4      0      0      0      0      0      0      7      2     15      0     11     29      6     12      6     13     17     18     13     49     22     43     46     56     32     57     44     77     14     34     46     60     52     43     54     26     45     26     34     48      1     28     39     11      8      9      7     12      8      5      4      5      2      0      2      2      0      5      0      0      0      0      0      0      0      0      0      0      0      0      0      0      0
      0      0      0      0      0      0      0      0      0      0      0      0      0      0      0      0      0      0      0      0      0      0      0      0      0      0      0      0      5      5      0      0      0      2      2      0     10      8     16      5      4     31     21     35     42     39     27     38     38     40     46     11     31     32     33     30     29     10     34     18     27     35     19     19     58     18     33     46      4      5     17     27     21      0      7     16      2      5      0      1     14      4      0      0      0      0      0      0      0      0      0      0      0      0      0      0      0      0      0      0
      0      0      0      0      0      0      0      0      0      0      0      0      0      0      0      0      0      0      0      0      0      0      0      0      0      0      0      0      0      0      1      6      7      0      4      1     15      1      3      1     10      4     24     11     29     36     63     10     16     42     48     36     28     37     70     20     44     35     55     60     23     31     25     29     17      9     36     27      7     31     17     42      3      0      8     17      4      0      0      0      4      0      7      0      2      0      0      0      4      7      0      0      0      0      0      0      0      1      0      0
      0      0      0      0      0      0      0      0      0      0      0      0      0      0      0      0      0      0      0      0      0      0      0      0      0      0      0      0      0      0      0      9      0      0      1      5      2      4     10     16      3     13      7      7     12     17     12     17     62      6     14      1     33     28     25     26     37     48     35     18     53     31     27     37     35     22     23     25      7     16     10      0      4      0      5     20     15      0     11      3      8      0      7      0      7      0      2      3      0      0      0      0      0      0      0      0      0      0      0      0
      0      0      0      0      0      0      0      0      0      0      0      0      0      0      0      0      0      0      0      0      0      0      0      0      0      0      0      0      0      0      2      0      0      0      0      0     13      0      5      0     11      5     15     14      8     13     22     18     22     25     17     12     11     16     56     10     15     13     29     24     62      9     37     17     27     10      8     13     15     43     12     10     13      0      2      2      0      2      0      2     10      0      1      0      6      0      0      1      0      2      0      0      0      0      0      0      0      0      0      0
      0      0      0      0      0      0      0      0      0      0      0      0      0      0      0      0      0      0      0      0      0      0      0      0      0      0      0      0      0      0      0      5      0      0      0      2      0      0      1     15      0      0      8     36     11      5      8     24     12     37     30     19     42     19     27      4     11     16     22     11     22     69     28      9     14     23      8     30      6     15      5     14     11      4     10     17      0      4      1      0      1      0      9      0      0      0      0      0      0      0      0      0      0      0      0      0      0      0      0      0
      0      0      0      0      0      0      0      0      0      0      0      0      0      0      0      0      0      0      0      0      0      0      0      0      0      0      0      0      0      0      0      0      0      0      0      0      0      9      0      0      0      9     14      8      1      1     20     21     10      9     13     38     32     24     34     10     20     17     37     29     18      9     10     18      6      5      4     19     17      6      9      3      3     12      8      1      5      2      0      8      0      1      0      6      0      4      1      0      4      0      0      0      0      0      1      0      0      0      0      0
      0      0      0      0      0      0      0      0      0      0      0      0      0      0      0      0      0      0      0      0      0      0      0      0      0      0      1      0      0      0      0      0      0      0      0      0      0      8      4      4     19      6      4      7      5      1      8      5     21     29     21     22     25     18     41     21     11     30      9     14     33     32      7      2     26     24     17     25      4     23      5      1     13      9      6     11      5      7      9      2      3      7      0      4      0      0      5      0      0      0      0      0      0      0      0      0      0      0      0      0
      0      0      0      0      0      0      0      0      0      0      0      0      0      0      0      0      0      0      0      0      0      0      0      0      0      0      0      0      0      0      0      0      0      0      0      1      0      0      1      9      0      2      4      0      0      2      9     14      8      4     17     20     27     13     15     19     10     26     27      9      6     31     23     19     29      7     11     14      9      1     20     11      8      7     11     22      2      2      6      6      0      0      0      0      0      0      2      0      5      0      0      0      0      0      0      0      0      0      0      0
      0      0      0      0      0      0      0      0      0      0      0      0      0      0      0      0      0      0      0      0      0      0      0      0      0      0      0      0      0      0      0      0      2      0      0      0      0      0      2      0     10      7      4      6      1     12      5     16     21     12     12     19     23     24     26     19     12      8     20     18      4      2      3     21     27      4      6     11      5      4      0     21     12      0      0     13      0      0     10      2      7      1      0      0      0      0      1      0      0      0      0      0      0      0      0      0      0      0      0      0
      0      0      0      0      0      0      0      0      0      0      0      0      0      0      0      0      0      0      0      0      0      0      0      0      0      0      0      0      0      0      0      0      1      0      0      0      1      5      0      0      0      1      1      1     11      1     11      9      1     20     24     19     18     17     16     23     14      7     14     25      5     22     37     23      4     16      3     10      5     22     16     10     12      3     10      0      0     19     11      2      7     12      0      0      0      0      0      3      0      0      0      0      0      0      0      0      0      0      0      0
      0      0      0      0      0      0      0      0      0      0      0      0      0      0      0      0      0      0      0      0      0      0      0      0      0      0      0      0      1      0      0      0      0      0      0      0      0     15      0      0      1      0      0      1      1      6      0      7      9     18      7     20      8      8      2     39      8      7     31      0      9     24     24     14      9      3     13     14      3      6     17      1      4      1      0      1      0      2      6      6      0      0      0      0      0      0      0      3      0      0      4      0      0      0      0      0      0      0      0      0
      0      0      0      0      0      0      0      0      0      0      0      0      0      0      0      0      0      0      0      0      0      0      0      0      0      0      0      0      0      0      0      0      0      0      0      0      0      0      0      0      0      0      9      9      1      5      0     19      0     11      0     11     13      7     15      1      4      6      5     19     12     14     25     12     13      7     79      3      4      4     10      2      3     30      3      2     10      0      1      0      2      7      0      0      0      0      0      0      0      0      0      0      0      0      0      0      0      0      0      0
      0      0      0      0      0      0      0      0      0      0      0      0      0      0      0      0      0      0      0      0      0      0      0      0      0      0      0      0      0      0      0      0      0      0      0      0      2      0      0      1      0      0      2      0      2      1     21      7      8      1      0     17      3      8      4      4     26      0     10     25     20     24     11      6      6     16      6     11      2     11      2     15      7      5      0      1      7      2      0      6      0      3      0      4      0      0      0      0      1      6      0      0      3      0      0      0      0      0      0      0
      0      0      0      0      0      0      0      0      0      0      0      0      0      0      0      0      0      0      0      0      0      0      0      0      0      0      0      0      0      0      0      0      0      0      0      3      3      0      0      0      0      0      6      0      1      0      0      0      0     12      4      6      0     16      4     11     13      3      2     16      8      8     14     15      5     15      0      7      6      9      0      0      9      0      7     13      0      0      0      0      1      0      0      0      0      7      0      0      0      0      2      0      0      0      9      1      0      0      0      0
      0      0      0      0      0      0      0      0      0      0      0      0      0      0      0      0      0      0      0      0      0      0      0      0      0      0      0      0      0      0      0      0      0      0      0      0      0      0     10      0      0      8     13      6      0      2      0     16      3      6      1      5      0      3      8      0     11     15     13      0      4      5      8      2      0      9      3      2      5     13      4      0     10      0      0      0      8      0     16      0      0      1      0      0      0      0      0      0      0      0      0      0      0     12      0      0      0      0      0      0
      0      0      0      0      0      0      0      0      0      0      0      0      0      0      0      0      0      0      0      0      0      0      0      0      0      0      0      0      0      0      0      0      0      3      2      0      0      0      0      0      0      0     12      0      5      0      0      2      8      4     12     10      6      5      5      8      4      0     19      1      2     30      1      1     10      2      4      9     16      2     11      3      0      1      9      2      0      8      0      2     13      1      0      0      3      0      0      0      0      0      0      0      0      0      0      0      0      0      0      0
      0      0      0      0      0      0      0      0      0      0      0      0      0      0      0      0      0      0      0      0      0      0      0      0      0      0      0      0      0      0      0      0      0      0      0      0      0      0      0      0      0      0      1      6      0      1      3      2      0      0      0      6      0      6      1      2      2      0      7      8      5      2      2      1      0      8      3      8      0      3      0      4      0      6     13      9     21      8      8      1      0      0      3      0      0      0      0      0      0      0      0      0      0      0      0      0      0      0      0      0
      0      0      0      0      0      0      0      0      0      0      0      0      0      0      0      0      0      0      0      0      0      0      0      0      0      0      0      0      0      0      0      0      0      3      0      0      0      0      0      0      0      2      7      3      0      0     15      0      0      1      2      4      0      1      0      0      0      4      3      0     10      5     17     18      4      0      4      7      3     13      3      0      9      2      0      0     10      4      0      7      5      5      7      0      0      0      4      0      0      2      0      0      0      2      0      0      0      0      0      0
      0      0      0      0      0      0      0      0      0      0      0      0      0      0      0      0      0      0      0      0      0      0      0      0      0      0      0      0      0      0      0      0      0      0      0      0      0      0      0      0      4      0      0      0      0      0      0      0     13      5      7      0      8      2      0      3      5      0      0      8      1      3      0      7     11      5      6      1      7      0     12      0      1      3      0     13      0      5      5      0      0      0      0      0      0      0      0      0      0      0      0      0      0      0      0      0      0      0      0      0
      0      0      0      0      0      0      0      0      0      0      0      0      0      0      0      0      0      0      0      0      0      0      0      0      0      0      0      0      0      0      0      0      0      0      0      0      0      0      0      0      0      0      0      0      4      0      2      0      4      6      4      8      0      0      3      2      1      5      5      6     10      0      5      2      6      1      0      0     11      3      3      2      4      2      0      0      3      1      0      0      0      0      0      0      0      1      0      0      0      0      0      0      0      0      0      0      0      0      0      0
      0      0      0      0      0      0      0      0      0      0      0      0      0      0      0      0      0      0      0      0      0      0      0      0      0      0      0      0      0      0      0      0      0      0      0      0      0      0      0      0      0     10      0      0      0      0      0      0      0      0      3      0      0      0      4     23      0      9      4      0      2      3      0      9      3      2      0      0      0      2      7      1      0      9      0      8      0      4      0      0      0      2      0      0      0      0      0      0      0      0      0      8      0      0      0      0      0      0      0      0
      0      0      0      0      0      0      0      0      0      0      0      0      0      0      0      0      0      0      0      0      0      0      0      0      0      0      0      0      0      0      0      0      0      0      0      0      0      0      0      0      0      0      0      0      0      0      0      0      0      0      0      0      9      1      0      4      0      0      2      3     15      8     13      0      0      0      0      2      1      5      9      0      0     11      1      0      0      7      3      5      1      0      0      0      0      0      0      1      0      0      0      0      0      0      5      0      0      0      0      0
      0      0      0      0      0      0      0      0      0      0      0      0      0      0      0      0      0      0      0      0      0      0      0      0      0      0      0      0      0      0      0      0      0      0      0      0      0      0      0      0      0      0      0      0      0      0      0      0      0      4      1      0      0      0      0      9      0      0      1      0      7      0      6      2      1      1      1      0      1      0      0      5      0      2      0      0      1      1      0      0      0      0      0      0      7      0      0      0      0      1      0      7      0      1      0      0      0      0      0      0
      0      0      0      0      0      0      0      0      0      0      0      0      0      0      0      0      0      0      0      0      0      0      0      0      0      0      0      0      0      0      0      0      0      0      0      0      0      0      0      2      2      0      0      0      0      0      0      3      0      0      0      0      0      1      0      0      0      7      0      0      1      0      0      0     11      3      0      0      0      0     11      4      3      0      5      0      0      0      3      0      0      0      2      0      0      0      0      0      0      0      0      0      0      0      0      0      0      0      0      0
      0      0      0      0      0      0      0      0      0      0      0      0      0      0      0      0      0      0      0      0      0      0      0      0      0      0      0      0      0      0      0      0      0      0      0      0      0      0      0      0      0      0      0      0      0      0      0      0      0      0      4      0      0      0      0      1      0      5      0      0      8      1      0     10      2      0      0      0      6      1      0      0      0      0      0      0      2      6      0      0      0      0      0      0      0      0      0      0      0      0      0      0      0      0      0      0      0      0      0      0
      0      0      0      0      0      0      0      0      0      0      0      0      0      0      0      0      0      0      0      0      0      0      0      0      0      0      0      0      0      0      0      0      0      0      0      0      0      0      0      0      0      4      0      0      0      0      0      0      3      0      0      0      0     12      0      1      0      2      0      6      0      1      9      2      0      1      4     12      1      0      1      0      1      9     14      1      5      0      0     23      0      0      2      0      0      0      0      0      0      0      0      0      0      0      0      0      0      0      0      0
      0      0      0      0      0      0      0      0      0      0      0      0      0      0      0      0      0      0      0      0      0      0      0      0      0      0      0      0      0      0      0      0      0      0      0      0      0      0      0      0      0      0      0      0      0      0      0      0      0      0      0      0      7      1      0      0      6      4      1      2      8      0      0      0      0      0      0      0      3      7      0      0      0      0      1      0      0      0      0      2      0      0      0      0     10      0      0      0      0      0      0      0      0      0      0      0      0      0      0      0
      0      0      0      0      0      0      0      0      0      0      0      0      0      0      0      0      0      0      0      0      0      0      0      0      0      0      0      0      0      0      0      0      0      0      0      0      0      0      0      0      0      0      0      0      0      0      0      0      0      0      0      0      1      0      0      6      0      0      0      0      0      4      0      0      0      0      0      5      0      0      3      0      0      1      2      0      2      3      0      0      0      0      5      0      0      0      0      0      0      0      0      0      1      0      0      0      0      0      0      0
      0      0      0      0      0      0      0      0      0      0      0      0      0      0      0      0      0      0      0      0      0      0      0      0      0      0      0      0      0      0      0      0      0      0      0      0      0      0      0      0      0      0      0      0      0      0      0      0      0      0      0      0      0      0      2      0      0      0      0      0      0      0      0      0      0      1      0      0      2      0      1      0      3      6      0      0      0      2      0      0      3      0      0      0      0      0      0      0      0      0      0      0      0      0      2      0      0      0      0      0
      0      0      0      0      0      0      0      0      0      0      0      0      0      0      0      0      0      0      0      0      0      0      0      0      0      0      0      0      0      0      0      0      0      0      0      0      0      0      0      0      0      0      0      0      0      0      0      0      0      0      0      0      0      0      0      0      0      0      0      0      0      0      0      0      3      0      5      0      0      0      9      0      1      0      0      0      0      0      0      4      1      0      1      0      0      0      0      0      0      0      0      0      0      0      0      0      0      0      0      0
      0      0      0      0      0      0      0      0      0      0      0      0      0      0      0      0      0      0      0      0      0      0      0      0      0      0      0      0      0      0      0      0      0      0      0      0      0      0      0      0      0      0      0      0      0      0      0      2      0      1      0      0      0      0      0      0      0      0      0      5      0      4      0      0      0     10      2      0      0      0      1      0      2      0      1      0      1      1      0      0      5      1      0      0      2      0      0      0      0      0      0      0      0      0      0      0      0      0      0      0
      0      0      0      0      0      0      0      0      0      0      0      0      0      0      0      0      0      0      0      0      0      0      0      0      0      0      0      0      0      0      0      0      0      0      0      0      0      0      0      0      0      0      0      0      0      0      0      0      0      1      0      0      0      0      2      0      0      0      0      0      0     19      0      0      0      5      0      0      0      1      1      0      0      1      2      0      0      5      0      0      0      0      0      0      0      2      0      0      0      0      0      0      0      0      0      0      0      0      0      0
      0      0      0      0      0      0      0      0      0      0      0      0      0      0      0      0      0      0      0      0      0      0      0      0      0      0      0      0      0      0      0      0      0      0      0      0      0      0      0      0      0      0      0      0      0      0      0      0      0      0      0      0      0      0      2      0      0      0      0      0      1      0      0      0      1      0      0      0      1      0      0      2      0      0      0      1      0      0      0      0      0      0      0      0      0      0      0      0      0      0      0      0      0      0      0      0      0      0      0      0
      0      0      0      0      0      0      0      0      0      0      0      0      0      0      0      0      0      0      0      0      0      0      0      0      0      0      0      0      0      0      0      0      0      0      0      0      0      0      0      0      0      0      0      0      0      0      0      0      0      0      0      0     11      0      0      0      0      0      3      1      0      3      0      0      5      0      0      0      0      2      0      0      0      0      0      0      1      0      0      0      0      0      0      0      0      0      0      0      0      0      0      0      0      0      0      0      0      0      0      0
      0      0      0      0      0      0      0      0      0      0      0      0      0      0      0      0      0      0      0      0      0      0      0      0      0      0      0      0      0      0      0      0      0      0      0      0      0      0      0      0      0      0      0      0      0      0      0      0      0      0      0      0      0      0      0      0      0      0      0      0      0      0      0      0      2      0      0      0      1      0      0      0      0      0      0      0      0      0      1      0      0      0      0      0      0      0      0      0      0      0      0      0      0      5      0      0      0      0      0      0
      0      0      0      0      0      0      0      0      0      0      0      0      0      0      0      0      0      0      0      0      0      0      0      0      0      0      0      0      0      0      0      0      0      0      0      0      0      0      0      0      0      0      0      0      0      0      0      0      0      0      0      0      0      0      0      0      0      0      0      0      4      0      0      0      0      0      0      0      0      0      0      0      0      0      5      1      0      0      0      0      0      0      0      0      0      0      0      0      0      0      0      0      0      0      0      0      0      0      0      0
      0      0      0      0      0      0      0      0      0      0      0      0      0      0      0      0      0      0      0      0      0      0      0      0      0      0      0      0      0      0      0      0      0      0      0      0      0      0      0      0      0      0      0      0      0      0      0      0      0      0      0      0      0      0      0      0      2      0      0      0      0      0      0      0      0      0      0      0      1      0      5      0      0      0      0      2      0      0      0      0      0      0      0      0      0      0      0      0      0      0      0      0      0      0      0      0      0      0      0      0
      0      0      0      0      0      0      0      0      0      0      0      0      0      0      0      0      0      0      0      0      0      0      0      0      0      0      0      0      0      0      0      0      0      0      0      0      0      0      0      0      0      0      0      0      0      0      0      0      0      0      0      0      0      0      0      0      0      0      0      0      3      0      0      0      0      0      0      0      2      0      0      0      0      0      0      0      0      2      0      0      1      0      0      2      0      0      0      0      0      0      0      0      0      0      0      0      0      0      0      0
      0      0      0      0      0      0      0      0      0      0      0      0      0      0      0      0      0      0      0      0      0      0      0      0      0      0      0      0      0      0      0      0      0      0      0      0      0      0      0      0      0      0      0      0      0      0      0      0      0      0      0      0      0      0      0      0      0      0      0      0      0      0      0      0      0      0      0      0      0      0      0      0      0      0      0      0      0      0      0      0      0      0      0      0      0      0      0      0      0      0      0      0      0      0      0      0      0      0      0      0
