\ 
\ Covariance Function Histogram Table
\ 
\ X Parameter: Incident Flux
\ X Abbrev   : Fave
\ X Units    : 10^9 ergs s^-1 cm^-2
\ X Items    : 100         
\ 
\ Y Parameter: Mass Ratio
\ Y Abbrev   : Mp/M*
\ Y Units    : none
\ Y Items    : 100         
\ 
|col000|col001|col002|col003|col004|col005|col006|col007|col008|col009|col010|col011|col012|col013|col014|col015|col016|col017|col018|col019|col020|col021|col022|col023|col024|col025|col026|col027|col028|col029|col030|col031|col032|col033|col034|col035|col036|col037|col038|col039|col040|col041|col042|col043|col044|col045|col046|col047|col048|col049|col050|col051|col052|col053|col054|col055|col056|col057|col058|col059|col060|col061|col062|col063|col064|col065|col066|col067|col068|col069|col070|col071|col072|col073|col074|col075|col076|col077|col078|col079|col080|col081|col082|col083|col084|col085|col086|col087|col088|col089|col090|col091|col092|col093|col094|col095|col096|col097|col098|col099|
|int   |int   |int   |int   |int   |int   |int   |int   |int   |int   |int   |int   |int   |int   |int   |int   |int   |int   |int   |int   |int   |int   |int   |int   |int   |int   |int   |int   |int   |int   |int   |int   |int   |int   |int   |int   |int   |int   |int   |int   |int   |int   |int   |int   |int   |int   |int   |int   |int   |int   |int   |int   |int   |int   |int   |int   |int   |int   |int   |int   |int   |int   |int   |int   |int   |int   |int   |int   |int   |int   |int   |int   |int   |int   |int   |int   |int   |int   |int   |int   |int   |int   |int   |int   |int   |int   |int   |int   |int   |int   |int   |int   |int   |int   |int   |int   |int   |int   |int   |int   |
      0      0      0      0      0      0      0      0      0      0      0      0      0      0      0      0      0      0      0      0      0      0      0      0      0      0      0      0      0      0      0      0      0      0      0      0      0      0      0      0      0      0      0      0      0      0      0      0      0      0      0      0      0      0      0      0      0      0      0      0      0      0      0      0      0      0      0      0      0      0      0      0      0      0      0      0      0      0      0      0      0      0      0      0      0      0      0      0      0      0      0      0      0      0      0      0      0      0      0      0
      0      0      0      0      0      0      0      0      0      0      0      0      0      0      0      0      0      0      0      0      0      0      0      0      0      0      0      0      0      0      0      0      0      0      0      0      0      0      0      0      0      0      0      0      0      0      0      0      0      0      0      0      0      0      0      0      0      0      0      0      0      0      0      0      0      0      0      0      0      0      0      0      0      0      0      0      0      0      0      0      0      0      0      0      0      0      0      0      0      0      0      0      0      0      0      0      0      0      0      0
      0      0      0      0      0      0      0      0      0      0      0      0      0      0      0      0      0      0      0      0      0      0      0      0      0      0      0      0      0      0      0      0      0      0      0      0      0      0      0      0      0      0      0      0      0      0      0      0      0      0      0      0      0      0      0      0      0      0      0      0      0      0      0      0      0      0      0      0      0      0      0      0      0      0      0      0      0      0      0      0      0      0      0      0      0      0      0      0      0      0      0      0      0      0      0      0      0      0      0      0
      0      0      0      0      0      0      0      0      0      0      0      0      0      0      0      0      0      0      0      0      0      0      0      0      0      0      0      0      0      0      0      0      0      0      0      0      0      0      0      0      0      0      0      0      0      0      0      0      0      0      0      0      0      0      0      0      0      0      0      0      0      0      0      0      0      0      0      0      0      0      0      0      0      0      0      0      0      0      0      0      0      0      0      0      0      0      0      0      0      0      0      0      0      0      0      0      0      0      0      0
      0      0      0      0      0      0      0      0      0      0      0      0      0      0      0      0      0      0      0      0      0      0      0      0      0      0      0      0      0      0      0      0      0      0      0      0      0      0      0      0      0      0      0      0      0      0      0      0      0      0      0      0      0      0      0      0      0      0      0      0      0      0      0      0      0      0      0      0      0      0      0      0      0      0      0      0      0      0      0      0      0      0      0      0      0      0      0      0      0      0      0      0      0      0      0      0      0      0      0      0
      0      0      0      0      0      0      0      0      0      0      0      0      0      0      0      0      0      0      0      0      0      0      0      0      0      0      0      0      0      0      0      0      0      0      0      0      0      0      0      0      0      0      0      0      0      0      0      0      0      0      0      0      0      0      0      0      0      0      0      0      0      0      0      0      0      0      0      0      0      0      0      0      0      0      0      0      0      0      0      0      0      0      0      0      0      0      0      0      0      0      0      0      0      0      0      0      0      0      0      0
      0      0      0      0      0      0      0      0      0      0      0      0      0      0      0      0      0      0      0      0      0      0      0      0      0      0      0      0      0      0      0      0      0      0      0      0      0      0      0      0      0      0      0      0      0      0      0      0      0      0      0      0      0      0      0      0      0      0      0      0      0      0      0      0      0      0      0      0      0      0      0      0      0      0      0      0      0      0      0      0      0      0      0      0      0      0      0      0      0      0      0      0      0      0      0      0      0      0      0      0
      0      0      0      0      0      0      0      0      0      0      0      0      0      0      0      0      0      0      0      0      0      0      0      0      0      0      0      0      0      0      0      0      0      0      0      0      0      0      0      0      0      0      0      0      0      0      0      0      0      0      0      0      0      0      0      0      0      0      0      0      0      0      0      0      0      0      0      0      0      0      0      0      0      0      0      0      0      0      0      0      0      0      0      0      0      0      0      0      0      0      0      0      0      0      0      0      0      0      0      0
      0      0      0      0      0      0      0      0      0      0      0      0      0      0      0      0      0      0      0      0      0      0      0      0      0      0      0      0      0      0      0      0      0      0      0      0      0      0      0      0      0      0      0      0      0      0      0      0      0      0      0      0      0      0      0      0      0      0      0      0      0      0      0      0      0      0      0      0      0      0      0      0      0      0      0      0      0      0      0      0      0      0      0      0      0      0      0      0      0      0      0      0      0      0      0      0      0      0      0      0
      0      0      0      0      0      0      0      0      0      0      0      0      0      0      0      0      0      0      0      0      0      0      0      0      0      0      0      0      0      0      0      0      0      0      0      0      0      0      0      0      0      0      0      0      0      0      0      0      0      0      0      0      0      0      0      0      0      0      0      0      0      0      0      0      0      0      0      0      0      0      0      0      0      0      0      0      0      0      0      0      0      0      0      0      0      0      0      0      0      0      0      0      0      0      0      0      0      0      0      0
      0      0      0      0      0      0      0      0      0      0      0      0      0      0      0      0      0      0      0      0      0      0      0      0      0      0      0      0      0      0      0      0      0      0      0      0      0      0      0      0      0      0      0      0      0      0      0      0      0      0      0      0      0      0      0      0      0      0      0      0      0      0      0      0      0      0      0      0      0      0      0      0      0      0      0      0      0      0      0      0      0      0      0      0      0      0      0      0      6      0      0      0      0      0      0      0      0      0      0      0
      0      0      0      0      0      0      0      0      0      0      0      0      0      0      0      0      0      0      0      0      0      0      0      0      0      0      0      0      0      0      0      0      0      0      0      0      0      0      0      0      0      0      0      0      0      0      0      0      0      0      0      0      0      0      0      0      0      0      0      0      0      0      0      0      0      0      0      0      0      0      0      0      0      0      0      0      0      0      0      0      0      0      0      0      0      0      0      0      0      0      0      0      0      0      0      0      0      0      0      0
      0      0      0      0      0      0      0      0      0      0      0      0      0      0      0      0      0      0      0      0      0      0      0      0      0      0      0      0      0      0      0      0      0      0      0      0      0      0      0      0      0      0      0      0      0      0      0      0      0      0      0      0      0      0      0      0      0      0      0      0      0      0      0      0      0      0      0      0      0      0      0      0      0      0      0      0      0      0      0      0      0      0      0      0      0      0      0      0      0      0      0      0      6      0      0      0      7      0      0      0
      0      0      0      0      0      0      0      0      0      0      0      0      0      0      0      0      0      0      0      0      0      0      0      0      0      0      0      0      0      0      0      0      0      0      0      0      0      0      0      0      0      0      0      0      0      0      0      0      0      0      0      0      0      0      0      0      0      0      0      0      0      0      0      0      0      0      0      0      0      0      0      0      0      0      0      0      0      0      0      0      0      0      0      0      0      0      0      0      0      0      0      0      0      0      0      0      0      1      0      0
      0      0      0      0      0      0      0      0      0      0      0      0      0      0      0      0      0      0      0      0      0      0      0      0      0      0      0      0      0      0      0      0      0      0      0      0      0      0      0      0      0      0      0      0      0      0      0      0      0      0      0      0      0      0      0      0      0      0      2      0      0      0      0      0      0      0      0      0      0      0      0      0      2      0      0      0      0      0      3      0      6      1      0      0      0      0      0      0      5      1      0      0      0      0      0      0      0      0      0      0
      0      0      0      0      0      0      0      0      0      0      0      0      0      0      0      0      0      0      0      0      0      0      0      0      0      0      0      0      0      0      0      0      0      0      0      0      0      0      0      0      0      0      0      0      0      0      0      0      0      0      0      0      0      0      0      0      0      0      0      0      0      0      0      0      0      0      0      0      0      0      0      0     11      0      0      0      0      4      0      0      0      0      0      0      0      0      0      0      0      1      0      0      0     11      0      0      0      0      0      0
      0      0      0      0      0      0      0      0      0      0      0      0      0      0      0      0      0      0      0      0      0      0      0      0      0      0      0      0      0      0      0      0      0      0      0      0      0      0      0      0      0      0      0      0      0      0      0      0      0      0      0      3      0      0      0      5      0      0      7      0      0      0      0      0      1      1      0      0      0      4      0      2      1      0     15      2      1      0      0      7      0      0      0      0      0      5      0      0      0      0      2      0      0      0      5      0      6      0      0      0
      0      0      0      0      0      0      0      0      0      0      0      0      0      0      0      0      0      0      0      0      0      0      0      0      0      0      0      0      0      0      0      0      0      0      0      0      0      0      0      0      0      0      0      4      0      0      0      0      0      0      0      0      0      3      0      0      0      3      0      0      0      0      0      0      0      0      0      5      0      2      1      0      4      2      0      0      0      0      0      0      2      0      1      0      0      0      0      0      5      0      1      0      0      3      0      0      0      1      0      0
      0      0      0      0      0      0      0      0      0      0      0      0      0      0      0      0      0      0      0      0      0      0      0      0      0      0      0      0      0      0      0      0      0      0      0      0      0      0      0      0      0      0      0      0      0      0      0      0      0      0      0      0      0      4      0      4      0     11      0      0     19      2      1      6      1      6      5      1      1      0      2     13     19      6      8      3      1      9      8      0      2      1      0      0      1      6      3      7      1      9      3      0      4      0      1      0      0      5      0      0
      0      0      0      0      0      0      0      0      0      0      0      0      0      0      0      0      0      0      0      0      0      0      0      0      0      0      0      0      0      0      0      0      0      0      0      0      0      0      0      0      0      0      0      0      1      0      6      0      0      0      0      0      0      7      3     11      1      0     10      0      0      0      9      0      1      0      6      0      0      0     13      2      6      7      8      4      0      0      0      0      0      0      0      0      1      0      1     11      0      2      4      0      6      0      0      7      0      0      0      0
      0      0      0      0      0      0      0      0      0      0      0      0      0      0      0      0      0      0      0      0      0      0      0      0      0      0      0      0      0      0      0      0      0      0      0      0      0      0      1      0      2      0      0      1      0      0      0      0      0      1      0      1      0     12      0      4      0      0     19      2      2     12      3      1      9      0      7      7      2      1     11      9      3     15      8     23      7      0     10      0      0      5      7      0     10      5      1      0      0      0      0      0      0     10      0      0      0      0      0      0
      0      0      0      0      0      0      0      0      0      0      0      0      0      0      0      0      0      0      0      0      0      0      0      0      0      0      0      0      0      0      0      0      0      0      0      0      0      0      0      0      0      0      0      4      0      8      2      6     15     22      0      0      1      0      0      3      6      1      3      3     15     11     19     12      5     10      9     16      8      9     15      3      1      1      1     13      8      5      8      1      4     16      1      0      6      6      0      2      0      4      1      0      0      0      0      0      6      0      0      0
      0      0      0      0      0      0      0      0      0      0      0      0      0      0      0      0      0      0      0      0      0      0      0      0      0      0      0      0      0      0      0      0      0      0      0      1      0      0      0      0      0      0      0      0      6      1     11      2      5      8      0      4      2     25      0      2     10      4      3     15     27     12      9     18      8     27     34      7     23      5      2      7      6     14      0     14     11      0      0      9      4     14     12      3      2      0      0     10      0      1      0      1      0      0      0      0      4      9      0      0
      0      0      0      0      0      0      0      0      0      0      0      0      0      0      0      0      0      0      0      0      0      0      0      0      0      0      0      0      0      0      0      0      0      0      0      0      0      0      2      0      0      0      8      0      4      6      7      7      5     11     16      4     14      3      4     26     10      4      8     25     12      7     39      8     18     22     20     34     17     13      2     11     24     25     10     10      6      9     11      2      4      6      2      6      0      0      0      0      0      0      2      0      0      0      0      0      0      0      0      0
      0      0      0      0      0      0      0      0      0      0      0      0      0      0      0      0      0      0      0      0      0      0      0      0      0      0      0      0      0      0      0      0      0      0      0      0      1      0      1      0      0      1      4      6      1      1      0     18     32     25     25     21      3      3      6      7      7     25     28     17      7     30     39      9     28      6     13     11      8     10     15     27      4     40     18      8     12     23      0      0      6      4     16      5      0      0     10      0      2      0      0      0      3      0      0      0      0      0      0      0
      0      0      0      0      0      0      0      0      0      0      0      0      0      0      0      0      0      0      0      0      0      0      0      0      0      0      0      0      0      1      0      0      0      0      2      4      6      1      4      4      0      3     10      6      4     16     15     19     13      8     10      6     11     17      4     50     20     44     11     21     52     40     35     50      7     20     26     38     25     14     30     15     24     22     26     16     27      1      4     19     17     24      0      5     10      2      0      9      0      0      2      0      0      0      0      0      0      0      0      0
      0      0      0      0      0      0      0      0      0      0      0      0      0      0      0      0      0      0      0      0      0      0      0      0      0      0      0      1      0      0      0      0      0      0      0      1      2      0      7     12      0      7      0      6     31      5     28     19     19     31     19     43     16     13     37     33     27     21     30     13     15      2     28     40     34     22     19     14     21     39     22      7     35     12     24     11     33      0      8     15      3     16      0      6      9      0      0      4      0      0      0      0      0      0      0      0      0      0      0      0
      0      0      0      0      0      0      0      0      0      0      0      0      0      0      0      0      0      0      0      0      0      0      0      0      0      0      0      8      0      0      0      0      0      2      0      4      1      2     11      7     10     15      9     12     12     17      1     37     32     29     37     34     22     25     32     25     48     49     40     39     29     69     23     23     81     22     54     34     20     10     19      8     36     16     18     23      3     17      5     29     10     16      3      6      1      0      1      0      0      0      0      0      0      0      0      0      0      0      0      0
      0      0      0      0      0      0      0      0      0      0      0      0      0      0      0      0      0      0      0      0      0      0      0      0      0      0      0      0      0     11      0      0      0      3     11      0      0     24      0      4      8     13     13     10     14     19     15     14     19     14     42     54     77     44     71     49     90     46     55     74     42     80     63     38     21     24     22     36     45     22     48      1     22     20      6      4      6     15     10     12      4      9     11      1      6      1      1      0      0      0      0      3      0      0      0      0      0      0      0      0
      0      0      0      0      0      0      0      0      0      0      0      0      0      0      0      0      0      0      0      0      0      0      0      0      0      0      0      0      0      0      0      0      3      7      4      7      0      1     26      2      4     12     10     11      9     19     43     48     35     59     57     25     56     37     71     67     71     69    121     40     63     30     48     50     47     54     38     46     36     55     26     25     36     41      9     29     20     18     13      7      5     11      5      2      0      1      5      2      0      0      0      0      0      0      0      0      0      0      0      0
      0      0      0      0      0      0      0      0      0      0      0      0      0      0      0      0      0      0      0      0      0      0      0      0      0      4      0      0      0      0      0      4      0      0     15      9     13     10      2      5     31     11     30     21     26     36     58     53     27     41    104     42    107     37     50     53     63     58     73     67     97     47     69     51     54     47     61     31     33      7     22     19     30     19     19     15     15      9      5      8      0     14      2      0      0      1     20      0      0      0      0      0      0      0      0      0      0      0      0      0
      0      0      0      0      0      0      0      0      0      0      0      0      0      0      0      0      0      0      0      0      0      0      0     13      0      0      0      2      0      0      7      3      1      9      3      1     12     24     13     29     15     45     45     31     35     26     34     64     68     58     61     40     87     60     87     64     63    109     66     82     69     60     47     51     69     91     51     19     27     37     23     27     16     37      7      4      9      1     13     14      5      8      1      0      4      4      0      3      0      0      0      0      0      0      0      0      0      0      0      0
      0      0      0      0      0      0      0      0      0      0      0      0      0      0      0      0      0      0      0      0      3      0      0      0      0      0      5      0     18      1      2      0     34     14      5     11     14     22     12     32     32     25     33     43     36     53     55     61     57     95     64     95     48     78     72     65     71     31     56     41     58     54     38     82     56     23     36     26     24     38     23     21     35     24     14      7      3      6      4      5      3      6      4      0      1      0      0      0      0      0      0      0      0      0      0      0      0      0      0      0
      0      0      0      0      0      0      0      0      0      0      0      0      0      0      0      0      0      0      0      0      0      0      0      0      0      0      3      1      8      3      4      7      1     30     20      3     25     29     24     37     37     56     28     67     22     73     69     76     63    132     90     74     73     65     68    105     78     81     66    107     62     75     99     53     35     78     26     26     25     34      8     18     13     18     21     21     12      4     11      1      0      1      4     15      0      1      0      7      0      0      0      0      0      0      0      0      0      0      0      0
      0      0      0      0      0      0      0      0      0      0      0      0      0      0      0      0      0      0      0      0      0      0      0      0      0      0      6     12      2      4      4      9     17      7     15     35     30     13     38     26     43     34     46     61     47     64     76     78     97    104     71     84     76     52     96    115     71     55    142     91     50    110     85     76     58     41     41     24     54     73     46     21     34     32     20     14      0      3      0      9      6      0      0      2      0      0      0      0      0      0      0      0      0      0      0      0      0      0      0      0
      0      0      0      0      0      0      0      0      0      0      0      0      0      0      0      0      0      0      0      0      0      0      0      0      0      5      2      9      3      7     13     14      9     14     15     32      9     19    108     36     46     53     69     72     45     43     83     98     66     70    115     85    127     79    108     79     55    121     63     67     79     73     66     43     25     63     59     52     14     43      3     11     32      5      7     16      6      2      0      1      0      0      7      0      0      1      0      0      0      4      1      0      0      0      0      0      0      0      0      0
      0      0      0      0      0      0      0      0      0      0      0      0      0      0      0      0      0      0      0      0      2      0      1      0      7      4     15      3     13      2      3     10      5     11     35     30     14     50     47     64     66     81     49     63     70     97     68     95    139    116     92    118    140    110     70    119    109     66     51     57     98     52     36     12     35     25     45     64     26     16     21     15      1     19     15      0      3      8      1      0      0      0      0     18      5      0      0      7      0      0      0      0      0      0      0      0      0      0      0      0
      0      0      0      0      0      0      0      0      0      0      0      0      0      0      0      0      0      0      0      0      4      3      1      0      0      4      7      6      6      6     44     18     31     17     32     32     34     77     45     72     80     64     87     69     74     99    168     88    127     95    192    136    151    125     78    124     56    101     91     43     53     69     55     44     33     17     24     84     49     11     13      4     10     20     13      1     22      1     10      3      0      1      4      1      0      0      0      0      0      0      0      0      0      0      0      0      0      0      0      0
      0      0      0      0      0      0      0      0      0      0      0      0      0      0      0      0      0      0      3      0      0      0      0      0      4     11      0      6      3      3     16     10     34     21     37     50     69     41     85     72     87     51     37     76     69    113     70     99     90     84    100     97    125     82     97    102    110    102     33     77     48     99    108     72     65     38     59     37     33     15     19      5      9      4      6      2      2      4      0     10      0      0      0      0      0      0      0      0      0      0      0      0      0      0      0      0      0      0      0      0
      0      0      0      0      0      0      0      0      0      0      0      0      0      0      0      0      0      1      0      0      2      0      0      0      0      2      5     11      9     21      7      9      7     30     48     45     33     86     52     37     70     60     78    136     83    151    129    125    108    103    116    106    105    131     94    111     61     61     88     46     55     39     74     52     59     37     29     40     17      8      5      5     44     15      3     12     13      1      0      1      1      0      0      0      0      3      0      0      0      0      0      0      0      0      0      0      0      0      0      0
      0      0      0      0      0      0      0      0      0      0      0      0      0      0      0      2      0      1      0      0      0      0      3      3     15      0      6      2     18     12     21     14     22     37     30     67     42     59     51     74     56     33     83     81     46    136    119     70    177     87    102    106     32     89     56     55     74     84     86     62     50     80     84     44     64     36     36     15     28     14     11     26     16      4      9     10      8      2      1      0      0      0      0      0      0      0      0      0      0      0      0      0      0      0      0      0      0      0      0      0
      0      0      0      0      0      0      0      0      0      0      0      0      0      0      0      0      0      0     15      0      0      3      1      3      8      2     13      7      0     26     48     26     17     15     60     98     54     39     44     38     74    100     91     59    100     44    103    102     98    131    130    100     82    109    147     36     74    125     30     28     76     73     63     38     20      9     24     42     15     23     12      9     25      4      1      3      2     10      2      0     27      0      0      1      0      0      0      0      0      0      0      0      0      0      0      0      0      0      0      0
      0      0      0      0      0      0      0      0      0      1      0      0      0      0      0      0      0      0      3      0      8      1      4      0      7     10     21      9     22      7     12     20     32     35     49     36     66     90    107     72     74     98    124    129    156    220     70     87    118     99     94    110    117     88    100     51     82    132     42     72     30     49     55     44     22     22     26     33     15      2     21     56     14      0     16      5      5      0      0      0      1      0      0      0      0      0      4      0      0      0      0      0      0      0      0      0      0      0      0      0
      0      0      0      0      0      0      0      0      2      0      0      0      0      0      0      0      0      0      4      0      0     14      3      0     15      0     38      2     17     51     29     71     32     41     49     48     69     42     42     77    101    122    122    108     61     97     55    108     62    112    100     65    128    104    116     79    102     73     51     65     51     29     74     20     42     68     22     11      5     11     10      0      0      3      9      2      0      1      3      0      0      0      0      0      0      0      0      0      0      0      0      0      0      0      0      0      0      0      0      0
      0      0      0      0      0      0      0      0      0      0      0      0      0      0      0      0      0      2      2      1     13      0     10      4      6     36     17     38     16     28     33     49     34     46     55     62     60     42    103     60     95     93     90     83    103     86    125    123    118     94     54     82     96    106    103     77     52     41    109     49     39     17     27     36     40     28     13     30      2      2     11      8      6      9      0      0      0      8      0      0      1      1      0      0      0      0      0      0      0      0      0      0      0      0      0      0      0      0      0      0
      0      0      0      0      0      0      0      0      0      0      0      0      1      2      0      0      0      3      0     11      0      0      3     27      2      4     10     19     38     40     14     33     26     49     52     18     53    141    108     89    111     96     90     46    117    134     92     89     83    127    111     98     96     80     77     47     50     48    136     57     49     56     25     43     14     16     11     10     15     13      3      6      1      9      2      0      1      0      0      7      2      0      0      0      0      0      0      0      0      0      0      0      0      0      0      0      0      0      0      0
      0      0      0      0      0      0      0      0      0      0      0      5      0      0      0      0      0      0      2      0      6      3      3      1      8     20     13      2     20     12     22     25     63     47     91     67     14     98     72     87     75     75     54    128     93     87    101    139    123    116     86     85     82     71    125     78     72     56     58     33     41     41     22     23     55      5     13      7      4      8     10      1      0      0      1      0      0      0      0      0      0      0      0      0      0      0      0      0      0      0      0      0      0      0      0      0      0      0      0      0
      0      0      0      0      0      0      0      0      0      0      0      3      0      0      0      0      0      0      5      0      0      4      1     19     18     12     17     15     36      7     29     36     15     13     31     87     73     66     71    100     79     59    145     73    153     31    138     88     65    141     88     94     79     63     31     56     92     46     20     38     20     30     41     24     22     11     16      2     11      4     11     11      0      8      0      0      0      4      0      0      0      0      0      0      0      0      0      0      0      0      0      0      0      0      0      0      0      0      0      0
      0      0      0      0      0      0      0      0      0      0      0      0      0      0      0      0      0      2      5      8      0      3     11      2      6      7     20      8     25     27     47     24     39     42     49     94     85    105     79     59     87     43    106     55     96     64    145    133    106    138    136     89     46     90     52     86     67     20     43     19     17     27     48     11     11     15     42     16      6      2      9     10      0      2      2      3     14      0      2      0      0      0      0      0      0      0      0      0      0      0      0      0      0      0      0      0      0      0      0      0
      0      0      0      0      0      0      0      0      0      5      0      0      0      0      0      0      3      3      4      0      0      0      2     18      2     19     11     29     23     25     29     37     63     46     45     51     82    111     60     82     50     50     96     94    104     45     78     93    118     70     93     50     46    130     60     69     45     49     41     24     38     53     12     15     19     11     20      2     18     12      0      1      0      4      0      0      1      0      0      0      0      0      0      0      0      2      0      0      0      0      0      0      0      0      0      0      0      0      0      0
      0      0      0      0      0      0      0      0      0      0      0      0      0      0      0      0      0      0      0      5      3      0      1      8     28     13     25     16     30     33     29     28     93     73     50     60    103     54     72     97     42     79     66     64     71     79     78    100    102     85     87     96     62     67     53     37     23     50     25     16     15     35     15     32      3      8     17      4      3      4      0      0      0      0      0      0      8      0      0      0      0      0      0      0      0      0      0      0      0      0      0      0      0      0      0      0      0      0      0      0
      0      0      0      0      0      0      0      0      0      0      0      0      0      0      0      1      0      0      1      5      0     16      1     13      5     40      6     15     35     32     15     24     73    111     45     98     46     96     95     25     58     97     70     71     90     58    100    100     45     69     64     84     86     38     46      9     27     48     21     12     50     11      0      4      0      0      4      0      4      6      0      9      0      0      0      0      0      0      0      0      0      0      0      0      0      0      0      0      0      0      0      0      0      0      0      0      0      0      0      0
      0      0      0      0      0      0      0      0      0      0      0      0      0      0      1      0      6      0      2      6      0      5      0      4      6     25     23     61      9     19      2     53     16     52     53     33     52     69     65     35    113     66     83     51     71     53     56     58     48     72     52     70     50     44     34     60     28     26     34     22     24     20      6     10     22      4      6      0      3     10      0      0      0      0      0      0      0      0      0      0      0      0      0      0      0      0      0      0      0      0      0      0      0      0      0      0      0      0      0      0
      0      0      0      0      0      0      0      0      0      0      0      0      0      0      0      0      0      1      3     12     13     16     12      9     10      2     19     28     12     22     17      3     55     46     49     49     38     39     66     40     65     67    123     65    146     93    102     37     89     46     58     48    101     10     18     18     16     34     39     17     27     16      8      4     12      4     21     10      0      0      0      4      0      0      0      0      0      0      0      0      0      0      0      0      0      0      0      0      0      0      0      0      0      0      0      0      0      0      0      0
      0      0      0      0      0      0      0      0      0      0      0      0      0      0      2      0      4      0      2     12      0      5      2     17      8     13     14     17     25     38     33     42     58    108     43     91     94     47     79     95     95    120     62    101    112     56     68     70     71     31     37     56     43     25     65     15     27     16     17      8     20     11      0      5     14      3     23      0      1      3      6      0      0      3      0      0      0      1      1      0      0      0      0      0      0      0      0      0      0      0      0      0      0      0      0      0      0      0      0      0
      0      0      0      0      0      0      0      0      0      0      0      0      0      3      0      0      0      0     18      4      9      7     30     11      9     33      8     22     12     27     46     32     40     54     35     35     42     51     86     64    102     39     81     47     91     81     36     47     43     76      4     72     21     28     32     45     30      7      2     20     11     11     13      0      9      0      0      3      0      2      0      1      0      0      1      0      0      0      0      0      0      0      0      0      0      0      0      0      0      0      0      0      0      0      0      0      0      0      0      0
      0      0      0      0      0      0      0      0      0      0      0      0      0      3      3      0      0      9      0      1     13      7      6      4     39     29     24     17      9     29     27     29     52     15     51     86     54    121     57     58     37     78     20     42     74     47     40     48     31     35     62     36     21     44     17     11     52      3      6     18     21      7      6      1      1      0      0      0      9      8      0      5      0      0      0      0      0      0      0      0      0      0      0      0      0      0      0      0      0      0      0      0      0      0      0      0      0      0      0      0
      0      0      0      0      0      0      0      0      0      0      5      0      0      0      5      0      0      0      7      0      9      0      8      7     17     17     13     12     15     28     37     43     46     31     38     28     61     49     70     41     66     67    103     51     34     51     70     40     24     49     25     79     34      6     24     27      2     26     12      6      4     12     10      2      5      3      0      2      2     28      0      0      0      0      0      0      0      0      0      0      0      0      0      0      0      0      0      0      0      0      0      0      0      0      0      0      0      0      0      0
      0      0      0      0      0      0      0      0      0      0      1      0      0      0      3      0      0      7      0      3      8     11      2     10     28     18     35     31     24     17     55     16     22     22     20     36     24     40     43     45     55     36     27     39     23     38     83     32     30     38     27     14     29     19     13      5     10     22     17     12      3      5      2      3      2      0      0      0      0      3      0      0      0      0      0      0      0      0      0      0      0      0      0      0      0      0      0      0      0      0      0      0      0      0      0      0      0      0      0      0
      0      0      0      0      0      0      0      0     10      0      0      0      0      1      0      4      0      0      0      5      9      9      5     18     28      7     26      0     23     14     32     22     25     30     23     41     45     24     47     35     79     54     60     22     23     42     21     82     39     56      8     33      8     39      4      5      6      9      5     14      2     14      3     14      0      0      0      0      0      0      0      0      0      0      0      0      0      0      0      0      0      0      0      0      0      0      0      0      0      0      0      0      0      0      0      0      0      0      0      0
      0      0      0      0      0      0      0      0      0      0      0      1      0      2      0      2      0      4      6      3      7      6      3     20      3     17     20     29      5     40     51     38     25     40     36     29     54     40     56     31     26     37     48     35     35     74     34     40     31     53     50     17     36      8     17      3     29     10     28      0     14      4      0      0      4      0      4      0      0      0      0      4      0      0      0      0      0      0      0      0      0      0      0      0      0      0      0      0      0      0      0      0      0      0      0      0      0      0      0      0
      0      0      0      0      0      0      0      0      0      0      0      0      5      0      0      0      0      5      4      0      6     12     11     26      3      3     13     18     43     16     18      6     37     35     45     62     14     26     34     31     36     44     43     35     39     57     58     37     45     17     12     15     29      4     12      9      9     10      0      0      2      8      0      8      0      0      0      0      0     16      0      0      0      0      2      0      0      0      0      0      0      0      0      0      0      0      0      0      0      0      0      0      0      0      0      0      0      0      0      0
      0      0      0      0      0      0      0      0      0      1      0      0      0      0      3      0      0      0      6      1     23     11     31     10     28      0     25     12      8     40     36     29     46     41     20     10     39      8     74     61     31     43     46     62     38     40     38     14     22     23      8     25     33      9      0     21     17     10      5      6      0      6      1      1      6      0      0      0      0      0      0      0      0      0      0      0      0      0      0      0      0      0      0      0      0      0      0      0      0      0      0      0      0      0      0      0      0      0      0      0
      0      0      0      0      0      0      0      0      0      0      0      0      2      0      0      0      2      5      0      0      2      9      3      2      4     20     32     15     14     23     30     17     14     21     32     27     67     31     28     39     30     22     68     20     15     29     15     14     27     18     13     14     18      3     36     16     15     13      0      2      5      8      0      0      0      0      0      0      0      0      0      0      0      0      0      0      0      0      0      0      0      0      0      0      0      0      0      0      0      0      0      0      0      0      0      0      0      0      0      0
      0      0      0      0      0      0      0      0      0      0      0      0      0      0     13      0      0      5      6      6      4      0      4      4      3     17     14     30     17     13      1     17     23     17     37     28     20     29      8     31     50     12     34     28     11     14     34     10     20      6     13     18      8      1      2     19      9     29      4      4      0      3      0      0      4      0      0      0      0      0      0      0      0      0      0      0      0      0      0      0      0      0      0      0      0      0      0      0      0      0      0      0      0      0      0      0      0      0      0      0
      0      0      0      0      0      0      0      0      3      0      0      1      0      4      0      0      0      0     21      6     20      0      0      6      4     25      4      3      9     13     18     19     17      4     22     51     42     18     36     12     20     28     35     13      9     20     19     14     17     33     19     24     17      1      3      0     13      0      0     11     11      0      0      0      0      0      0      0      0      0      0      0      0      0      0      0      0      0      0      0      0      0      0      0      0      0      0      0      0      0      0      0      0      0      0      0      0      0      0      0
      0      0      0      0      0      0      0      0      0      0      0      2      0      0      3      5      0      0      0      0      3      0      1     17      2      4     12      8      2      8     15     25     14     25     34     35     17     14     28     22     21     22     43      7     13     10     23      2     27      0      5      7      9      4     13      0      3     14      9      4      3      2      0      0      0      0      2      0      0      0      0      0      0      0      0      0      0      0      0      0      0      0      0      0      0      0      0      0      0      0      0      0      0      0      0      0      0      0      0      0
      0      0      0      0      0      0      0      0      0      0      0      0      0      0     10      0      0      0      1      0      0      0     18      5      7     26     23     27      9     35     10     41     27      9     10     23     42     29     29     39     16     30     13     19     11     20     31      5     14      1      5      8      0      4      5      1      7      1      0      0      0      0      2      0      0      0      0      0      1      0      0      0      0      0      0      0      0      0      0      0      0      0      0      0      0      0      0      0      0      0      0      0      0      0      0      0      0      0      0      0
      0      0      0      0      0      1      0      0      0      0      0      0      0      0      0      0      0      0      8      0      0      8     13      8      5      0      3      2     14     31     11     14     41     24     18     17     40     10     26     17     13      6     17     26      8      1     16     12     23      5      5     23      6      0     12      0      3      2      0      0      0      0      0      0      0      0      0      0      0      0      0      0      0      0      0      0      0      0      0      0      0      0      0      0      0      0      0      0      0      0      0      0      0      0      0      0      0      0      0      0
      0      0      0      0      0      0      0      0      0      0      0      0      0      0      0      0      0     10      0      0      5      3      3      1      5     27      0     12     13     16      7      5     18      6     43      8     26      5     15      8     19     18      9     13     16      9     23     20      3     10     13      3     17      6      1      5      0      8      5      0      0      0      0      0      0      0      0      0      0      0      0      0      0      0      0      0      0      0      0      0      0      0      0      0      0      0      0      0      0      0      0      0      0      0      0      0      0      0      0      0
      0      0      0      0      0      0      0      0      0      0      0      0      0      0      0      0      1      0      0      4      0      7      7      3      0      1     13      1      5      1     17     32     22     13     43     26     14     12     33     18     20     27     11     24     15      9     15      5     18      4      4     20     22      4      2      1      6      1      3      4      3      1      0      0      0      0      0      0      0      0      0      0      0      0      0      0      0      0      0      0      0      0      0      0      0      0      0      0      0      0      0      0      0      0      0      0      0      0      0      0
      0      0      0      0      0      0      0      0      0      0      0      0      0      0      0      4      8      0      1      7      3      0     16      5     20      0      0     13     15     11     15      1     25     31     30      2      6      0     22      1     16     12     12      0     11      7      2      2      8      9     16      3      1     17      0      0      0      0      0      0      0      1      0      0      0      0      0      0      0      0      0      0      0      0      0      0      0      0      0      0      0      0      0      0      0      0      0      0      0      0      0      0      0      0      0      0      0      0      0      0
      0      0      0      0      0      0      0      0      0      0      1      0      0      8      0      0     11      0      2      0      4      6      7      1     25     28      3      1      0     24      4     10      1      8      0     24     34     14      9     23     23      3     19      3     35      7     24      1      5      0      1      2      0      2      0      0      4      0      1      0      0      0      0      0      0      0      0      0      0      0      0      0      0      0      0      0      0      0      0      0      0      0      0      0      0      0      0      0      0      0      0      0      0      0      0      0      0      0      0      0
      0      0      0      0      0      0      0      0      0      0      0      0      0      0      0      3      0      1      8      0      0      3      6      0      0     11     12      8      6      9      2      5     30     12     21      4     11      5     14     17      3     10      8     13     12     10      2      3     18     34      0      0      4      0      6      5      0      0      1      0      0      0      0      0      0      0      0      0      0      0      0      0      0      0      0      0      0      0      0      0      0      0      0      0      0      0      0      0      0      0      0      0      0      0      0      0      0      0      0      0
      0      0      0      0      0      0      0      0      0      0      0      0      0      0      0      0      0      0      0      0      1      0     13      7      2      1      2     11      1     14     16      8      4     23     14      1      5     16      8      0      6      4      6      6     15      4      0      0      8      4      7      6      0      8      0      0      0      0      8      4      3      0      0      0      0      0      0      0      0      0      0      0      0      0      0      0      0      0      0      0      0      0      0      0      0      0      0      0      0      0      0      0      0      0      0      0      0      0      0      0
      0      0      0      0      0      0      0      0      5      0      0      0      0      0      0      0      0      0      0      1      1      0      6      4      0      5      4      3     14      7     14     10     15     16      6      1     10     25      4     22      1     13      2      1      0      5     17      8      0      0      0      1      0      0      0      1      0      0      0      0      0      0      0      0      0      0      0      0      0      0      0      0      0      0      0      0      0      0      0      0      0      0      0      0      0      0      0      0      0      0      0      0      0      0      0      0      0      0      0      0
      0      0      0      0      0      0      0      0      0      0      0      0      0      0      0      0      0     11      0      0      0      0      5      8      2      0      3      4     13      8      1     12     18      1      5      8      6      6      5     10     14     26      9     12     11      0      2      1     12      2      1      0      0     13      0      3      4      0      0      0      0      0      0      0      0      0      0      0      0      0      0      0      0      0      0      0      0      0      0      0      0      0      0      0      0      0      0      0      0      0      0      0      0      0      0      0      0      0      0      0
      0      0      0      0      0      0      0      0      0      0      0      0      0      0      0      0      0      1      3      0      0      0      0      0     13     15      0      0     10      0      3      5      0      7      0      0     17      0     11      6      2      8      5      0     10      6      4      8      0      0      6      0      0      5      0      4      0      1      0      0      0      0      0      0      0      0      0      0      0      0      0      0      0      0      0      0      0      0      0      0      0      0      0      0      0      0      0      0      0      0      0      0      0      0      0      0      0      0      0      0
      0      0      0      0      0      0      0      0      0      0      0      0      0      0      0      0      3      0      0      1      3      2      7      0      0     20     13     21      7      1      6      4     14      6      6      9     10      6     24      3      7      1      2      1      1      0      7      0      0      0      0      0      0      0      0      0      0      0      0      1      0      0      0      0      0      0      0      0      0      0      0      0      0      0      0      0      0      0      0      0      0      0      0      0      0      0      0      0      0      0      0      0      0      0      0      0      0      0      0      0
      0      0      0      0      0      0      0      0      0      0      0      0      3      0      0      0      0      0      6      2      0      0      2      5      1      3      0      4      0      0     12      0      4      0     13      1     13      5      1     10      0      3     14      0      0     13      9      3      2      2      0      0      0      0      4      0      0      0      0      0      0      0      0      0      0      0      0      0      0      0      0      0      0      0      0      0      0      0      0      0      0      0      0      0      0      0      0      0      0      0      0      0      0      0      0      0      0      0      0      0
      0      0      0      0      1      0      0      0      0      0      0      0      0      0      0      0      0      0      0      0      0      1      4      4      3      0      0      0      5      7      4      5      0      1      9      3      6      7      4      4      6      0      2      8      0     11      0      7      0      0      0      0      2      0      0      0      0      0      0      0      0      0      0      0      0      0      0      0      0      0      0      0      0      0      0      0      0      0      0      0      0      0      0      0      0      0      0      0      0      0      0      0      0      0      0      0      0      0      0      0
      0      0      0      0      8      0      0      0      0      0      0      0      0      0      4      0      0      0      0     11      0      0      5      0      0      0      0      2      3      0     12      7      0      8      2      0      6      4      2      0      2     10      0      0      0      0      9      0      0      0      0      0      0      1      0      0      2      0      0      0     15      0      0      0      0      0      0      0      0      0      0      0      0      0      0      0      0      0      0      0      0      0      0      0      0      0      0      0      0      0      0      0      0      0      0      0      0      0      0      0
      0      0      0      0      0      0      0      0      7      0      0      0      0      5      0      0      0      3      0      1      0     13      1      3      2      4      0     16      0      3      2      1      1      2      0      6     17      0      0      0      4      0      0      1      0      1      0      0      4      0      0      9      0      0      0      0      0      0      0      0      0      0      0      0      0      0      0      0      0      0      0      0      0      0      0      0      0      0      0      0      0      0      0      0      0      0      0      0      0      0      0      0      0      0      0      0      0      0      0      0
      0      0      0      0      0      0      0      0      0      0      0      0      0      0      0      0      9      0      0      0      1      0      0      7      0      1      0      4      3      0      1      0      5      0      1      2      0      1      3      0      0      8      0      0      7      1      1      0      0      0      0      0      4      0      0      0      0      0      0      0      0      0      0      0      0      0      0      0      0      0      0      0      0      0      0      0      0      0      0      0      0      0      0      0      0      0      0      0      0      0      0      0      0      0      0      0      0      0      0      0
      0      0      0      0      0      0      0      0      2      0      0      0      0      0      0      1      0      0      0      1      0      0      0      3      0      0      0      0      6      5      1      0      1      0      1      3     11      0      0      0      7      3      0      0      0      0      0      0      0      0      0      0      2      0      0      0     11      0      0      0      0      0      0      0      0      0      0      0      0      0      0      0      0      0      0      0      0      0      0      0      0      0      0      0      0      0      0      0      0      0      0      0      0      0      0      0      0      0      0      0
      0      0      0      0      0      0      0      0      0      0      0      0      0      0      0      0      2      0      0      0      0      0      0      2      6      0      0      0      0      0      0      0      0      0      5      5      0      0      2      2      2      1     10      0      4      4      0      0      0      0      0      0      0      0      0      1      0      0      0      0      0      0      0      0      0      0      0      0      0      0      0      0      0      0      0      0      0      0      0      0      0      0      0      0      0      0      0      0      0      0      0      0      0      0      0      0      0      0      0      0
      0      0      0      0      0      0      0      0      1      0      0      0      0      0      0      0      0      0      0     11      0      0      0      1      4      0      0      9      0      9      0      6     10      0      2      9      0      1      3     38      0      0      0      5      0      2      0      0      0      0      1      0      1      0      0      0      0      0      0      0      0      0      0      1      0      0      0      0      0      0      0      0      0      0      0      0      0      0      0      0      0      0      0      0      0      0      0      0      0      0      0      0      0      0      0      0      0      0      0      0
      0      0      0      0      0      0      0      0      0      0      0      3      0      0      0      6      0      0      0      0      0      0      0      0      0      1      0      1      1      0      5      2      0      0     10      0      9      0      7      4      0      0      0      2      0      0      0      0      0      0      0      0      1      0      0      0      0      0      0      0      0      0      0      0      0      0      0      0      0      0      0      0      0      0      0      0      0      0      0      0      0      0      0      0      0      0      0      0      0      0      0      0      0      0      0      0      0      0      0      0
      0      0      0      0      0      0      0      0      0      0      0      0      0      0      0      4      0      0      0      0      0      0      0      0      0      2      0      0      1      0      0     12      3      0      2      0      0      0      2      0      4      0      0      0      0      0      3      0      0      0      0      0      0      0      0      0      0      0      0      0      0      0      0      0      0      0      0      0      0      0      0      0      0      0      0      0      0      0      0      0      0      0      0      0      0      0      0      0      0      0      0      0      0      0      0      0      0      0      0      0
      0      0      0      0      0      0      0      0      0      0      0      0      0      0      0      0      0      0      1      0      2      0      1      0      0      3      0      1      3      0      0      0      0      0      0      2      6      0      1      2      0      0      0      0      0      0      0      0      0      0      0      0      0      0      0      0      0      0      0      0      0      0      0      0      0      0      0      0      0      0      0      0      0      0      0      0      0      0      0      0      0      0      0      0      0      0      0      0      0      0      0      0      0      0      0      0      0      0      0      0
      0      0      0      0      0      0      0      0      0      0      0      0      0      0      0      0      0      0      0      0      3      0      0      0      0      3      0      0      0      1      0      1      0      0      0      2      0      0      0      1      0      8      0      0      0      1      0      0      0      4      0      0      0      0      0      0      0      0      0      0      0      0      0      0      0      0      0      0      0      0      0      0      0      0      0      0      0      0      0      0      0      0      0      0      0      0      0      0      0      0      0      0      0      0      0      0      0      0      0      0
      0      0      0      0      0      0      0      0      0      0      0      0      0      0      0      0      0      0      0      3      4      0      1      1      2      0      0      0      2      0      3      0      9      0      0      1      1      5      0      0      0      0      0      0      0      0      6      0      0      0      0      0      0      0      0      0      0      0      0      0      0      0      0      0      0      0      0      0      0      0      0      0      0      0      0      0      0      0      0      0      0      0      0      0      0      0      0      0      0      0      0      0      0      0      0      0      0      0      0      0
      0      0      0      0      0      0      0      0      0      0      0      0      0      0      0      0      0      0      0      0      1      0      1      5      0     19      0      5      2      0      0      5      0      0      1      0      0      0      0      0      0      0      0      0      0      0      0      0      0      0      0      0      0      0      0      0      0      0      0      0      0      0      0      0      0      0      0      0      0      0      0      0      0      0      0      0      0      0      0      0      0      0      0      0      0      0      0      0      0      0      0      0      0      0      0      0      0      0      0      0
      0      0      0      0      0      0      0      0      0      0      0      0      0      0      0      0      0      0      0      0      1      0      0      0      0      0      0      1      0      0      0      0      0      0      0      0      0      2      2      0      0      0      0      0      0      0      0      1      0      0      0      0      0      0      0      0      0      0      0      0      0      0      0      0      0      0      0      0      1      0      0      0      0      0      0      0      0      0      0      0      0      0      0      0      0      0      0      0      0      0      0      0      0      0      0      0      0      0      0      0
      0      0      0      0      0      0      0      0      0      0      0      0      0      0      0      0      0      0      0      0      0      0      3      0      0      0      0     11      0      0      0      0      0      3      0      0      5      0      0      0      1      0      2      0      0      0      0      0      0      0      0      0      0      1      0      0      0      0      0      0      0      0      0      0      0      0      0      0      0      0      0      0      0      0      0      0      0      0      0      0      0      0      0      0      0      0      0      0      0      0      0      0      0      0      0      0      0      0      0      0
      0      0      0      0      0      0      0      0      0      0      0      0      0      0      0      0      0      0      0      0      0      0      0      0      0      0      2      0      0      0      0      5      0      1      0      0      1      0      0      0      0      0      0      0      0      0      0      0      0      0      0      0      0      0      0      0      0      0      0      0      0      0      0      0      0      0      0      0      0      0      0      0      0      0      0      0      0      0      0      0      0      0      0      0      0      0      0      0      0      0      0      0      0      0      0      0      0      0      0      0
      0      0      0      0      0      0      0      0      0      0      0      0      0      0      0      0      0      5      0      0      0      3      0      0      0      0      0      0      0      0      0      0      0      0      0      0      0      0      0      4      0      0      0      0      0      1      0      0      0      0      0      0      0      0      0      0      0      0      0      0      0      0      0      0      0      0      0      0      0      0      0      0      0      0      0      0      0      0      0      0      0      0      0      0      0      0      0      0      0      0      0      0      0      0      0      0      0      0      0      0
      0      0      0      0      0      0      0      0      0      0      0      0      0      0      0      0      0      0      0      0      0      0      0      0      0      0      0      0      5      0      1      0      0      2      0      2      0      0      0      0      0      0      0      0      0      0      0      0      0      0      0      0      0      0      0      0      0      0      0      0      0      0      0      0      0      0      0      0      0      0      0      0      0      0      0      0      0      0      0      0      0      0      0      0      0      0      0      0      0      0      0      0      0      0      0      0      0      0      0      0
      0      0      0      0      0      0      0      0      0      0      0      0      0      0      2      0      0      2      0      0      0      0      0      0      2      0      3      0      0      0      0      0      0      0      0      0      1      0      0      0      0      0      0      0      0      0      0      0      0      0      0      0      0      0      0      0      0      0      0      0      0      0      0      0      0      0      0      0      0      0      0      0      0      0      0      0      0      0      0      0      0      0      0      0      0      0      0      0      0      0      0      0      0      0      0      0      0      0      0      0
      0      0      0      0      0      0      0      0      0      0      0      0      0      0      0      0      0      0      0      0      0      0      0      0      0      0      0      0      0      0      0      0      0      0      0      0      0      0      0      0      0      0      0      0      0      0      0      0      0      0      0      0      0      0      0      0      0      0      0      0      0      0      0      0      0      0      0      0      0      0      0      0      0      0      0      0      0      0      0      0      0      0      0      0      0      0      0      0      0      0      0      0      0      0      0      0      0      0      0      0
