\ 
\ Covariance Function Histogram Table
\ 
\ X Parameter: Metallicity
\ X Abbrev   : FeH
\ X Units    : none
\ X Items    : 100         
\ 
\ Y Parameter: Stellar Mass
\ Y Abbrev   : M*
\ Y Units    : Msun
\ Y Items    : 100         
\ 
|col000|col001|col002|col003|col004|col005|col006|col007|col008|col009|col010|col011|col012|col013|col014|col015|col016|col017|col018|col019|col020|col021|col022|col023|col024|col025|col026|col027|col028|col029|col030|col031|col032|col033|col034|col035|col036|col037|col038|col039|col040|col041|col042|col043|col044|col045|col046|col047|col048|col049|col050|col051|col052|col053|col054|col055|col056|col057|col058|col059|col060|col061|col062|col063|col064|col065|col066|col067|col068|col069|col070|col071|col072|col073|col074|col075|col076|col077|col078|col079|col080|col081|col082|col083|col084|col085|col086|col087|col088|col089|col090|col091|col092|col093|col094|col095|col096|col097|col098|col099|
|int   |int   |int   |int   |int   |int   |int   |int   |int   |int   |int   |int   |int   |int   |int   |int   |int   |int   |int   |int   |int   |int   |int   |int   |int   |int   |int   |int   |int   |int   |int   |int   |int   |int   |int   |int   |int   |int   |int   |int   |int   |int   |int   |int   |int   |int   |int   |int   |int   |int   |int   |int   |int   |int   |int   |int   |int   |int   |int   |int   |int   |int   |int   |int   |int   |int   |int   |int   |int   |int   |int   |int   |int   |int   |int   |int   |int   |int   |int   |int   |int   |int   |int   |int   |int   |int   |int   |int   |int   |int   |int   |int   |int   |int   |int   |int   |int   |int   |int   |int   |
      0      0      0      0      0      0      0      0      0      0      0      0      0      0      0      0      0      0      0      0      0      0      0      0      0      0      0      0      0      0      0      0      0      0      0      0      0      0      0      0      0      0      0      0      0      0      0      0      0      0      0      0      0      0      0      0      0      0      0      0      0      0      0      0      0      0      0      0      0      0      0      0      0      0      0      0      0      0      0      0      0      0      0      0      0      0      0      0      0      0      0      0      0      0      0      0      0      0      0      0
      0      0      0      0      0      0      0      0      0      0      0      0      0      0      0      0      0      0      0      0      0      0      0      0      0      0      0      0      0      0      0      0      0      0      0      0      0      0      0      0      0      0      0      0      0      0      0      0      0      0      0      0      0      0      0      0      0      0      0      0      0      0      0      0      0      0      0      0      0      0      0      0      0      0      0      0      0      0      0      0      0      0      0      0      0      0      0      0      0      0      0      0      0      0      0      0      0      0      0      0
      0      0      0      0      0      0      0      0      0      0      0      0      0      0      0      0      0      0      0      0      0      0      0      0      0      0      0      0      0      0      0      0      0      0      0      0      0      0      0      0      0      0      0      0      0      0      0      0      0      0      0      0      0      0      0      0      0      0      0      0      0      0      0      0      0      0      0      0      0      0      0      0      0      0      0      0      0      0      0      0      0      0      0      0      0      0      0      0      0      0      0      0      0      0      0      0      0      0      0      0
      0      0      0      0      0      0      0      0      0      0      0      0      0      0      0      0      0      0      0      0      0      0      0      0      0      0      0      0      0      0      0      0      0      0      0      0      0      0      0      0      0      0      0      0      0      0      0      0      0      0      0      0      0      0      0      0      0      0      0      0      0      0      0      0      0      0      0      0      0      0      0      0      0      0      0      0      0      0      0      0      0      0      0      0      0      0      0      0      0      0      0      0      0      0      0      0      0      0      0      0
      0      0      0      0      0      0      0      0      0      0      0      0      0      0      0      0      0      0      0      0      0      0      0      0      0      0      0      0      0      0      0      0      0      0      0      0      0      0      0      0      1      0      0      0      0      0      0      0      0      0      0      0      0      0      5      0      0      0      0      0      0      0      0      0      0      0      0      0      0      0      0      0      0      0      0      0      0      0      0      0      0      0      0      0      0      0      0      0      0      0      0      0      0      0      0      0      0      0      0      0
      0      0      0      0      0      0      0      0      0      0      0      0      0      0      0      0      0      0      0      0      0      0      0      0      0      0      0      0      0      0      0      0      0      6      0      0      0      0      0      0      0      0      0      2      0      0      0      0      0      0      0      0      0      0      0      0      0      0      0      0      0      0      0      0      0      0      0      0      0      0      0      0      0      0      0      0      0      0      0      0      0      0      0      0      0      0      0      0      0      0      0      0      0      0      0      0      0      0      0      0
      0      0      0      0      0      0      0      0      0      0      0      0      0      0      0      0      0      0      0      0      0      0      0      0      0      0      0      0      0      0      0      0      0      0      0      0      0      2      0      0      0      0      0      0      0      0      0      0      0      0      0      0      0      0      0      0      0      0      0      0      0      0      0      0      0      0      0      0      0      0      0      0      0      0      0      0      0      0      0      0      0      0      0      0      0      0      0      0      0      0      0      0      0      0      0      0      0      0      0      0
      0      0      0      0      0      0      0      0      0      0      0      0      0      0      0      0      0      0      0      0      0      0      0      0      0      0      0      0      0      0      0      0      0      0      0      0      0      0      5      0      0      1      0      0      0      0      0      0      0      0      0      0      0      0      0      0      0      0      0      0      0      0      0      0      0      0      0      0      0      0      0      0      0      0      0      0      0      0      0      0      0      0      0      0      0      0      0      0      0      0      0      0      0      0      0      0      0      0      0      0
      0      0      0      0      0      0      0      0      0      0      0      0      0      0      0      0      0      0      0      0      0      0      0      0      4      0      0      0      4      0      0      2      0      0      0      0      0      0      0      0      0      0      0      0      0      0      0      0      0      0      0      0      0      0      0      0      0      0      0      0      0      0      0      0      0      0      0      0      0      0      0      0      0      0      0      0      0      0      0      0      0      0      0      0      0      0      0      0      0      0      0      0      0      0      0      0      0      0      0      0
      0      0      0      0      0      0      0      0      0      0      0      0      0      0      0      0      0      0      0      0      0      0      0      0      0     12      0      0      0      0      3      0      0      0      0      0      0      1      0      0      0      0      0      6      0      0      0      0      0      0      0      0      1      0      0      2      0      0      0      0      0      0      0      0      0      0      0      0      0      0      0      0      0      0      0      0      0      0      0      0      0      0      0      0      0      0      0      0      0      0      0      0      0      0      0      0      0      0      0      0
      0      0      0      0      0      0      0      0      0      0      0      0      0      0      0      0      0      0      0      0      0      0      0      0      0      0      0      0      0      0      0      0      0      0      7      0      0      0      0      0      3      0      0      8      0      0      2      0      0      4      0      0      0      0      0      2      0      0      0      0      0      0      0      0      0      0      0      0      0      0      0      0      0      0      0      0      0      0      0      0      0      0      0      0      0      0      0      0      0      0      0      0      0      0      0      0      0      0      0      0
      0      0      0      0      0      0      0      0      0      0      0      0      0      0      0      0      0      0      0      0      0      0      0      0      0      2      0      0      0      0      0      0      0      0      1      0      0      1      0      0      0      0      0      0      0      0      0      0      0      0      0      0      0      6      0      0      0      0      0      0      0      0      0      0      0      0      0      0      0      0      0      0      0      0      0      0      0      0      0      0      0      0      0      0      0      0      0      0      0      0      0      0      0      0      0      0      0      0      0      0
      0      0      0      0      0      0      0      0      0      0      0      0      0      0      0      0      0      0      0      0      0      0      0      0      0      0      0      0      0      0      0      3      0      0      0      0      0      0      0      0      5      4      0      0      0      1      0      0     14      0      0      0      0      0      1      0      0      0      0      0      0      0      3      0      0      0      0      0      0      0      0      0      0      0      0      0      0      0      0      0      0      0      0      0      0      0      0      0      0      0      0      0      0      0      0      0      0      0      0      0
      0      0      0      0      0      0      0      0      0      0      0      0      0      0      0      0      0      0      2      0      0      0      0      0      0      0      0      0      0      0      0      0      0      0      0      0      0      0      1      0      0      7      1      0      0      0      0      3      0      0      0      0      0      0      0      0      0      0      0      0      0      0      0      0      0      0      0      0      0      0      0      0      0      0      0      0      0      0      0      0      0      0      0      0      0      0      0      0      0      0      0      0      0      0      0      0      0      0      0      0
      0      0      0      0      0      0      0      0      0      0      0      0      0      0      0      0      1      0      2      0      0      0      0      0      0      0      0      0      0      3      0      0      0      0      0      0      0      5      0      0      1      0      2      2      0      5      2      1      0      0      0      7      0      0      0      6      1      0      0      0      0      0      0      4      4      0      0      0      0      0      0      0      0      9      0      0      0      0      0      0      0      0      0      0      0      0      0      0      0      0      0      0      0      0      0      0      0      0      0      0
      0      0      0      0      0      0      0      0      0      0      0      0      0      0      0      1      0      0      0      0      0      0      0      0      0      4      0      0      0      0      0      0      0      0      0      8      0      0      0      0      0      3      0     20      0      1      3      1      4     14      0      0      3      2      0      0      0      0      2      0      0      2      0      2      0      0      0      0      0      0      0      0      0      0      0      0      0      0      0      0      0      0      0      0      0      0      0      0      0      0      0      0      0      0      0      0      0      0      0      0
      0      0      0      0      0      0      0      0      0      0      0      0      0      0      0      0      0      0      0      0      0      0      0      0      0      0      0     11      2      0      1      0      8      1      4      0      2      0      6      3      0      3      1      0      4      0      8     14      2     22      1      6      0      0      0      0      0      0      0      1      0      0      8      0      0      0      0      0      0      0      0      0      0      0      0      0      0      0      0      0      0      0      0      0      0      0      0      0      0      0      0      0      0      0      0      0      0      0      0      0
      0      0      0      0      0      0      0      0      0      0      0      0      0      0      0      0      0      0      0      0      3      0      0      0      0      2      0      0      0      6      1      0      5      0      2      9      3      0      0      1      2      4      0      0      0      2      4      8      7      0      0      0      0      0      4      0      0      0      6      0      3      1      0      0      0      0      0      0      0      0      0      0      0      0      0      0      0      0      0      0      0      0      0      0      0      0      0      0      0      0      0      0      0      0      0      0      0      0      0      0
      0      0      0      0      0      0      0      0      0      0      0      0      0      0      0      0      0      0      0      0      0      0      1      0      0      0      0      0      6      0      5      4      2      0     10      0      0      7      0      1      0      3      0      0     11      5      4      0      0      0      3      4      3      0      0      0      0      0      0      4      0      0      0      0      0      0      0      0      0      1      0      0      0      0      1      0      0      0      0      0      0      0      0      0      0      0      0      0      0      0      0      0      0      0      0      0      0      0      0      0
      0      0      0      0      0      0      0      0      0      0      0      0      0      0      0      0      0      0      0      0      3      0      0      0     20      0      0      5      4      7      0      1      4      0      0      0      4      6      6      0      2     12      4      2      5      0     12      0     38      3      0      0      0      1      3      2      2      0      0      0      0      0      0      0      0      0      0      0      0      0      0      0      0      0      0      0      0      0      0      0      0      0      0      0      0      0      0      0      0      0      0      0      0      0      0      0      0      0      0      0
      0      0      0      0      0      0      0      0      0      0      0      0      5      0      0      0      0      1      0      0      0      0      0      0      0      4      0      5      7      0      0      0      7      3      3     12      3     13      5      0     17      8      0      7     13      7      0      0      1      0      5      1     14      0     10      7      0      1      0      1      1      0      0      0      0      0      0      0      0      0      0      0      0      0      0      0      0      0      0      0      0      0      0      0      0      0      0      0      0      0      0      0      0      0      0      0      0      0      0      0
      0      0      0      0      0      0      0      0      0      0      0      0      0      0      0      0      0      2     11      1      2      0      1     13      0      0      0      0      1      1      0     11      2      0      1      7      5      6      1      1      7      2     14      1      4      0      6      7      0      0      3      5      0     15      4     10      0      0      0      4      4      0      2      3      0      0      0      0      0      6      1      0      0      0      0      0      0      0      0      0      0      0      0      0      0      0      0      0      0      0      0      0      0      0      0      0      0      0      0      0
      0      0      0      0      0      0      0      0      0      0      0      0      0     11      1      3      0      0      0      0      0      0      0      0      0      1      0      0      0     11      9     17      5     21      3      3      0      2      9     19     11      2      6     15     13      2      7      2      2      4      1      2      0      5      6      0     10      3      2      0      0      7      0      0      5      0     26      0      0      0      0      7      0      0      1      0      1      0      0      0      0      0      0      0      0      0      0      0      0      0      0      0      0      0      0      0      0      0      0      0
      0      0      0      0      0      0      0      0      0      0      0      0      0      0      0      4      4      1      0      0      0      0      0      2      0      3      0      3      4      5      3     11      3      0      2      5      4      2     24      9      9      1      1      8      5      7      6      4      2      4     16     17     12      0      0      0      2      4      1      4      1      0      8      1      5      9      0      0      5      0      0     17      0      0      0      0      0      0      0      0      0      0      0      0      0      0      0      0      0      0      0      0      0      0      0      0      0      0      0      0
      0      0      0      0      0      0      0      0      0      0      0      0      4      0      0      0      9      0      0      0      8      0      0      2      0      0      0      1      4      0      6      9      7      5      3      6      8     19      2      8      4      3     10      7      0      8     13      2     11     26     18      0     11      5      0      4     32      5      2      6      2      0      3     12      0      0      0      0      0      0      0      0      0      6      0      0      0      0      0      0      0      0      0      0      0      0      0      0      0      0      0      0      0      0      0      0      0      0      0      0
      0      0      0      0      0      0      0      0      0      0      0      0      0      0      0      0      0      0      0      0      0      0      8      1      0      9     11      3      1      0      0      0      2     28      1      1     10      4      4      2     24     28      7     10     26     15      5      9      1      9     10      0     10     21      0     11      1      1      1     20      3     47     12      0      1      0      0      0      0      2      0      0      0      0      0      0      0      0      0      0      0      0      0      0      0      0      0      0      0      0      0      0      0      0      0      0      0      0      0      0
      0      0      0      0      0      0      0      0      0      0      0      0      0      0      0      0      4      0     15      0      0      0      2      5      2      3     11      1      1     23     17      3     13     15      6      5      7     14     19     11     11     21     14      8     22     12     11     20     20     10     26     13      9     11      3      7      5      1     20      8      2      1      5      1      1      0      0      0      0      3      5      3      0      0      0      0      0      0      0      0      0      0      0      0      0      0      0      0      0      0      0      0      0      0      0      0      0      0      0      0
      0      0      0      0      0      0      0      0      0      0      0      0      0      0      0      0      0      0      0      6      0      0      0      5     22      3      1      1     12      3     10     23      3      2      4     10     18     12     42     16     14      1     24     29     14      5     21      7      3     12      9     19      2      4     11      0      6      6     16      0     22      0     12      6      1      3     28      1      0      0      0      0      0      0      0      1      0      2      0      0      0      0      0      0      0      0      0      0      0      0      0      0      0      0      0      0      0      0      0      0
      0      0      0      0      0      0      0      0      0      0      0      0      0      0      0      1      2      0      0      0      0      5      3      9      2      5      3      1      3      9      2     29      1      5     19      2     27     32     33     16     21     12     40     15     13     23     24     37     22     34      5     15      2     25     15      9      7      0      5      2      4      0     11     32      8      0      0      5      0      0      4      0      0     10      0      0      3      2      0      0      0      0      0      0      0      0      0      0      0      0      0      0      0      0      0      0      0      0      0      0
      0      0      0      0      0      0      0      0      0      0      0      0      0      0      0      0      0      1      2      0      1      0      0      1      5      4     11     18     19      8      2     26     56      9     12     24     40     22     12     55      6     16     45     24     24     11     23     25     22     16      9     13     20     16     18      1     10      6     10     33      4      8      0      8      4      2      0      0      2      0     11      0      3      0      0      0      0      0      0      0      0      0      0      0      0      0      0      0      0      0      0      0      0      0      0      0      0      0      0      0
      0      0      0      0      0      0      0      0      5      0      0      0      0      0      0      7      0      0      1      4      1      3      5      6      5      0      1      0      8     17     21     41     23     68     26     27     31     15      4     27     28     16      7     27     18     18     21     20     50     31     43      7     14     13     22      2     56     14     13     31     40     10      3     28      0      0      6      6      0      4      0     11      0      0      0      0      1      0      0      0      1      0      0      0      0      0      0      0      0      0      0      0      0      0      0      0      0      0      0      0
      0      0      0      0      0      0      0      0      0      0      0      1      0      0      0     12      0      0      0      3      0     19     13     18      0     15      4      3     32      7     17     24     10      4     13      9     24     28     25     38     15     15     56     10     33     19     59     28     22     20     57     17     24     18     12     17     21     22     22     41      3     12      5     11      0     15     13     12      0      2      0      1     10      2      0      0      1      0      0      0      0      0      0      0      0      0      0      0      0      0      0      0      0      0      0      0      0      0      0      0
      0      0      0      0      0      0      0      2      0      0      3      0      0      0      4      7      0      0      1      5      1      2     11      3     15      1      9     19      0     15     20     29     13     13     35     19     34     18     48     16     27     17     43     20     63     82     10     37     14     42     38     38     21     22      9      8     24      7      4     30     17      1     21      6     19      4     15      2      6      0      0      0      5      0      0      5      0      0      0      0      0      0      0      0      0      0      0      0      0      0      0      0      0      0      0      0      0      0      0      0
      0      0      0      0      0      0      0      0      0      2      0      0      0      0      0     16      0      2      0      1      0      0      3      4     16      2      3     11     13     34      0     16      9     38     32      2     28     19     21     28     25     58     55     57     20     29     40     21     48     55     25     18     76     24     44     10     26     13     22     19     22     12     24     10     10     18      2      7      0     13      1      1      0      4      0      0      0      0      1      0      0      0      0      0      0      0      0      0      0      0      0      0      0      0      0      0      0      0      0      0
      0      0      0      0      0      8      0      0      0      0      1      0      0      0      0      8      2      0      0      2      0      2      0      9      9     25      7      1      0      8     14      4     26     25     32     12     29     28     29     74     52     53     15     40     51     47     10     58     40     57     33     17     38     47     39     33     21     26     11     23     35     15      2     18     10      3     10     13      0      7      0      1      2      0      0      3      1      0      0      0      1      0      0      0      0      0      0      0      0      0      0      0      0      0      0      0      0      0      0      0
      0      0      0      0      0      0      0      1      0      0      0      0      0      0      0      0      0      8      1      5      0      9      0      4      3      7     30     31     13     31     39     24      5     10     47     24     29     10     35     22     13     47     30     33     44     32     52     33     38     96     38     76     32     30     40     56     74     19     25     42     52     34     15     17     16     38      7      0      7      3      3     18      0      1      0      0      0      0      0      1      0      0      2      0      0      0      0      0      0      0      0      0      0      0      0      0      0      0      0      0
      0      0      0      1      0      0      0      0      0      0      0      0      0      0      3     18      2      0      4      6      0      4     18      8      6     26     16      2     62     36     18     46      8     13     27     33     73     47     69     63     47     26     41     42     48     58     73     44     46     40     19     76     51     39     21     19     15     39     54     29     26      8     22     24     12     27     12      6      2     14      7      1      2      2      3      0      0      0      2      0      0      0      1      0      0      0      0      2      0      0      0      0      0      0      0      0      0      0      0      0
      7      0      0      0      0      0      0      0      1      0      0      0      0      0      0      1      0      9      2      5     12      6      2      3     15     21     10     14      6     50     19     17     31     42     25     14     37     53     36     76     68     81     45     47     67     78     77     37     78     36     59     24     33     49     72     40     26     25     31     34     60     21     38     10     15      5     22      0      4      1     10      1      2      0      1      1      0     11      0      1      0      0      1      0      0      0      0      0      0      0      0      0      0      0      0      0      0      0      0      0
      0      0      0      0      0      0      0      0      0      0      0      0      1      0      0      0      0      1      1      9     10      3      6      7     27     22      1     19     26     31     11      4     36     22     36     23     40     27     37     37     98     59     35     40     94     71    103     69     65     62     72     43     48     53     26     36     44     28     26     22     26     16     10     26     15     23     40      7      2      8     10      0      5      4      0      2      4      0      0      0      0      0      0      0      0      0      0      0      0      0      0      0      0      0      0      0      0      0      0      0
      0      0      0      0      0      0      0      0      0      0      0      6      0      9      0      0      0      7      8      7     17     13     11     35      5      3     16     12     11     18     18     54     35     36     16     31     38     23     50     73     31     65     41     44     64    108     51     54     49     95     80     43     44     49     51    103     48     25     39     26     42     14     27     24     21      8     17     26      7      8      4      6      0      0      3     15      2      0      2      1      0      0      1      0      4      0      0      0      0      0      0      0      0      0      0      0      0      0      0      0
      6      0      0      0      0      5      0      0      1      0      0      4      0      0      2      2      0      0      0      0      2     22      0      4     28     21     10     14     35     35     35     12     26     46     33     15     45     66     37     37     23     91    120     65     20     75    104     77     94     75    131     80    118     41     61     35     88     95     27     26     23     28     43     49     18     25      9     12     18     14      9      0      0     20      3      3     21      8      0      0      0      0      0      0      0      0      0      0      0      0      0      0      0      0      0      0      0      0      0      0
      0      0      0      0      0      0      2      0      0     12      0      0      0      0      0      0      1      0      1      1      4      3     14     12     12     12     35      6     11      7     26     63     10     63     35     46     14     37     27     58     30     32     98     85     56     87     68     51     38     49     95     74     70     30     57     33     47     42     23     65     22     41     18     28     39     14     20     23     45      1     17     19     14      0     15      0      2      0      5      0      1      0      0      0      0      0      1      0      0      0      0      0      0      1      0      0      0      0      0      0
      0      0      0      0      0      0      0      4      0      0      0      0      8      1      0      0      0      0      3      0      6      7      1      9      7      4     28     20      8     32     40     32     49     35     19     20     50     66     44     81     93     62     31     87     69     72     43     67     83    108     55     62     50     60     89     48     29     58     28     45     68     72     31     46     35     13      8      7     25      8     10      5     17      8      2      2      1      7      2      2      0      0      4      4      0      0      0      0      0      0      2      0      0      0      0      0      0      0      0      0
      0      0      0      0      0      0      0      0      0      0      0      0      0      0      1      0      4      0     16      4      4      0      4      1     15     29     21     20     47      8      9     38     21     46     29     54     48     55     54     47     67     51     86     52     70    129     86     70     93     49    108    141     96     56     50     95     69     44     24     39     47     38     16     20     74     63     16     10     13     14      9      2     11     24      2      6      5      1      4      1      0      0      0      0      1      1      4      0      0      0      0      1      0      0      0      0      0      0      0      0
      0      0      0      0      0      0      0     11      0      0      0      1      0      0      3      0      0      5      4      0      0     12      9      9      0     28      3      9      9     36     12     38     21     44     28     52     80     77     57     57     83     95    117     68     66     68     82     55    105     71     66    112     68     84     83     68     59     41    119     50     27     19     40     63     42     39     20     21      1      8      7     11      9      2     27      8     19      2      0      0      8      3      0      1      0      0      0      0      0      0      4      0      0      0      0      0      0      0      0      0
      0      0      0      2      0      0      0      0      0      0      0      0      0      2      0      0      0      8      0      0      2      3      9     33     14     17     13     14     11     13     23     30     23     24     40     57     34     59     36     44     81     59     27     73    123     98     70     97     86    134     77     94     89     59     81     61     92     96     74     32     51     43     58     15     71     67     39     25     24     19      6      7      3      0     19     12      3      3      7      0      9      0      0      0      0      0      0      0      0      0      0      0      0      0      0      0      0      0      0      0
      0      0      0      0      0      0      0      0      0      0      0      3      0     10      3      4      2     16      1      6      0     13      4     18      1     15     10      5     26     38     59     31     28     44     47     68     36     29     72    121     38     73     48     82    108     73    101     41     78     78     61     67     51    101    114     60     83     37     42     25     54     37     16     22     74     55     22     31     10     18     15     19     12      2     14      1     15      3      0      0      0      1      0      0      0      0      0      0      3      0      0      0      0      0      0      0      0      0      0      0
      0      0      0      0      0      0      0      3      0      0      0      3      0      6     11      0      0      1      0      8      1      3      2     15     10     13      3     13     23     46     43     43     31     35     70     26     83     31     75     38     86    150     78     91     84    115     60     97     67    134     68     64     52    119     70     74    103     88     73     89     44     56     48     44     27     42     43     17     35     20      0     12      3      7     13     16     15     10      3      1     10      0      2      2      0      0      0      0      0      0      0      0      0      0      0      0      0      0      0      0
      0      0      0      0      0      0      0      0      0      0      0      1      0      6      0      5     11      1      8      6      7     26      5      9      0      6     20     15     33      8     38     31     45     42     30     53     36     47     57     63     57     81     64     94     78     87     70     88    114     97     99     73     80     78     70     88     66    129     41     48     60     34     46     15     88     29     44     26      2     18     19     26      3     10      5      3     19     27      5     10      1      0      0      0      0      0      4      2      0      0      0      0     19      0      0      0      0      0      0      0
      0      0      0      0      0      0      0      0      0      2      0      0      0      0      0      0      0      0      5      4      0      0     11     16     12     14     19     17     26     13     60     28     18     39     82     81     83     82     59     53     89     72     60     86     35    101     83    114    115    101     81     83     98    101    122     66     72     94     83     56    101     33     38     33     48     31     40     12     26     19     13     35     10      3      1     19      2      5      4     14      5      1      1      0      5      0      0      0      0      0      0      0      0      0      0      0      0      0      0      0
      0      0      0      0      0      0      0      0      0      0      0      0      1      0      0      4      0      0      0      0      0      4      9      3      6     10     26     16      7     26     42     39     48     48     27     35     58     49     45     27     58     84     88     74     62     67     89    116     72     76     82     72    101    103     67     70    100     95     80     59     78     68     58     39     80     55     78     40     59      5      7     11     31     20      3     11      0      7      7      0      3      1      0      0      4      1      0      0      0      3      0      0      0      0      0      0      0      0      0      0
      0      0      0      6      0      0      0      0      0      0      3      0      0      0      0      5      2      2      1      2     11      1     13     14     22      4      2     36     27     11     19     43     45     45     65     48     57     47     61     50     23     64     49     95    103    101    142     82     63     87     75    151     61    105     53    112    115     80     54     40     74     38     79     52     48     53     38     44     16     13     30     19     25     10      7     23      1     16      5     11      7      3      6      0     13      5      0      0      5      0      0      0      0      0      0      0      0      0      0      0
      0      0      0      0      0      0      0      0      0      0      0      0      0      0      0      2      0      7      0      7      1      1      1      0      0      2     12     17     20     17     15     23     20     25     47     35     43     31     27     43     30    104     90     60    165     63     88     87     47    125     82    124     97     77     68    118     34    104     61    101     69     90     27     42     36     41     21     27     10     19     24     19      5      5      0     18      8      9     12      6      0      1     12      1      0      0      0      0      0      0      0      0      0      0      0      2      0      0      0      0
      0      0      0      0      0      0      0      0      0      0      0      0      0      7      0      0      6      0      1      9      3      5     13      4      5      7      8     18     26     14     40     19     80     33     22     17     81     71    103     45     60    119    143    127     68     48    114    110     77     91    104     92     82    130     58     46    104    111     92     95     71     44     55     47     44     47     11     36     30     13     25     20      8      8     22      2      8     10      0      0      2      7      0      0      0      5      0      0      0      0      0      0      0      0      0      0      0      0      0      0
      0      0      0      0      0      0      0      2      0      0      0      0      0      0      0      0      5      1      0      0      9      9     10      7      3      1     12     17     28     54     26     28      2     39     30     53     38     56     74     94     60     41     64     60    114     83     42     53     99     98     61     74    101     85     79     74    120     83     35     86     19     80     56     73     35     31     53     55     17     20     16     15     17      9      9      3      2     10      7      0      0      2     23      0      6      6      0      1      0      0      0      0      0      0      0      0      0      0      0      0
      0      0      0      0      0      1      0      0      0      0      0      0      0      0      1      8      0      0      4      8      3      0      8      0      5      7      7      9     27     15     38     39     17     17     15     24     51     38     25     78    102     66     88    113     86     73     51     62     99     76     95     49    129     50     54     63     78     46     84     57     45     64     66     40     52     51     24      6     24     29      2     12     10     10     12      5     10     16     11      4      2      0      4      0      0      0      0      4      0      2      0      0      6      0      0      0      0      0      0      0
      0      0      0      0      0      0      0      0      0      0      0      3      0      0      0      0      2      0      0      0      1      0      8      0      6      6     18     35     10     14     18      7     23     17     36     33     49     59     44     46     61     59     58     56     78     87     80     51     92     61     56     78     46     94     73     61    118     89     45     51     93     85     63     16     28     55     38     11     18     34     30     22     36      4     22      3     27      3      6      0      1      1      4      0      0      0      0      5      0      0      0      0      2      1      0      0      0      0      2      0
      0      0      0      0      0      0      0      0      0      1      0      0      0      0     20      0      3      5      1      0     15      2     10      7      3      5      2      1     11     15     21     39     10     26     31     27     80     78     55     35     30     39     51     77     34    107    100     86     64     41     72     40     64     72     52     55     38     61     87     42     91     30     41     52     22     59     40     38     14     14     35     22     25     10      5     12      8     10      6      4      3      3      5      0      0      0      0      0      0      0      0      0      0      0      0      0      0      0      0      0
      0      0      0      0      0      0      0      0      0      0      0      1      0      0      0      0      0      8      5      0      2      3      2      1     13      5      2      5     23     33      0     19     47     23     23     34     23     23     63     34     53    129     75     69     43     64     60    133    105     72     63     88     97     45     85     41     64     58     79     61     84     29     36     38     21     33     29     14     28     53     17     25      7      5      2      6      3      7      0      4      4      0      3      2      0      0      0      0      0      0      0      0      0      0      0      0      0      0      0      0
      0      0      0      0      0      0      0      0      0      0      0      0      0      0      0      0      5      0      3      0      8      4      6     15      1      1     12      6     33      5      7     20     17     25     15     26     21     32     33     44     42     49     74     53     70     42    124     68     62     79     46    102     80    103     80     72     84     85     90     44     90     52     63     50     74     23     24     15     29     19     35     27     20      3     17      5      5      6      2      7      6      8      0      5      6      4      0      0      0      0      0      0      0      0     22      0      0      0      0      0
      0      0      0      0      0      0      0      0      0      0      0      0      0      0      0      8      0      0      0      0      0      4      7     16     13      4      1      6      3     27     11     11     40      8     31     44     28     42     27     39     73     55     89     35     33     62     69     25     52    109     70     70     50     58     85    103     91     79     55     85     40     52     40     40     63     35     22     51     28     16     42     19     24     30     14      0     12      5      0      1      0      1      3      1      0      1     11      0      0      0      0      0      0      0      0      0      0      0      0      0
      0      0      0      0      0      0      0      0      0      0      0      0      0      0      0      0      0      2      0      6      5      4      0      2      1      1      0     15      4      6     30     21     22     10     17     17     25     29     38     32     31     18     46     48     37     43     46     21     45     55     49     29     60     51     86     77     65     13     47     26     44     20     28     18     28     46     35     27     16     21     15     32     14      8      4      6      1     14      0     12     13      0      0      5      0      4      2      0      0      0      0      2      0      0      0      0      0      0      0      0
      0      0      0      0      0      0      0      0      0      0      0      0      0      0      0      0      0      0      0      5      0      0      0     24      3     20      6      5      6     23      7     19     11      3     24     12     26     27     54     34     33     32     51     34     46     61     68     82     43     70     36     33     42     63     21     29     33     53     58     54     49     72     73     25     15     24     35     10     36      6     18      9     12     15     12     15      9      2     26      8     11      6      7      5      2      0      2      0      2      0      0      0      0      0      0      0      0      0      0      0
      0      0      0      0      0      0      0      0      0      0      0      0      0      0      0      2      0      0      5      2      0      2      0      0      4      4      7      3      5      7      3     13     13      8     14     35     25     24     44     29     20     31     38     26     49     42     37     39     35    101     68     52     34     65     59     35     40     46     13     26     67     57     38     59     27     24     21     30      6     15      9     31     10     26     18     15     12      4      2      4      1      0      0      5      0      0      3      0      0      2      4      0      0      0      0      0      0      0      0      0
      0      0      0      0      0      0      0      0      0      0      0      0      0      0      0      0      0      0      0      0      0     14      2      2      0      6      0      6     10     10     12     16      4      0     20     12     23     16     25     24     31     46     40     32     31     22     30     32     46     34     68     38     55     44     51     80     33     42     40     44     38     23     11     14     31     32     20     15     34     32     12      4     19      8      4     19      0      0      3      4      2      3      3      0      3      0      5      0      7      0      3      0      0      0      0      0      0      0      0      0
      0      0      0      0      0      0      0      0      0      0      0      0      9      0      0      0      0      0      0      0      0      4      0      0      5     12     11      1      2      8      6      7     11      9      5     13     14     25     14      5     40     14     29     43     28     79     24     78     49     40     32     51     51     29     51     72     45     34     30     38     45     36      9     45     10     16     26     13     13      6     26      6     29     11     17      6      8     11      1      4      4      8      8      2      0      0      0      0      0      0      3      0      0      0      0      0      0      0      0      0
      0      0      0      0      0      0      0      0      0      0      0      0      0      0      0      0      0      1      0      0      0      0      0      8      0      5      0      9      0     12      8      6      3     20      4     19     38     15      8     19     25     16     21      6     10     33     64     26     57     73     47     60     25     19     27     45     29     44     50     39     10     34     43     32     30      8      6      8     19      5     11      7      7      6     17      7      0      6      0      4      0      0      0     14      0      4      2      0      0      0      0      0      0      0      0      0      0      0      0      0
      0      0      0      0      0      0      0      0      0      0      0      0      0      0      3      0      0      0      0      0      0      0      0      0      0      0     14      0      2      0      3     10     15      6     24     13     11     20     24      7     19     44      6      7      6     21     14     32     15     15     32     16     29     29     34     73     15      5     23     10     36     35     30     21     44     24     39     12     36      5     31      4     10     21     15     20      0     12      1      1      0      8     10      0      0      0      0      0     17      0      0      0     11      0      0      0      0      0      0      0
      0      0      0      0      0      0      0      0      0      0      0      0      0      0      0      6      0      0      6      0      3      4      1      0      0      0      0      3      7      1      3      3      0      5     12     19      7     18     26     27     16     16     11     10      5     18     17     33     16     21     47      7     18     22     36     34      9     21     12     37      4      4     45      8     22     23     12     17      5     14     35      5      6      2     14      8      1      0      4      2      2      0      0      0      0      0      2      0      0      0      0      0      0      0      0      0      0      0      0      0
      0      0      0      0      0      0      0      0      0      0      0      0      0      0      0      0      0      0      0      0      8      1      7      0      5      3      9     14      0      9      0      5      4      3      8      1      2      4     38      7     18     25      3     13     18      7     43     21     19     45     15     35     13     27     20     20     34     48     32     27     34    107     47      7     11     17     13      1     11     15      1      7      2      6      3      5      1      5      2      1      0      1      0      5      4      1      0      0      0      0      0      0      0      0      0      0      0      0      0      0
      0      0      0      0      0      0      0      0      0      0      0      0      0      0      0      0      0      0      0      0      1      0      0      0      2      0      0      0      1      0      3      0      4     10     15      1      0     38      2     24      0     19     17     36     15     20     24      5     19     21     23     25     27     10     28     19     29     27      2     25     43     14      5     12     58     42     19     15      5      8     11     16     24      1      0      0      6      4      0      1      9      0      0      0      3      5      0      0      0      0      0      0      0      0      0      0      0      0      0      0
      0      0      0      0      0      0      0      0      0      0      0      0      0      7      0      0      0      0      1      0      0      1      0      9     15      1      0      2      0      6      2      8      0      9      0     10     12      8      6      0      4      0      3      6     52      6      6     10      8     42     39      2      8     22     14     10     10     15     21     12     30      5     18      5     32      6     11     23      6     11     20     14      5      9      0     12      0      4      2      0      6      2      0      2      0      4      0      0      0      0      0      0      0      0      0      0      0      0      0      0
      0      0      0      0      0      0      0      0      0      0      0      0      0      0      0      0      7      0      0      0      1      0      0      0      1      5      0      0      0      0      1      2      7      0      5      4      0      8     14     13      4      0      9     18     40      5     46     20      9     10     38     24     18     23     11     27      9      8     10     21     13     14     14      6     16      3     12     16      6      3     12     17      2      5      4      0      1      0      8      3      0      1      0      6      1      0      0      0      0      0      0      0      4      0      0      0      0      3      0      0
      0      0      0      0      0      0      0      0      0      0      1      0      0      0      0      0      0      0      0      0      0      0      0      0      0      0      0      4      0      0      0      1      3      0      5      1      5      7      1     11     18      9      9     20      9     13     11     31     12     22     19      6     24     15      7     17     34      3     27     28     11      5      3     34      4      4      0      1      3     16     12      4      5      6      5      0      7      0      0      5      0      4      0      0      0      0      0      1      0      0      0      0      0      0      0      0      0      1      0      0
      0      0      0      0      0      0      0      0      0      0      0      0      0      0      0      0      0      0      0      0      0      0      0      0      0      0      0      0      0      0     11      0     16      6      0      3      2     13      2      0      8      6     18     10      6     18      9      6      7     31     14      9      8      9      0     14      6     33      1     15      4     12      2      0      3      0     21      4      2      2      1     24      0      5      0      0      6      9      0      4      0      0      0      2      0      0      0      0      0      0      0      0      0      0      0      0      0      0      0      0
      0      0      0      0      0      0      0      0      0      0      0      0      0      0      0      0      0      0      0      0      0      1      0      0      0      0      0      0      0      9     12      2      0      0      2      0      1      1      1      0      8      6      0      6     17      0     11      5      6     16      7     11      5     15     31      3     37     21      5      3      3      2     24      1     14     24     11     18      0      1      0      0      1      0      5      8      7      6      6      0      0      1      0      3      1      0      0      0      1      7      4      0      0      0      0      0      0      0      0      0
      0      0      0      0      0      0      0      0      0      0      0      0      0      0      0      0      0      0      0      0      0      2      0      0      0      0      1     19      0      0      0      1      0      0      2      0      3      7      5     14      7      0      0      2     11      0      2      3     10      3      7      8     13      4      0     10     16      5     13     14      8     18     15      3     12      8      2      8      2      7      9      2      6      1      6      0      3      1      0      2      0      2      8      0      0      0      0      0      0      0      0      0      0      0      0      2      0      0      0      0
      0      0      0      0      0      0      0      0      0      0      0      0      0      0      0      0      0      0      0      0      0      0      0      0      0      0      0      0      0      0      1      0      8      0      3      0      0      1      0      0      1      4      6     11     17     25     10      3      9      7     26      3      0      9     13      2      0      0      0     17      0      1      0      1      0      4     10      0      6      0      0      1     11      0      0     11      2      0      0      0      0      2      0      0      0      0      0      6      3      0      0      0      0      2      0      0      0      0      0      0
      0      0      0      0      0      0      0      0      0      0      0      0      0      0      0      0      0      0      4      0      0      0      0      0      0      0      0      2      2      5      0      0      3      0      0      0     15      0      0      0      0      0      6      1      5      9      7      0      2      4      1     13      1      0      0      2      6     12      4     10      0     29      5     13      2      5      4      5      0      0      4      7      0      0      5      0      0      1      0      0      0      0      7      0      0      0      0      0      0      0      0      0      0      0      0      0      0      0      0      0
      0      0      0      0      0      0      0      0      0      0      0      0      0      0      0      0      0      0      0      0      0      0      3      0      0      0      0      0      0      0      0      0      0      4      1      0      3      0     10      6      4      3      0      0      5      0      4      7      6      0      1     12      8      4      8      0      1     12      2      2      4      2      6      0      3      6      2      0     11      0      6      0      0      0      1      0      7      1      7      0      0      0      0      0      4      0      0      0      0      0      0      0      0      0      0      0      0      0      0      0
      0      0      0      0      0      0      0      0      0      0      0      0      0      0      0      0      0      0      0      0      0      0      0      0      0      1      0      0      4      0      0      0      4      0      0      0      0      1      1      0      0      0      0      3      0      0      5      0      0      3      0      0      4      0      2      5      9      0      0      1      0      3      0      0      6      0      0      3      0      2      2      1      0      0      0      0      0      0      0      7      0      0      0      0      0      0      0      0      0      0      0      0      0      0      0      0      0      0      0      0
      0      0      0      0      0      0      0      0      0      0      0      0      0      0      0      0      0      0      0      0      0      0      0      0      0      0      0      0      0     11      0      0      8      0      0      2      0      0      0      0      1      0      4      6      0      7      0      0      0      5      0      7      0      0      3     10      0      4      4     11      2      3      1      1      2      0      1      9      1      0      0     11      2      3      0      0      0      4      0      0      0      0      1      0      0      0      0      0      0      0      0      0      0      0      0      0      0      0      0      0
      0      0      0      0      0      0      0      0      0      0      0      0      0      0      0      0      0      0      0      0      0      0      0      0      0      0      0      0      0      0      0      0      0      0      0      0      2      0      1      1      0      0      2      3      0      0      0      3      3      0      0      6      4      0      2     12      0      0      0      0      0      3      3      0      0      0      1      4      1      6      0      0      2      1     10     13      0      0      0      0      0      0      0      0      0      0      0      0      0      0      0      0      0      0      0      0      0      0      0      0
      0      0      0      0      0      0      0      0      0      0      0      0      0      0      0      0      0      0      0      0      0      0      0      0      0      0      0      0      0      0      0      0      0      0      0      1      0      0      8      0      7      0      3      0      1      0      1      0      0      0      0      2      4      0      4      2      1      0      6      0      0      0     17      1      0      3      0      0      0      0      0      0      0      0      0      0      0      0      0      0      0      0      4      0      0      0      0      0      0      0      0      0      0      0      0      0      0      0      0      0
      0      0      0      0      0      0      0      0      0      0      0      0      0      0      0      7      0      0      0      0      0      0      0      0      0      0      0      0      0      0      0      0      0      0      0      0      0      0      0      0      0      0      2      0      0      0      0      0      0      0      1      2      0      0      1      1      0      0      0      0      3      3      0      0      1      0      1      0      1      0      0      0      0      0      0      0      5      0      0      1      0      0      0      0      0      0      0      0      0      0      0      0      0      0      0      0      0      0      0      0
      0      0      0      0      0      0      0      0      0      0      0      0      0      0      0      0      0      0      0      0      0      0      0      0      0      0      0      0      0      0      0      0      0      0      0      0      0      0      0      0      0      0      1      1      3      0      0      0      0      0      0      0      0      0      4      0      0      0      5      0      0      0      1      1      0      0      4      4      0      0      0      0      0      0      1      0      0      0      0      0      0      0      0      0      0      0      1      0      0      0      0      0      0      0      0      0      0      0      0      0
      0      0      0      0      0      0      0      0      0      0      0      0      0      0      0      0      0      0      0      0      0      0      0      0      0      0      0      0      0      0      0      0      0      0      0      0      0      0      0      0      0      0      0      1      0      1      0      0      0      1      3      0      0      0      0      1      0      1      0      2      0      4      0      0      0      0      4      5      0      5      0      0      3      0      0      1      0      0      0      0      0      0      0      0      0      0      0      0      4      0      0      0      0      0      0      0      0      0      0      0
      0      0      0      0      0      0      0      0      0      0      0      0      0      0      0      0      0      0      0      0      0      0      0      0      0      0      0      0      0      0      0      0      0      0      0      0      0      0      0      0      0      0      0      0      0      1      0      0      0      1      0      0      0      0      0      0      1      0      0      0      0      0      4      3      0      0      0      0      0      0      4      0      0      0      1      0      0      0      0      1      0      0      0      0      0      0      0      0      0      0      0      0      0      0      0      0      0      0      0      0
      0      0      0      0      0      0      0      0      0      0      0      0      0      0      0      0      0      0      0      0      0      0      0      0      0      0      0      0      0      0      0      0      0      0      0      0      0      0      0      2      0      0      0      2      0      0      0      0      0      0      0      0      0      0      0      1      0      0      0      7      4      0      0      0      2      0      0      4      0      0      1      0      0      0      0      0      0      0      0      0      0      0      0      4      0      0      0      0      0      0      0      0      0      0      0      0      0      0      0      0
      0      0      0      0      0      0      0      0      0      0      0      0      0      0      0      0      0      0      0      0      0      0      0      0      0      0      0      0      0      0      0      0      0      0      0      0      0      0      0      0      0      0      0      0      5      0      0      0      0      0      0      0      0      4      0      0      0      0      0      0      0      3      0      3      0      0      0      0      0      2      0      0      9      0      0      4      0      0      0      0      0      0      0      0      0      0      0      0      0      0      0      0      0      0      0      0      0      0      0      0
      0      0      0      0      0      0      0      0      0      0      0      0      0      0      0      0      0      0      0      0      0      0      0      0      0      0      0      0      0      0      0      0      0      0      6      0      0      0      0      0      0      0      0      0      4      0      0      0      2      0      0      0      0      0      0      0      0      0      0      0      0      0      0      0      0      0      4      0      0      0      0      0      1      0      0      0      0      0      0      0      0      0      0      0      0      0      0      0      0      0      0      0      0      0      0      0      0      0      0      0
      0      0      0      0      0      0      0      0      0      0      0      0      0      0      0      0      0      0      0      0      0      0      0      0      0      0      0      0      0      0      0      0      0      0      0      0      0      1      0      0      2      0      0      0      0      0      0      0      0      0      0      0      0      0      0      0      0      0      0      0      1      0      0      0      0      0      0      0      1      1      0      0      0      0      0      0      0      0      0      0      0      0      0      1      0      0      0      0      0      0      0      0      0      0      0      0      0      0      0      0
      0      0      0      0      0      0      0      0      0      0      0      0      0      0      0      0      0      0      0      0      0      0      0      0      0      0      0      0      0      0      0      0      0      0      0      0      0      0      0      0      0      0      0      0      0      0      0      0      0      0      0      0      0      0      0      0      0      0      0      0      0      0      0      0      0      0      0      0      0      0      0      0      0      0      0      0      0      0      0      0      0      0      0      0      0      0      0      0      0      0      0      0      0      0      0      0      0      0      0      0
      0      0      0      0      0      0      0      0      0      0      0      0      0      0      0      0      0      0      0      0      0      0      0      0      0      0      0      0      0      0      0      0      0      0      0      0      0      0      0      0      0      0      0      0      0      0      0      0      0      0      0      0      0      0      0      0      0      0      0      0      0      0      0      0      0      0      0      0      0      0      0      0      0      0      0      0      0      0      0      0      0      0      0      0      0      0      0      0      0      0      0      0      0      0      0      0      0      0      0      0
      0      0      0      0      0      0      0      0      0      0      0      0      0      0      0      0      0      0      0      0      0      0      0      0      0      0      0      0      0      0      0      0      0      0      0      0      0      0      0      0      0      0      0      0      0      0      0      0      0      0      0      0      0      0      0      0      0      0      0      0      0      0      0      0      0      0      0      0      0      0      0      0      0      0      0      0      0      0      0      0      0      0      0      0      0      0      0      0      0      0      0      0      0      0      0      0      0      0      0      0
      0      0      0      0      0      0      0      0      0      0      0      0      0      0      0      0      0      0      0      0      0      0      0      0      0      0      0      0      0      0      0      0      0      0      0      0      0      0      0      0      0      0      0      0      0      0      0      0      0      0      0      0      0      0      0      0      5      0      0      0      0      0      0      0      0      0      0      0      0      0      0      0      0      0      0      0      0      0      0      0      0      0      0      0      0      0      0      0      0      0      0      0      0      0      0      0      0      0      0      0
      0      0      0      0      0      0      0      0      0      0      0      0      0      0      0      0      0      0      0      0      0      0      0      0      0      0      0      0      0      0      0      0      0      0      0      0      0      0      0      0      0      0      0      0      0      0      0      0      0      0      0      0      0      0      0      0      0      0      0      0      0      0      0      0      0      0      0      0      0      0      0      0      0      0      0      0      0      0      0      0      0      0      0      0      0      0      0      0      0      0      0      0      0      0      0      0      0      0      0      0
      0      0      0      0      0      0      0      0      0      0      0      0      0      0      0      0      0      0      0      0      0      0      0      0      0      0      0      0      0      0      0      0      0      0      0      0      0      0      0      0      0      0      0      0      0      0      0      0      0      6      0      0      0      0      0      0      0      0      0      0      0      0      0      0      0      0      0      0      0      0      0      0      0      0      0      0      0      0      0      0      3      0      0      0      0      0      0      0      0      0      0      0      0      0      0      0      0      0      0      0
      0      0      0      0      0      0      0      0      0      0      0      0      0      0      0      0      0      0      0      0      0      0      0      0      0      0      0      0      0      0      0      0      0      0      0      0      0      0      0      0      0      0      0      0      0      0      0      0      0      0      0      0      0      0      0      0      0      0      0      0      0      0      0      0      0      0      0      0      0      0      1      0      0      0      0      0      0      0      0      0      0      0      0      0      0      0      0      0      0      0      0      0      0      0      0      0      0      0      0      0
      0      0      0      0      0      0      0      0      0      0      0      0      0      0      0      0      0      0      0      0      0      0      0      0      0      0      0      0      0      0      0      0      0      0      0      0      0      0      0      0      0      0      0      0      0      0      0      0      0      0      0      0      0      0      0      0      0      0      0      0      0      0      0      0      0      0      0      0      0      0      0      0      0      0      0      0      0      0      0      0      0      0      0      0      0      0      0      0      0      0      0      0      0      0      0      0      0      0      0      0
