\ 
\ Covariance Function Histogram Table
\ 
\ X Parameter: Metallicity
\ X Abbrev   : FeH
\ X Units    : none
\ X Items    : 100         
\ 
\ Y Parameter: Time of Periastron
\ Y Abbrev   : TP
\ Y Units    : BJD
\ Y Items    : 99          
\ 
|col000|col001|col002|col003|col004|col005|col006|col007|col008|col009|col010|col011|col012|col013|col014|col015|col016|col017|col018|col019|col020|col021|col022|col023|col024|col025|col026|col027|col028|col029|col030|col031|col032|col033|col034|col035|col036|col037|col038|col039|col040|col041|col042|col043|col044|col045|col046|col047|col048|col049|col050|col051|col052|col053|col054|col055|col056|col057|col058|col059|col060|col061|col062|col063|col064|col065|col066|col067|col068|col069|col070|col071|col072|col073|col074|col075|col076|col077|col078|col079|col080|col081|col082|col083|col084|col085|col086|col087|col088|col089|col090|col091|col092|col093|col094|col095|col096|col097|col098|
|int   |int   |int   |int   |int   |int   |int   |int   |int   |int   |int   |int   |int   |int   |int   |int   |int   |int   |int   |int   |int   |int   |int   |int   |int   |int   |int   |int   |int   |int   |int   |int   |int   |int   |int   |int   |int   |int   |int   |int   |int   |int   |int   |int   |int   |int   |int   |int   |int   |int   |int   |int   |int   |int   |int   |int   |int   |int   |int   |int   |int   |int   |int   |int   |int   |int   |int   |int   |int   |int   |int   |int   |int   |int   |int   |int   |int   |int   |int   |int   |int   |int   |int   |int   |int   |int   |int   |int   |int   |int   |int   |int   |int   |int   |int   |int   |int   |int   |int   |
      0      0      0      0      0      0      0      0      0      0      0      0      0      0      0      0      0      0      0      0      0      0      0      0      0      0      0      0      0      0      0      0      0      0      0      0      0      0      0      0      0      0      0      0      0      0      0      0      0      0      0      0      0      0      0      0      0      0      0      0      0      0      0      0      0      0      0      0      0      0      0      0      0      0      0      0      0      0      0      0      0      0      0      0      0      0      0      0      0      0      0      0      0      0      0      0      0      0      0
      0      0      0      0      0      0      0      0      0      0      0      0      0      0      0      0      0      0      0      0      0      0      0      0      0      0      0      0      0      0      0      0      0      0      0      0      0      0      0      0      0      0      0      0      0      0      0      0      0      0      0      0      0      0      0      0      0      0      0      0      0      0      0      0      0      0      0      0      0      0      0      0      0      0      0      0      0      0      0      0      0      0      0      0      0      0      0      0      0      0      0      0      0      0      0      0      0      0      0
      0      0      0      0      0      0      0      0      0      0      0      0      0      0      0      0      0      0      0      0      0      0      0      0      0      0      0      0      0      0      0      0      0      0      0      0      0      0      0      0      0      0      0      0      0      0      0      0      0      0      0      0      0      0      0      0      0      0      0      0      0      0      0      0      0      0      0      0      0      0      0      0      0      0      0      0      0      0      0      0      0      0      0      0      0      0      0      0      0      0      0      0      0      0      0      0      0      0      0
      0      0      0      0      0      0      0      0      0      0      0      0      0      0      0      0      0      0      0      0      0      0      0      0      0      0      0      0      0      0      0      0      0      0      0      0      0      0      0      0      0      0      0      0      0      0      0      0      0      0      0      0      0      0      0      0      0      0      0      0      0      0      0      0      0      0      0      0      0      0      0      0      0      0      0      0      0      0      0      0      0      0      0      0      0      0      0      0      0      0      0      0      0      0      0      0      0      0      0
      0      0      0      0      0      0      0      0      0      0      0      0      0      0      0      0      0      0      0      0      0      0      0      0      0      0      0      0      0      0      0      0      0      0      0      0      0      0      0      0      0      0      0      0      0      0      0      0      0      0      0      5      0      0      0      0      0      0      0      0      0      0      0      0      0      0      1      0      0      0      0      0      0      0      0      0      0      0      0      0      0      0      0      0      0      0      0      0      0      0      0      0      0      0      0      0      0      0      0
      0      0      0      0      0      0      0      0      0      0      0      0      0      0      0      0      0      0      0      0      0      0      0      0      0      0      0      0      0      0      0      0      0      0      0      0      0      0      0      0      0      0      0      0      0      0      0      0      0      0      0      0      0      0      0      0      0      0      0      0      0      0      0      0      0      0      0      0      0      0      6      0      0      0      0      2      0      0      0      0      0      0      0      0      0      0      0      0      0      0      0      0      0      0      0      0      0      0      0
      0      0      0      0      0      0      0      0      0      0      0      0      0      0      0      0      0      0      0      0      0      0      0      0      0      0      0      0      0      0      0      0      0      0      0      0      0      0      0      0      0      0      0      0      0      0      0      0      0      0      0      0      0      0      0      0      0      0      0      0      0      0      0      0      0      0      2      0      0      0      0      0      0      0      0      0      0      0      0      0      0      0      0      0      0      0      0      0      0      0      0      0      0      0      0      0      0      0      0
      0      0      0      0      0      0      0      0      0      0      0      0      0      0      0      0      0      0      0      0      0      0      0      0      0      0      0      0      0      0      0      0      0      0      0      0      0      0      0      0      0      0      0      0      0      0      0      0      0      0      1      0      0      0      0      0      0      0      0      0      0      0      5      0      0      0      0      0      0      0      0      0      0      0      0      0      0      0      0      0      0      0      0      0      0      0      0      0      0      0      0      0      0      0      0      0      0      0      0
      0      0      0      0      0      0      0      0      0      0      0      0      0      0      0      0      0      0      0      0      0      0      0      0      0      0      0      0      0      0      0      0      0      0      0      0      0      0      0      0      0      0      0      0      4      0      0      4      0      0      0      0      0      0      0      0      0      0      0      0      0      0      0      0      0      0      0      2      0      0      0      0      0      0      0      0      0      0      0      0      0      0      0      0      0      0      0      0      0      0      0      0      0      0      0      0      0      0      0
      0      0      0      0      0      0      0      0      0      0      0      0      0      0      0      0      0      0      0      0      0      0      0      0      0      0      0      0      0      0      0      0      0      0      0      1      0      0      0      5      0      0      0      0      0      0      0      0      0     12      0      4      0      0      0      0      0      0      0      0      0      1      0      0      0      0      0      0      0      0      2      0      0      0      0      0      0      0      0      0      0      0      0      0      0      0      0      0      0      0      0      0      0      0      0      0      0      0      0
      0      0      0      0      0      0      0      0      0      0      0      0      0      0      0      0      0      0      0      0      0      0      0      0      0      0      0      0      0      0      2      0      0      0      0      0      0      0      0      8      0      0      0      7      0      0      2      0      0      0      0      0      0      0      3      0      0      0      0      0      0      0      0      0      0      0      0      4      0      0      0      0      0      0      0      0      0      0      0      0      0      0      0      0      0      0      0      0      0      0      0      0      0      0      0      0      0      0      0
      0      0      0      0      0      0      0      0      0      0      0      0      0      0      0      0      0      0      0      0      0      0      0      0      0      0      0      0      0      0      0      6      0      0      0      0      0      0      2      0      0      0      0      0      0      0      0      0      0      0      0      0      2      0      0      0      0      0      0      0      0      0      0      0      0      0      0      0      0      0      0      0      0      0      0      0      0      0      0      0      0      0      0      0      0      0      0      0      0      0      0      0      0      0      0      0      0      0      0
      0      0      0      0      0      0      0      0      0      0      0      0      0      0      0      0      0      0      0      0      0      0      0      0      0      0      0      0      0      0      0      0      0      0      0      0     14      0      5      3      0      4      1      0      0      0      0      0      0      0      0      1      0      0      0      0      0      3      0      0      0      0      0      0      0      0      0      0      0      0      0      0      0      0      0      0      0      0      0      0      0      0      0      0      0      0      0      0      0      0      0      0      0      0      0      0      0      0      0
      0      0      0      0      0      0      0      0      0      0      0      0      0      0      0      0      0      0      0      0      0      0      0      0      0      0      0      0      0      0      0      0      0      0      0      0      0      0      0      0      0      0      0      0      0      0      0      0      1      7      0      0      0      2      0      0      0      0      0      0      1      0      0      0      0      0      0      0      0      0      0      0      0      3      0      0      0      0      0      0      0      0      0      0      0      0      0      0      0      0      0      0      0      0      0      0      0      0      0
      0      0      0      0      0      0      0      0      0      0      0      0      0      0      0      0      0      0      0      0      0      0      0      0      0      0      0      0      0      0      0      0      0      0      2      0      0      0      0      3      0      0      7      1      6      0      0      0      0      0      0      0      0      9      0      0      0      0      3      0      0      5      7      0      0      0      0      2      0      0      0      0      0      0      0      6      0      0      0      4      0      0      0      0      0      0      0      0      0      0      0      0      0      0      0      0      0      0      0
      0      0      0      0      0      0      0      0      0      0      0      0      0      0      0      0      0      0      0      0      0      0      1      0      0      0      0      2      0      0      0      0      0      0      0      4      0      0      0      0      0      0      0      0      0      7      0      4      0      0      0      0      3      2      0     13      3      0      1      1      0      0     14      0      2      0      8      1      0      0      0      0      0      0      0      0      0      4      0      0      0      0      0      0      0      0      0      0      0      0      0      0      0      0      0      0      0      0      0
      0      0      0      0      0      0      0      0      0      0      0      0      0      0      0      0      0      0      0      0      0      0      0      0      0      0      0      0      0      0      0      0      0      3      0      0      0      0     14      2     12      0      0      0      7      0      6      0      7      3      2     20      1      0      0      8      0      0      0      0      8      0      0      0      5      2      0      0      0      1      0      0      0      0      0      0      0      0      0      0      0      6      0      1      0      0      0      0      0      0      0      0      0      0      0      0      0      0      0
      0      0      0      0      0      0      0      0      0      0      0      0      0      0      0      0      0      0      0      0      0      0      0      0      0      2      0      0      0      0      0      0      0      4      5      0      4      0      0      0      5      0      0      0      1      0      0      0      0      3      2      2      6      0      2     12      0      1      3      0      0      0      2      0      4      3      0      0      0      0      0      7      0      0      3      0      0      0      0      2      0      0      0      0      0      0      0      0      0      0      0      0      0      0      0      0      0      0      0
      0      0      0      0      0      0      0      0      0      0      0      0      0      0      0      0      0      0      0      0      0      0      0      0      0      0      0      0      0      0      0      0      0      0      5      0      3      5      0      6      0      0      0      6      0      5      0      0      0      0      2     11      4      0      0      1      5      0      1      1      0      1      4      1      3      0      6      0      0      0      0      3      0      0      0      2      0      0      0      0      0      0      0      0      0      0      0      0      0      0      0      0      0      0      0      0      0      0      0
      0      0      0      0      0      0      0      0      0      0      0      0      0      0      0      0      0      0      0      0      0      0      0      0      0      0      0      4      0      2      0      0      0      0      0      0      0      3     12      0      2      2      3      4     46      0      4      7      0     24      0      0      2      5      2      2      3      8      0      0      5      0      1      0      0      0      0      0      0      2      0      0      0      3      0      0      0      0      0      0      0      0      0      0      0      0      0      0      0      0      0      0      0      0      0      0      0      0      0
      0      0      0      0      0      0      0      0      0      0      0      0      0      0      0      0      0      0      0      0      0      0      0      0      0      0      1      0      1      0      0      0      0      0      1      3      0      0      0      5      9     19      4      3      1     10      0      1      5      0     20      1      0     12      2      2      3     14      1      4      0     16     10      0      0      0      0      3      0      0      2      0      0      0      0      0      0      0      0      0      0      0      0      0      1      7      0      0      0      0      0      0      0      0      0      0      0      0      0
      0      0      0      0      0      0      0      0      0      0      0      0      0      0      0      0      0      0      0      0      0      0      0      0      0      3      0      0      7      0      0      1      0      0      2      7      0      0      3      0      0      0      4      1     17      0      5      0     13      1      4      4      1     16      2      3      4      3      1      7      0     14      2      2     27      0      0      0      0      0     10      0      0      0      0      0      0      0      0      0      0      0      0      0      0      0      0      0      0      0      0      0      0      0      0      0      0      0      0
      0      0      0      0      0      0      0      0      0      0      0      0      0      0      0      0      0      0      0      0      0      1      0      0      0      3      0      0      0      0      0      3      0      0      8      0      5      3      1      0      6      0      7      0      1     10      0      9      0     11     14     16     10      7      3     39      3      1     21      4     20      0      9     18      8      1      7      3      0      1      1      0      0      0      0      0      0      1      0      0      0      0      0      0      0      0      0      0      0      0      0      0      0      0      0      0      0      0      0
      0      0      0      0      0      0      0      0      0      0      0      0      0      0      0      0      0      0      0      0      2      0      0      0      0      0      2      0      2      0      0      0      0     13      3      6      1     20      5     16      9      5     10      2     17      5      4      3      1      9      2      0      3     13     17      2      7      4      0      0      0      5      0      5     10     11      3      1      5      1      0      0      0      4      0      3      1      0      6      0      0      0      0      0      0      0      0      0      0      0      0      0      0      0      0      0      0      0      0
      0      0      0      0      0      0      0      0      0      0      0      0      0      0      0      0      0      0      0      0      0      0      0      0      0      0      1      0      0      0      6      0      7      2      5      5      2      0      8      0      1      0      2      5      3      0     14      5      2      2      7     26     14     36      8     41      8      7      3     11      4     10     11      2      0      3      6      1      4      0      1      6      9      0      0      0      0      0      2      1      0      0      0      0      0      0      0      0      0      0      0      0      0      0      0      0      0      0      0
      0      0      0      0      0      0      0      0      0      0      0      0      0      0      0      0      0      0      3      1      0      0      0      0      0      1      1      0      0      6      3      6      0      0      3     18     10      1      0      5      8     15      0     18      1     10      3      0     26     35      4     11     11     31     13      6     10      1      4      7      0      5     15     16      2     28      0      3     14      2      1      0      0      0      0      0      1      0      0      0      0      0      0      0      0      0      0      0      0      0      0      0      0      0      0      0      0      0      0
      0      0      0      0      0      0      0      0      0      0      0      0      0      0      0      0      0      0      0      0      0      0      0      0      7      0      0      3      3      0      1      2      4      1      0      5      9      6     17      5      9     27      6     10     10     11     11      1      3     27      9     14     12     29     16     19      4      0      6     21     23     17     10      7     11      7      2      4      8      6      6     13     10      0      4      9      0      0      3      0      0      0      0      0      0      0      0      0      0      0      0      0      0      0      0      0      0      0      0
      0      0      0      0      0      0      0      0      0      0      0      0      0      0      0      0      0      0      0      3      0      1      0      0      1      0      0      1      0      0      0      0      0      4      3      1     10      0      0      1      4      4     21     25     22     32     10     31      2     17      6     14      3     29     29      3      4      9     20     25     17      4      8     10     25     13      6      6      2      0      3      7      0      4      0      0      2      0      0      0      0     22      0      0      0      0      0      0      0      0      0      0      0      4      0      0      0      0      0
      0      0      0      0      0      0      1      0      0      5      0      0      0      0      1      0      0      0      0      2      0      0      1      0      1      0      0      0      2      0      0      3      2     12     38     28      5      6     20     23      7      4     34     14      1      9     29      3      4     22      8      9      5     27     37     19     16     13     12     16     25     19     14     21      7      1      3     13     19      0      3      0      7     13      5      3      8      0      0      8      0      0      0      0      0      3      0      0      0      0      0      0      0      0      0      0      0      0      0
      0      0      0      0      0      0      0      0      0      0      0      0      5      0      0      0      0      0      0      0      0      0      0      1      0      9      0      3      0      0      6      1      5     13      2      3     12     15     16     22     24     19     23     22     11     21     11     21     34     25     12      4     76      1     33     32     17     27     29     11     10      6     20     14      9     19      1     16     12      1      1     10      1      3      0      3     21      1      0      0      4      0      0      0      0      0      0      0      0      0      0      0      0      0      0      0      0      0      0
      0      0      0      0      1      0      0      0      0      0      0      0      0      1      0      3      0      0      0      0      0     11      0      0      3      0      5      1      9      6      4      7      0      0     13     11      3     28     17     15     14     28     22      6     32     16     19     28     51     33     13     37     70     42     56     38     39     16     19     25     10     31     15     23     17     10      6      0     15     10     10      1      5      0      0      0      0      0      0      6      5      0      0      0      0      0      0      0      0      0      0      0      0      0      0      0      0      0      0
      0      0      0      0      0      0      0      0      0      0      3      0      8      0      0      2      0      0      2      2      0      5      0      0      2      0      0      0      6      8      1     13      6      0     14     16      7     13     13     25     28     12     27     18     23     29     15      7     40     73     31     19     74     18      7     20     32     49     27     20     19     36     21      0     15     25     14      9      9      3      4      6     25      7     15      0      6      1      0      0      0      0      2      0      0      2      0      0      0      0      0      0      0      0      0      0      0      0      0
      0      0      0      0      0      0      0      0      0      0      3      0      0      0      0      0      3      0      3      0      0      5      0      0      6      1      3      8      6     12     24      2     10      2      9      6      6     19     29     39     24      5      2     13     24     25     32     40     38     32     16     35     33     34     44     22     20     12     12      6     29     40     31     44     31      8      5     15     13     30      0     15      5      4      2      2      1      7      0      5     29      0      0      0      0      0      0      1      0      0      0      0      2      0      0      0      0      0      0
      0      0      3      0      0      0      7      0      0      1      0      0      3      1      4      0      0      0      0      1      0      0      1      2      0     11      8      6      6      9      5      0     25     12      4     35      4     25     32      2     23     24     31     30     32     18     37     65     72     63     53     18     35     45     51     14     42     27     29     15     27     15      5     24     14      8     12     15      3      7      0      7     10      0     13      2      6      4      4      3      0      0      0      0      0      0      0      0      0      0      0      0      0      0      0      0      0      0      0
      0      0      0      0      0      0      0     17      0      0      0      0      0      4      0      0      0      4      0     14     12      1      0      0      0      3      2      8     15      0      4      3     39      6     41      2      8     23     30     19     19     12     30     13     14     59     37     10     56     38     44     25     30     63     39     36     35     36     14     17     27     19     37     56     31     23     14     19      8     13     10      2      3      2     24      5      5      0      0      6      0      0      0      0      0      0      0      1      0      0      0      0      0      0      0      0      0      0      0
      8      0      0      0      0      0      2      0      0      0      0      1      1     11      0      0      1      0      0     10      1      0      0      2      9      9      2     14      8      6     11      9     13     24     20     18     40     48     15      8     11     40     29     27     34     46     37     63     41     79     50     63     73     62     45     58     28     45     28     47     51     18     26     28     15     11     12     11     11     13      3     15     14      0      5      0      2      7      3      3      4      0      0      0      0      0      0      0      0      0      0      0      0      0      0      0      0      0      0
      0      0      0      0      2      0      0     13      2     12      0      0      0      0      0      0      0      1      1      0      0      0     11      1      4      0      0      4     13      7     22     14     18      7     24      6     41     26     29     42     14     26     54     41     43     39     29     40     47     52     43     47     34     25     44     63     61     31     62     44     40     19     74      5     27     40     29      4     35     55     19      5     26     13     23     10      2      1      0      7      0      4      2      8      0      0      0      0      0      0      0      0      0      0      0      0      0      0      0
      0      0      2      0     13      0      0      0      0      2      1      0      0      7      0      0      0      5      0     11      0      0      7     12      0      3     20     11     33     16     10     21     26     24      5     35      8     44     16     48     55     44     39     44     42     57     48     76     49     76     59     55     67     37     45     33     47     27     26     55     25     53     36     10     36     31     14      2     26     32     14      8     11     44      3      0     10      1      2      0      0      0      3      0      2      0      0      0      1      0      5      0      0      0      0      0      0      0      0
      0      0      0      0      0      0      0      1      0      0      0      0      6      0      0      0      5      8      0      0      1      6     10      4      2      5      2      8     19      5      9      9     24     14     19     62     12     18     40     13     27     53     38     19     39     76     51     34     74     32     54     24     47     75     51     73     37     82     75     62     40     31     72     53     16     26     23     18      8     28      3     32      3      1     22      8      1      0      2      0      1      0      0      0      9      2      0      0      0      0      0      0      0      0      0      0      0      0      0
      0      0      0      0      0      0      0      0      0      0      0      0      7     12      0      2      1      4      1      0      4      0      0      0      0      0     22      9     13     13     13      8     16     23     17     26     18     20     86     28     39    105     95     47     44     86     56     73     72     32     72     75     80     59     78     38     63     22     22     48     41     21     51     20     19     34     28     13     18     22     12     14      2      3     12     10      0      1     13      1      0      0      4      0      2      4      0      0      0      0      0      0      0      0      0      0      0      0      0
      0      0      0      0      0      2      0      0      0      0      0     11      0      0      0      0      0      2      6      0     16      2      6      9      7      1     16     10     20     16     12      7      4     37     40     54     16     59     17     64     71     52     53     27     58    100     56     65     78    116     83     79     37     80     34    121     78     66     44     80     36     23     73     66     52     13     34     12     12     24     19      7     15     18      4     16      9      3      0      2      2      0      0      0      5      7      0      0      0      0      0      0     13      0      0      0      0      7      0
      0      3      0      0      2      0      0      0      0      0      7      3      8      0      1      0      0      0      0      3      0      4     10      0      3      8      9      7     28     16     31     15      8     30      6     31     41     30     51     67     45     35     47     76     47     40     47     32     66     45     68     70     65     66     62     81     58     84     62     37     64     30     25     49     30     43     20     21     11      3     15     14     11      4      2     21      6      9     11      0      0      1      0      0      2      0      0      0      4      0      6      0      0      0      0      0      0      0      0
      2      0      0      0      0      6      0     14      0      0      0      0      0      8      4     10      0      4      8      3      2      7     14      4      2      2     26      9      7      1     19     12     30     11     16      9     55     60     46     11     48     76     22     52     60     59     88     83     78     49     53     79     92     62     55     65     45     48     67     91     31     48     85     30     38     31     33     34     20     12     41      7      7      2      9     14      4      2     12      9      0      0     11      0      4      0      0      0      3      0      0      0      0      0      0      0      0      0      0
      0      0      0      2      0      0      0      0      0      0      2      0      1      0      1      0      1      1      7      4      6     11      3      9      4      6     18     11      6     16     20     25     31     20      7     27     28     20     32     75     47     92     41     78     98     87     77     89     67     93    112     38     89     64     54     69     68     40     70     88     39     55     61     60     82     39     22     43     10     35     35      8     17     15     11      6      3      7      1      6      8      0      3      0      0      0      0      7      2      0      0      0      0      0      0      0      0      0      0
      0      0      2      0      0      0      0      0      0      8      4      5     11     16      0      0      0      0     19      1      0      5      7     16     11      1     15     12     11     15     26     36     13     17     27     48     30     43     42     43     29     78     37     74     91     61     89    101    100     70     75     89     75     31     90     98    103     76     64     52     35     66     72     52     46     14     41      9     15     33     37     26     11      0     14     27     16      5      4      5      0     12      2     11      0      0      2      0      0      0      0      0      0      0      0      0      0      0      0
      0      0      0      0      0      0      0      3      2      0      0      3      0      0      6      0      9      1      2      0      6      0     13     22      1      0     17     16     31     13     33     23     27     26     25     55     24     31     61     31     38     92     55     70     65     49    116    111    137    122     98     77     81     60     74     85     64     91    112     64     67     39     34     35     42     41     35     15     14     11     20     22      4     12      1     10     13      3      3      7      0      1      0      6      0      2      0      0      3      0      4      0      0      0      0      0      1      0      0
      0      0     13      0      2      0      0      0      1      0      0      0      0      1      0      0      3      0      3      0      3      6      3     13      4     17     10      7      6     38     11     32      8      7     27     15     60     60     52     42     82     39     38    101    106     41     31     53     81     68     83    124     77    109     86     32     93    105     60     52     62     40     76     39     40     23     48     37     10     57     33     41      9     21     13      5      1     15      0      5      0      0      0      0      0      0     10      0      0      0      0      0      0      0      0      0      0      0      0
      0      0      0      0      0      0      0      5      0      1      0      2      0      2      0      2     15      5      4      0      9     10      4      3     16     11     10      3     18     12      8     11     19     20     38     15     34     55     25     68     85     40     89     78     99     46     95     83     50     77    106     65     79     82     79    124     80    113    169     79     79     61     97     78     42     32     42     41     41     30     44     14      4     28      7      1      1      4     14      8      0     15      4      0      0      3      0      0      5      0      7      5      3      0      1      0      0      0      0
      0      0      0      0      0      0      0      0      0      0      0      2     13      4      1      8      6      0      6      4      5      1      7     12     19     22     18     22     17     47     23      8      6     37     42     32     49     12     43     65     59     82     64     44    108     62    121    109     87    106     79    114     58    115     54    131     60     43     57     51     61     81     91     33     44     68     10     20     28     26     14      6     13      9     33      4     11      5      5      3      3      2      0      0      0      0      0      0      1      1      0      9      4      0      0      0      0      4      0
      2      0      6      0      0      2      3      0      1      0      8      7      8      3      0      1      0      3      0      0      0      8      5     18     12      6     18      6     38     22     29     16     23     27     14     65     71     36     95     54     55     72     64     57    110     44    116     52    122     88     93     89     92     86    103    119    105    104     70     71     43     47     40     91     45     59     46     28     46     22     49     13     29      3      8      5      6      3      4      2      3      1      3      6      2      0      0      0      0      0      0      0      0      0      0      0      0      0      0
      0      0      0      0      0      0      0      1      0      0      4      0      0      3      3      2      8      4      2      2      0     13      3     16     10      7     14     12     15     27     45     24     33     21     22     34     15     55     73     50     27     54     39    137     90     50     86     98    120    124     63    106     90    120     75     52     79     73     53     64     51     28     44     64    104     30     63     29     48     70     29     24      9     13     16     14      0     15      0      0     14      0      0     12      0     12      0      0      0      0      0      0      0      0      0      0      7      0      0
      0      0      0      0      0      0      0      9      0      0      9      0      0      3      6      8      6      6      6      0      0      3     11     12     36      2      6      4     29     16      2     39     35     38     26     34     82     33     53     20     50     94     73     77     28     70    111    131     73     71     69     45     98     86     78    119    133    100    121     58     86    135     41     59     57     57     45     37     17     30     50     21     10     14      9     10      6      8      2      0      0      2      0      4      0      0      0      0      8      0      0      4      0      0      0      0      0      0      0
      6      0      0      0      0      0      1      0      0      6      0      0      5      0      0      0      0      0      9      0      4      2      5      8     14     10     19      7     18     29      1     22     19     18     47     43     50     56     47     55     49     54     62     27     78     77     43     62    112     47     44    139    100     52     85     44     92     67     82     79     91     60     40     73     73     72     36     52     29     49      8      4     12     20      3      6     17      6      0      9     12      6     16      4      0      0      0      0      3      1      0      0      0      0      0      0      0      0      0
      0      0      0      0      0      0      0      0      0      0      2      0      0      5      0      1     13      0      6     12     16      4      0      7      3     11      8     25      9      7     36     29     16    107     42     13     53     55     51     19     50    112    100     50     83    108     97     77     63    105     79     89    106     98    139     78     86    115     47     64     76     49    104     52     68     58     64     53     11     12     36     22     34     20      5      4     10     14      0     15      3      0      1      6      0      5      0      0      0      0      0      0      0      0      0      0      1      3      0
      0      0      0      4      2      0      5      0      0      0      4      1      0      4      2      3      0      4      3     17      4     12      7      6      1     25     14     18     10      8     38     18     21     19     36     29     26     31     24     99     99     39     53     53     91     72     79     92     74    108     66    113     68     83     66    112     72    100     58     44     76     68     46     68     42     38     18     33     27      9     23     16     46     19     23     43      2      1     12      1      6      0      0      0      0      0      0      6      0      0      0      0      0      0      0      0      0      4      0
      0      0      0      1      5      4      0      0      2      0      0      0      0      1      3      0      6     15      3      0      0      0     10      3      5     11      9      5     11     29      1     10     26     24     30     34     43     32     75     42     70     38     46     62     94     74     61     97    123    132     68     89     47     72    123     85     49     34     64     64     53     51     39     51     22     31     55     51     31     20     17      5     13     10      2      9      4     13     12      5      0     11      5      9     14      2      0      2      0      0      0      5      0      0      0      0      0      1      2
      0      0      0      0      0      0      3      0      0      0      0      0      7      0      5      0      2      0      4      2      9     12      0      0      6     15      4      1     17     35     22     30     35     19     36     26     32     21     37     29     30     59     43     72     40     67    110     98     47    117     78     71     92     60    102     56    118     36    100     63     46     65     41     52     56     42     50     23     12     12     38     12     21      3      1      4      4      5     18     15      4      1     17      4      2      0      0      0      0      0      0      0      0      0      0      0      0      0      0
      4      0      0      0      0      0      1      0      0      2      0      3      0      0      0      6      3      3      0      2     16     16      5     15     11      4      4      5     30     10     27     33     34     58     41     13     69     32     69     37     61     21     67     46     55     21     93     71     54    108     81     83     66     33     56     93     73     44     73     66     56     18     27     26     47     27     20     26     25     23     14     16     11     12     24      5      3     21      3      0      7      0      4      0      0      0      0      3      0      1      0      0     17      0      0      0      0      0      0
      2      0      0      0      0      0     10      2      2      0      0      2      0      4      1      3      0      0      4      3      1      0      3     30     27     14     27     15     25     13      7     23     37     36     35     25     34     80     38     43     33     30     53     67     59     71     69     45    126    115     56     72     59     59     74     79     79     41     65     33     39     41     39     36     26     41     29     11     42     40     16     26     18     13      9     10     20     19      5      0      2      4      1      0      1      0      7      0      0      0      0      0      0      0      0      0      0      0      0
      0      0      0      0      0      0      0      3      0      0      0      0      0      0      9     18      1      5      1      1     11      4      3      4      1     15      5      8     19     26     30     38     28     57     32     58     26     55     38     86     40     87     17     49     86     38     58     50     86     80     87     82     86     47    114     98     45     60    114     35     61     50     27     63     32     33     33     35     32     12      9     11     12      3      1      8     10      8      8      0      6      2      0      5      2      0      0      0      0      0      0      0      0      0      0      0      0      0      0
      0      0      7      0      0      2      0      0      0      0      4      4      0      0      0      0      1     13      0      0      3      6     14      8      9      5     13     31     24     13     17     13     25     15     13     15     35     50     23     70     70     61     51    102     70     66     55     69     84     91     62     78     72     89     96     85     41     37     48     17     41     91     51     38     27     16     20     24     67     35     17     15      4      9     10      2      0      1      2      9      3      0      1      0      0      0      0      0      0      2      0      0      0      0      0      4      0      0      0
      0      0      0      0      0     16      0      3      0      0      6      2      0      0      0      2      4      5     12      0      0      0     10      7      8     14     11     14     20      7      8     15     21     30      9     23     35     21     40     20     46     18     43     21     22     34     46     33     99     52     25     58     41     69     44     56     27     72     35     34     55     50     13     60     13     10     20     24     28      6     15     13      4      6      4      0      0     13      2      0      1      5      0      0      5      2      0      0      4      0      0      0      1      0      0      0      0      0      0
      0      0      0      0      0      0      2      4      0      0      2      0      0      2      6      0      6      2      2      1      4      2      0     10      0      4     13     14      6      9      5     16     48     20     11     25     37     34     27     17     21     51     34     80     31     54     61     91     26     47     48     41     56     57     22     58     23     98     48     47     51     54     37     30     24     24     16     37      6     16     26      1      3     34      8      3      4     16     10     14      3      5      0      0      0      0      0      0      7      0      0      0      0      0      0      0      0      0      0
      0      1      0      7      0      0      0      0      0      1      2      8      0      2      0      8      0      3      4     10      6     18      0      9      4      7     14     19      7     19      8      1     21     20     20     24     35      7     17     38     86     29     47     24     26     27     47     79     72     56     33     20     65     19     79     95     13     39     32     30     28     19     50      0     21     33     25     41     31     23     11      8     11     11      6      2      4      0      2      1      0      0      0      0      0      4      0      0      0      0      0      0      0      0      0      0      0      0      0
      0      0      0      0      0      0      0      0      0      0      0      2      0      0      0      0      0      0      4      0     10      2      0     11      4      5     12     15      4     11      5     25     15     26     18     26     24     17     31     27     50     51     27     43     16     43     39     27     39     60     57     40     50     27     24     50     59     46     48     37     53      6     32     17     28     24     13     15     25     13      4      9      2      5      0      2      6      0      1      0      0      0      0      4      0      0      0      0      2      0      0      0      0      0      0      0      0      0      0
      0      6      0      0      0      0      0      0      6     10      0      0      0      0      0      0      0      1      5      3      0     15      7      2      3      4      0      5      3     12     11     19     15      9     13     61     15     15     14     25     32     30     19     32     45     27     23     43     39     43     61     67     24     60     36     65     54     57     54     22     47     42     13     37     19     24     16      8      9      5      3      3      7     12      0      5      1      4      0      0      0      0      1      0      1      0      1      0      5      0      0      1      0      0      0      0      1      0      0
      0      0      0      0      0      0      0      0      0      0      0      1      0      0      0      3      0      0      4      0      0      0      0      3      5      5      6     15      6     16     12     16      8     13     28     10     18     16     22     28     28     41     11     30     28     42     39     52     10     30     54     32     35     38     24      7     20     37     42     99     36     15     13     15     15      9     32     14      8     14      5     10     19      5      3      3      2      0      0      2      0      0      0      0      0      0      5      2      0      0      0      0      0      0      0      0      0      0      0
      0      0      0      0      2      0      0      0      3      0      0      0      0      0      0      1      6      0      0      0      0      6      6      3      0      6     16      0      2      0     15     16      2     17      2     36     10     27     11     24     21      6     28     12     13     52     25     27     17     51     19     35     35     28     19     35     31     24     37     18     24     24      8     11     53     31     29     15     16     10     16      3      7      5      0      6      7      3      0     12      0      2      3      0      0      0      0      0      0      0      0      0      0      1      0      0      0      0      8
      0      0      2      0      0      0      9      0      0      0      0      0      0      0      0      3      4      6      0      0      2     13      1      2      5      4      1      7     13      0      8      1      8      5      6      1     43     30      9     23     22      8      4     12     18     18     34     23     49     23     17     28      8     34     12     19     36     13     12     28     16     14     13      9     25     21      2     17      3      0     15      6      4      1      0      4      0      0      1      0      3      0      0      0      0      1      0      2      0      0      0      0      0      0      0      0      0      0      0
      0      0      0      0      0      0      0     12      0      5      0      0      0      5      0      0      2      0      0      0      0      1      1      3     10      1     18      0      5      5      6      8     31     12      8     14     31     23     14     10     21     28     32     29     30     36     20     14     13     17     35     25     13     25     27     13     14     23     31     41     45     13     27      5     17      3      5     15      2      0      5      1      6      3      7     13     13      0      0     10     11      3      0      0      0      2      0      0      0      0      0      0      0      0      0      0      0      0      0
      0      0      0      0      0      0      0      0      0      0      5      0      0      0      0      0      0      0      1      0      0      0      2      0      2      0      0      8      2      7      6      0     20      0      0      5      6     19     11     17     13      2     16     39     46     28     52     34     24     48     23     13     23      9     15     30     40     17     14     28     19     40     14     29      0      4     21      0     14      3      0      0      1      3      0      2      0      3      0      4      8      1      0      2      0      0      0      0      0      0      0      0      0      0      0      0      0      0      0
      0      0      0      0      0      1      0      0      0      0      0      0      0      2      0      0      0      0      8      0      0      0      4      0      0     20      1      2      0      0      2      7     18      7     17      4     15     23     25     16     33      6     16     24     11     11     31     41     14     44     32      6     16     13      7     17      9     14      5      6     12     14      2      0      3      7      3      5      0      2      7      1      1      0     12      5      0      2      0      0      0      0      0      0      0      0      0      0      0      2      0      0      0      0      0      0      2      0      0
      0      0      0      0      0      0      0      0      0      0      0      1      0      0      3      7      0      0      3      1      0      1      0      0      0     14      2      4      1      1      3     12     12      6     20      4     13     13     12     10     11     17     14     21     27     12     25     17     20     26     13     12     40     13     10     24     24      1      0      1     11     12      9      7      0     29     14      9      0      1      8      1      1      0      5      0      0      1      0      0      1      0      0      0      0      0      4      0      0      0      0      0      0      0      0      0      0      1      0
      0      0      0      0      0      0      0      0      0      3      0      0      0      0      0      0      0      2      0      0      0      0      0      2      7      0      0      5     14      4      8      3      1      9      4     12      3     23      3      8      4     16      2      4     24     23     18     57     12     10     34     28      2     13      7     42     22      6      8      2      7      4      3      0      6      0      5      3      8      0      0      0      0      9      0      2      0      2      0      0      0      0      0      0      0      0     11      0      0      0      0      0      0      0      0      0      0      0      0
      0      0      0      0      0      0      0      0      0      0      0      0      0      1      1      0      0      0      0      0      0      1      0      0      0      0      0      4      2      5      2      0      2      0     17      3      1      9      1      3     11     53      8      4     10     17      0     10     29      6     26      5     15     10      3     20      3     19      6     11      5      8     20      2      3      0      0      6      2      0      0      0     14      1      0      1      0      0      0      2      0      0      0      0      0      0      0      0      0      0      0      0      0      0      0      0      0      0      0
      0      0      0      0      0      0      0      4      0      0      0      0      0      0      0      0      4      0      0      0      0      1      0      4      0      0      0      0      0      1      0      3      5      0      9      2      9      4      6     10      1      9     25      8      0      7      4     13      0     10     17     10      6     19      4     10      3     34      4      0      7     19      8      5     20      6      6     15      2      3     12      4      0      2      0      2      1      3      0      1      2      4      0      0      0      0      0      0      0      0      0      0      0      0      0      0      0      0      0
      0      0      0      0      0      0      0      0      0      0      0      0      0      0      0      0      0      0      0      0      0      0      0      0      0      2      0      0      1      8      0      0      0      6      7      1     13     10      4     13     21      2      3      4     15      9      0      9      4      6      5     10      6     30     22     17      0      6     14      9      9     15      5      2      0      0      0     11      2      3      0      0      0      0      0      0      0      3      0      0      0      0      0      0      0      0      0      0      0      0      0      0      0      0      0      0      0      0      0
      0      0      0      0      0      0      0      0      0      0      0      0      1      0      0      0     21      0      0      0      0      5      0      0      0      2      0      0      3      0      1      0      2      6     13      4      3      1     11      0      0      0     12      3      3      8     18      5      4      8     11      1     14      3      9     10      4      1      0      0      6     13      1      3      0      0      2      0     10     10      0      0      2      0      0      0      1      0      0      1      0      0      0      0      0      0      0      0      0      0      0      0      0      0      0      0      0      0      0
      0      0      0      0      0      0      0      0      0      0      0      0      0      0      0      0      0      0      0      0      4      0      0      2      0      0      0      9      3      0      1      0      0      4      0      0      0      6      0      0      2      0      5      1      2      5     23     11      0      5      3      9      0     23      3     21      2     28      7      0      0      0      5      0      4      0      0      0      2      0      0      0      0      0      0      5      1      0      0      0      0      0      0      0      0      0      0      0      0      0      0      0      0      5      0      0      0      0      0
      0      0      0      0      0      0      0      0      0      0      0      0      1      5      0      3      3      0      0      0      0      4      0      0      2      0      0      0      3      8      2      0      0      0      5      0      3      0      0      2      7      0      0      0      6      6      8      6      0      0      2      7      0      1      1      0      4      0     18      0     13      4      4      0      0      6      0      4      3      0      6      0      0      0      0      4      0      0      6      0      0      0      0      0      0      0      0      9      0      0      0      0      0      0      0      0      0      0      0
      0      0      0      0      0      0      0      0      0      0      0      0      0      0      0      0      0      0      0      0      0      0      0      0      0      0      0      0      0      0      0      0      0      0      5      1      0      0      0      2      2      0      3     11     11      7      0      2      0      0      0      1      1      0      5      4      1      2      0      0      0      0      0      0      4      3      0      0      1      0      0      0      0      0      0      0      0      1      0      0      0      0      0      0      0      0      0      0      0      0      0      0      0      0      0      0      0      0      0
      0      0      0      0      0      0      0      0      0      0      0      0      0      0      0      0      0      0      0      0      0      0      0      0      0      4      0      0      4      2      2      0      0      0      1      0      0      7      0      3      8      1      5      0      1      8      3      0      4      0      0      7      0      0      0      7     12     14      3      2      0      0      0     10      0      0      0      0      0      3      0      2      0      0     11      0      0      0      0      0      0      0      0      0      0      0      0      0      0      0      0      0      0      0      0      0      0      0      0
      0      0      0      0      0      0      0      0      0      0      0      0      0      0      0      0      0      0      0      0      0      0      0      0      0      3     14      3      0      1      0      1      6      1      0      0      0      0      0      0      0      0      0      0      9      3      0      0      1      3      0      0      6      0      3      2      3      0      0      0     12      7      0      0      1      0      0      0      0      0      0      4      0      0      0      0      0      0      0      0      0      0      0      0      0      0      0      0      0      0      0      0      0      0      0      0      0      0      0
      0      0      0      0      0      0      0      0      0      0      0      0      0      0      0      0      0      0      0      0      0      0      0      0      0      0      0     11      0      0      0      0      0      0      0      1      0      0      6      0      7      0      0      4      0      0      4      0      0      5      0      0      0      0      0      0      3      0      1      4      2      7      0      0      0      0      0      1      0      0      0      9      0      0      0      0      0      0      0      0      0      0      0      0      0      0      0      0      0      0      0      0      0      0      0      0      0      0      0
      0      0      0      0      0      0      0      0      0      0      0      0      0      0      0      0      0      0      0      0      1      0      0      0      0      1      0      0      0      0      0      0      0      2      0      0      0      0      0      0      1      0      2      0      1      0      0      5      0      0      0      7      2      0      1      0      0      0      0      0      0      0      1      1      1      0      0      0      0      0      0      0      0      0      0      3      0      0      0      0      0      0      0      0      0      0      0      0      0      0      0      0      0      0      0      0      0      0      0
      0      0      0      0      0      0      0      0      0      0      0      4      0      0      0      0      0      0      0      0      0      0      0      0      0      0      0      0      0      0      0      0      0      0      0      0      0      0      0      1      0      0      0      0      5      1      4      1      0      0      0      0      0      0      0      0      5      0      0      0      0      1      0      3      0      0      0      0      0      1      0      0      0      0      0      0      0      0      0      0      0      0      0      0      0      0      0      0      0      0      0      0      0      0      0      0      0      0      0
      0      0      0      0      0      0      0      0      0      1      0      0      0      0      0      0      0      0      0      0      0      0      0      0      0      0      0      0      0      4      4      0      0      0      0      1      0      0      0      0      5      1      5      1      0      0      0      1      2      0      1      0      0      0      2      0      0      0      0      0      0      2      0      0      3      0      0      0      0      0      3      0      0      0      0      0      0      0      0      0      0      0      0      0      0      0      0      0      0      0      0      0      0      0      0      0      0      0      0
      0      0      0      0      0      0      0      0      0      0      0      0      0      0      0      0      0      0      0      0      0      0      0      0      0      0      0      0      0      0      0      0      0      0      0      0      0      0      0      3      0      0      0      0      4      0      1      0      0      0      0      0      1      0      4      1      1      0      0      0      1      0      0      0      0      0      0      0      0      0      0      0      0      0      0      0      0      0      0      0      0      0      0      0      0      0      0      0      0      0      0      0      0      0      0      0      0      0      0
      0      0      0      0      0      0      0      0      0      0      0      0      0      0      0      0      0      0      0      0      0      0      0      0      0      0      0      0      0      0      0      0      0      1      0      0      0      0      0      4      0      0      0      0      0      0      0      0      6      0      0      4      0      7      0      4      0      0      0      0      0      0      0      0      0      0      0      0      0      0      0      0      1      0      0      0      0      0      0      0      0      0      0      0      0      0      0      0      0      0      0      0      0      0      0      0      0      0      0
      0      0      0      0      0      0      0      0      0      0      0      0      0      0      0      0      0      0      0      0      0      0      0      0      0      0      0      0      0      3      0      0      0      0      0      0      3      0      0      0      0      0      0      0      2      5      0      0      4      0      0      0      0      0      0      0      9      0      0      0      0      0      0      4      0      0      0      0      0      0      0      0      0      0      0      0      0      0      0      0      0      0      0      0      0      0      0      0      0      0      0      0      0      0      0      0      0      0      0
      0      0      0      0      0      0      0      0      0      0      0      0      0      0      0      0      0      0      0      0      0      0      0      0      0      0      0      0      0      0      6      0      0      0      0      0      0      0      0      0      4      0      0      0      0      1      0      0      0      0      0      4      0      0      0      0      0      0      0      0      0      2      0      0      0      0      0      0      0      0      0      0      0      0      0      0      0      0      0      0      0      0      0      0      0      0      0      0      0      0      0      0      0      0      0      0      0      0      0
      0      0      0      0      0      0      0      0      0      0      0      0      0      0      0      0      0      0      0      0      0      0      0      0      0      0      0      0      0      0      0      0      1      0      1      0      0      0      0      0      0      0      0      0      0      0      0      0      0      0      0      0      2      1      0      1      0      0      0      0      0      0      0      0      0      0      0      1      0      0      0      0      0      0      0      0      0      0      0      0      0      0      0      0      0      0      0      0      0      0      0      0      0      0      0      0      0      0      0
      0      0      0      0      0      0      0      0      0      0      0      0      0      0      0      0      0      0      0      0      0      0      0      0      0      0      0      0      0      0      0      0      0      0      0      0      0      0      0      0      0      0      0      0      0      0      0      0      0      0      0      0      0      0      0      0      0      0      0      0      0      0      0      0      0      0      0      0      0      0      0      0      0      0      0      0      0      0      0      0      0      0      0      0      0      0      0      0      0      0      0      0      0      0      0      0      0      0      0
      0      0      0      0      0      0      0      0      0      0      0      0      0      0      0      0      0      0      0      0      0      0      0      0      0      0      0      0      0      0      0      0      0      0      0      0      0      0      0      0      0      0      0      0      0      0      0      0      0      0      0      0      0      0      0      0      0      0      0      0      0      0      0      0      0      0      0      0      0      0      0      0      0      0      0      0      0      0      0      0      0      0      0      0      0      0      0      0      0      0      0      0      0      0      0      0      0      0      0
      0      0      0      0      0      0      0      0      0      0      0      0      0      0      0      0      0      0      0      0      0      0      0      0      0      0      0      0      0      0      0      0      0      0      0      0      0      0      0      0      0      0      0      0      0      0      0      0      0      0      0      0      0      0      0      0      0      0      0      0      0      0      0      0      0      0      0      0      0      0      0      0      0      0      0      0      0      0      0      0      0      0      0      0      0      0      0      0      0      0      0      0      0      0      0      0      0      0      0
      0      0      0      0      0      0      0      0      0      0      0      0      0      0      0      0      0      0      0      0      0      0      0      0      0      0      0      0      0      0      0      0      0      0      0      0      0      0      0      0      0      0      0      0      0      0      0      0      5      0      0      0      0      0      0      0      0      0      0      0      0      0      0      0      0      0      0      0      0      0      0      0      0      0      0      0      0      0      0      0      0      0      0      0      0      0      0      0      0      0      0      0      0      0      0      0      0      0      0
      0      0      0      0      0      0      0      0      0      0      0      0      0      0      0      0      0      0      0      0      0      0      0      0      0      0      0      0      0      0      0      0      0      0      0      0      0      0      0      0      0      0      0      0      0      0      0      0      0      0      0      0      0      0      0      0      0      0      0      0      0      0      0      0      0      0      0      0      0      0      0      0      0      0      0      0      0      0      0      0      0      0      0      0      0      0      0      0      0      0      0      0      0      0      0      0      0      0      0
      0      0      0      0      0      0      0      0      0      0      0      0      0      0      0      0      0      0      0      0      0      0      0      0      0      0      0      0      0      0      0      0      0      0      0      0      0      0      0      0      0      3      0      0      0      6      0      0      0      0      0      0      0      0      0      0      0      0      0      0      0      0      0      0      0      0      0      0      0      0      0      0      0      0      0      0      0      0      0      0      0      0      0      0      0      0      0      0      0      0      0      0      0      0      0      0      0      0      0
      0      0      0      0      0      0      0      0      0      0      0      0      0      0      0      0      0      0      0      0      0      0      0      0      0      0      0      0      0      0      0      0      0      0      0      0      0      0      0      0      0      0      0      0      0      0      0      0      0      1      0      0      0      0      0      0      0      0      0      0      0      0      0      0      0      0      0      0      0      0      0      0      0      0      0      0      0      0      0      0      0      0      0      0      0      0      0      0      0      0      0      0      0      0      0      0      0      0      0
      0      0      0      0      0      0      0      0      0      0      0      0      0      0      0      0      0      0      0      0      0      0      0      0      0      0      0      0      0      0      0      0      0      0      0      0      0      0      0      0      0      0      0      0      0      0      0      0      0      0      0      0      0      0      0      0      0      0      0      0      0      0      0      0      0      0      0      0      0      0      0      0      0      0      0      0      0      0      0      0      0      0      0      0      0      0      0      0      0      0      0      0      0      0      0      0      0      0      0
