\ 
\ Covariance Function Histogram Table
\ 
\ X Parameter: Metallicity
\ X Abbrev   : FeH
\ X Units    : none
\ X Items    : 100         
\ 
\ Y Parameter: Stellar Luminosity
\ Y Abbrev   : L*
\ Y Units    : Lsun
\ Y Items    : 100         
\ 
|col000|col001|col002|col003|col004|col005|col006|col007|col008|col009|col010|col011|col012|col013|col014|col015|col016|col017|col018|col019|col020|col021|col022|col023|col024|col025|col026|col027|col028|col029|col030|col031|col032|col033|col034|col035|col036|col037|col038|col039|col040|col041|col042|col043|col044|col045|col046|col047|col048|col049|col050|col051|col052|col053|col054|col055|col056|col057|col058|col059|col060|col061|col062|col063|col064|col065|col066|col067|col068|col069|col070|col071|col072|col073|col074|col075|col076|col077|col078|col079|col080|col081|col082|col083|col084|col085|col086|col087|col088|col089|col090|col091|col092|col093|col094|col095|col096|col097|col098|col099|
|int   |int   |int   |int   |int   |int   |int   |int   |int   |int   |int   |int   |int   |int   |int   |int   |int   |int   |int   |int   |int   |int   |int   |int   |int   |int   |int   |int   |int   |int   |int   |int   |int   |int   |int   |int   |int   |int   |int   |int   |int   |int   |int   |int   |int   |int   |int   |int   |int   |int   |int   |int   |int   |int   |int   |int   |int   |int   |int   |int   |int   |int   |int   |int   |int   |int   |int   |int   |int   |int   |int   |int   |int   |int   |int   |int   |int   |int   |int   |int   |int   |int   |int   |int   |int   |int   |int   |int   |int   |int   |int   |int   |int   |int   |int   |int   |int   |int   |int   |int   |
      0      0      0      0      0      0      0      0      0      0      0      0      0      0      0      0      0      0      0      0      0      0      0      0      0      0      0      0      0      0      0      0      0      0      0      0      0      0      0      0      0      0      0      0      0      0      0      0      0      0      0      0      0      0      0      0      0      0      0      0      0      0      0      0      0      0      0      0      0      0      0      0      0      0      0      0      0      0      0      0      0      0      0      0      0      0      0      0      0      0      0      0      0      0      0      0      0      0      0      0
      0      0      0      0      0      0      0      0      0      0      0      0      0      0      0      0      0      0      0      0      0      0      0      0      0      0      0      0      0      0      0      0      0      0      0      0      0      0      0      0      0      0      0      0      0      0      0      0      0      0      0      0      0      0      0      0      0      0      0      0      0      0      0      0      0      0      0      0      0      0      0      0      0      0      0      0      0      0      0      0      0      0      0      0      0      0      0      0      0      0      0      0      0      0      0      0      0      0      0      0
      0      0      0      0      0      0      0      0      0      0      0      0      0      0      0      0      0      0      0      0      0      0      0      0      0      0      0      0      0      0      0      0      0      0      0      0      0      0      0      0      0      0      0      0      0      0      0      0      0      0      0      0      0      0      0      0      0      0      0      0      0      0      0      0      0      0      0      0      0      0      0      0      0      0      0      0      0      0      0      0      0      0      0      0      0      0      0      0      0      0      0      0      0      0      0      0      0      0      0      0
      0      0      0      0      0      0      0      0      0      0      0      0      0      0      0      0      0      0      0      0      0      0      0      0      0      0      0      0      0      0      0      0      0      0      0      0      0      0      0      0      0      0      0      0      0      0      0      0      0      0      0      0      0      0      0      0      0      0      0      0      0      0      0      0      0      0      0      0      0      0      0      0      0      0      0      0      0      0      0      0      0      0      0      0      0      0      0      0      0      0      0      0      0      0      0      0      0      0      0      0
      0      0      0      0      0      0      0      0      0      0      0      0      0      0      0      0      0      0      0      0      0      0      0      0      0      0      0      0      0      0      0      0      0      0      0      0      0      1      0      0      0      0      0      0      0      0      0      0      0      0      0      0      0      0      5      0      0      0      0      0      0      0      0      0      0      0      0      0      0      0      0      0      0      0      0      0      0      0      0      0      0      0      0      0      0      0      0      0      0      0      0      0      0      0      0      0      0      0      0      0
      0      0      0      0      0      0      0      0      0      0      0      0      0      0      0      0      0      0      0      0      0      0      0      0      0      0      0      0      0      0      0      0      0      0      0      0      6      0      0      0      0      0      0      2      0      0      0      0      0      0      0      0      0      0      0      0      0      0      0      0      0      0      0      0      0      0      0      0      0      0      0      0      0      0      0      0      0      0      0      0      0      0      0      0      0      0      0      0      0      0      0      0      0      0      0      0      0      0      0      0
      0      0      0      0      0      0      0      0      0      0      0      0      0      0      0      0      0      0      0      0      0      0      0      0      0      0      0      0      0      0      0      0      0      0      0      2      0      0      0      0      0      0      0      0      0      0      0      0      0      0      0      0      0      0      0      0      0      0      0      0      0      0      0      0      0      0      0      0      0      0      0      0      0      0      0      0      0      0      0      0      0      0      0      0      0      0      0      0      0      0      0      0      0      0      0      0      0      0      0      0
      0      0      0      0      0      0      0      0      0      0      0      0      0      0      0      0      0      0      0      0      0      0      0      0      0      0      0      0      0      0      0      0      0      0      0      0      0      0      0      5      0      0      0      0      1      0      0      0      0      0      0      0      0      0      0      0      0      0      0      0      0      0      0      0      0      0      0      0      0      0      0      0      0      0      0      0      0      0      0      0      0      0      0      0      0      0      0      0      0      0      0      0      0      0      0      0      0      0      0      0
      0      0      0      0      0      0      0      0      0      0      0      0      0      0      0      0      0      0      0      0      0      0      0      0      0      4      4      0      0      0      0      0      0      0      0      0      2      0      0      0      0      0      0      0      0      0      0      0      0      0      0      0      0      0      0      0      0      0      0      0      0      0      0      0      0      0      0      0      0      0      0      0      0      0      0      0      0      0      0      0      0      0      0      0      0      0      0      0      0      0      0      0      0      0      0      0      0      0      0      0
      0      0      0      0      0      0      0      0      0      0      0      0      0      0      0      0      0      0      0      0      0      0      0      0      0      0      0      0     12      3      0      0      0      0      0      0      0      1      0      0      0      0      6      0      0      0      0      0      0      1      0      0      0      0      2      0      0      0      0      0      0      0      0      0      0      0      0      0      0      0      0      0      0      0      0      0      0      0      0      0      0      0      0      0      0      0      0      0      0      0      0      0      0      0      0      0      0      0      0      0
      0      0      0      0      0      0      0      0      0      0      0      0      0      0      0      0      0      0      0      0      0      0      0      0      0      0      0      0      0      0      0      7      0      0      0      0      0      0      8      0      3      0      0      0      0      0      0      0      0      0      2      0      0      0      4      0      2      0      0      0      0      0      0      0      0      0      0      0      0      0      0      0      0      0      0      0      0      0      0      0      0      0      0      0      0      0      0      0      0      0      0      0      0      0      0      0      0      0      0      0
      0      0      0      0      0      0      0      0      0      0      0      0      0      0      0      0      0      0      0      0      0      0      0      0      0      0      0      2      0      0      0      0      0      1      0      0      1      0      0      0      0      0      0      0      0      0      0      0      0      0      0      0      0      0      6      0      0      0      0      0      0      0      0      0      0      0      0      0      0      0      0      0      0      0      0      0      0      0      0      0      0      0      0      0      0      0      0      0      0      0      0      0      0      0      0      0      0      0      0      0
      0      0      0      0      0      0      0      0      0      0      0      0      0      0      0      0      0      0      0      0      0      0      0      0      0      0      0      0      0      3      0      0      0      5      0      0      0      4      0      0      0      0      1      0     14      0      0      0      0      0      0      0      0      0      0      0      0      0      0      3      1      0      0      0      0      0      0      0      0      0      0      0      0      0      0      0      0      0      0      0      0      0      0      0      0      0      0      0      0      0      0      0      0      0      0      0      0      0      0      0
      0      0      0      0      0      0      0      0      0      0      0      0      0      0      0      0      0      0      0      0      0      0      2      0      0      0      0      0      0      0      0      0      0      0      0      0      0      1      0      0      0      8      0      0      0      0      0      0      0      0      0      0      0      0      0      0      0      0      0      0      0      3      0      0      0      0      0      0      0      0      0      0      0      0      0      0      0      0      0      0      0      0      0      0      0      0      0      0      0      0      0      0      0      0      0      0      0      0      0      0
      0      0      0      0      0      0      0      0      0      0      0      0      0      0      0      0      0      0      0      1      0      0      0      0      2      0      0      0      0      0      0      3      0      0      5      2      0      5      0      0      1      2      0      0      7      0      2      0      0      1      0      0      1      0      0      0      0      0      0      0      0      0      0      0      0      0      0      4      0      6      0      0      0      0      0      0      0      0      0      0      4      9      0      0      0      0      0      0      0      0      0      0      0      0      0      0      0      0      0      0
      0      0      0      0      0      0      0      0      0      0      0      0      0      0      0      0      0      0      0      0      1      0      0      0      4      0      0      0      0      0      0      8      0      0      0      0      0      0      2      0      7     14     13      5      1      0      2      2      0      2      3      0      0      0      0      0      0      0      0      2      0      0      0      0      0      0      2      2      0      0      0      0      0      0      0      0      0      0      0      0      0      0      0      0      0      0      0      0      0      0      0      0      0      0      0      0      0      0      0      0
      0      0      0      0      0      0      0      0      0      0      0      0      0      0      0      0      0      0      0      0      0      0      0      0      0      7      4      8      0      0      1      6      5      4      0      0      0      6     10      0      0      6     20      0      2      2     10      1      1      0      0      0      0      0      0      0      0      0      0      0      0      3      0      7      5      0      0      0      0      0      0      0      0      0      0      0      0      0      0      0      0      0      0      0      0      0      0      0      0      0      0      0      0      0      0      0      0      0      0      0
      0      0      0      0      0      0      0      0      0      0      0      0      0      0      0      0      0      0      0      0      0      3      0      0      0      0      1      2      0      6      0      1      3     12      2      2      2      0      0      0      6      0      0      0     11      0      2      4      0      0      0      0      4      0      0      7      0      0      1      0      3      0      0      0      1      0      0      0      0      0      0      0      0      0      0      0      0      0      0      0      0      0      0      0      0      0      0      0      0      0      0      0      0      0      0      0      0      0      0      0
      0      0      0      0      0      0      0      0      0      0      0      0      0      0      0      0      0      0      0      0      0      0      0      0      0      0      0     11      2     11      0      0      0      0      0      0     10      0      2      2      5      4      5      0      9      0      4      0      0      1      0      0      1      0      0      0      2      0      4      0      0      0      0      0      0      0      0      0      0      0      0      0      0      0      0      0      0      1      0      0      0      0      0      0      0      0      0      0      0      0      0      0      0      0      0      0      0      0      0      0
      0      0      0      0      0      0      0      0      0      0      0      0      0      0      0      0      0      0      0      0      0      0      0     20      3      0      0      8      0      0      7      2      0      2      6      6     10      0     12      4     15      0      0      0      0      2      0      0      0      5      2     37      1      0      0      2      2      0      0      0      0      0      0      0      0      0      0      0      0      0      0      0      0      0      0      0      0      0      0      0      0      0      0      0      0      0      0      0      0      0      0      0      0      0      0      0      0      0      0      0
      0      0      0      0      0      0      0      0      0      0      0      0      0      0      0      0      0      0      0      5      1      0      0      0      1      1      3      0     10      4      6     14      0     10      2      6      5     25      0      1      7      5      6      5      1      8      1      0      0      0      0     10      0     14      0      5      2      0      0      1      0      0      1      0      1      0      0      0      0      0      0      0      0      0      0      0      0      0      0      0      0      0      0      0      0      0      0      0      0      0      0      0      0      0      0      0      0      0      0      0
      0      0      0      0      0      0      0      0      0      0      0      0      0      0      0      0      0      0      0      0      0      2     12      0      2     13      1      1      1      0      0      4      2      9      7      1      2     12      6      2      3      4      0      6     14      0     11      0      7      3      0      0      8      4      7      0      0      2      0      0      1      0      4      6      0      0      0      0      0      0      0      0      0      0      1      0      0      0      0      6      0      0      0      0      0      0      0      0      0      0      0      0      0      0      0      0      0      0      0      0
      0      0      0      0      0      0      0      0      0      0      0      0      0      0      0      0      0      0      0     12      3      0      0      0      1      0      2     10      3     19      3      2     11     15      1      6      5     44     10      2      1      8      4      7      1      3      0      4      2      3      5      0      1     15      0      0      0      0      3      0      0      0     10      0      0      0      0      0      0      5      0      0     25      0      0      0      0      0      0      0      0      0      0      7      1      0      0      1      0      0      0      0      0      0      0      0      0      0      0      0
      0      0      0      0      0      0      0      0      0      0      0      0      0      0      0      0      0      0      0      0      4      7      1      0      5      0      1      2      8      9      3      1      3     11      5     13     16      8      1      4      3      7      3      5      7      7      4     10      0     12      2      7      1      0      6      9      0      2      1      0      1     13      4      0      9      0     18      0      5      0      0      0      0      0      0      0      0      0      0      0      0      0      0      0      0      0      0      0      0      0      0      0      0      0      0      0      0      0      0      0
      0      0      0      0      0      0      0      0      0      0      0      0      0      0      0      0      0      0      0      4      6      0      2      3      4      0      4      2      3      6      6      8     19      9      9      7     15      5      3      9      8      5     13      2      3     21     11     15      4      0      3      0      7      0      3      5      6     33      5      0      0      2      0      0      3      0      0      0      7      0      5      0      0      0      0      5      0      0      0      0      0      0      0      0      0      0      0      0      0      0      0      0      0      1      0      0      0      0      0      0
      0      0      0      0      0      0      0      0      0      0      0      0      0      0      0      0      0      0      0      0      0      0      0      2      6     11      8     11      1      8      0     12     17      5      0     17      9     13     11      6     22      9     17     17      0      9      5     12     13      9      0      1      2      0     10      3      9      0      1     24      0     21     16      0      8      0      0      0     12      0      0      0      2      0      0      0      0      0      0      0      0      0      0      0      0      0      0      0      0      0      0      0      0      0      0      0      0      0      0      0
      0      0      0      0      0      0      0      0      0      0      0      0      0      0      0      0      0      0      0      0      0      0     13     10      5      0     17      2     11     20     29     17     14     16      8     21      1      1     29      3     36      9      9      6     15     14     33      9      6      3     13     10      6     19      8      0      1      6      2      0      3      7      0      0      1      0      1      3      0      0      2      0      5      0      3      0      0      0      3      0      0      0      0      0      0      0      0      0      0      0      0      0      0      0      0      0      0      0      0      0
      0      0      0      0      0      0      0      0      0      0      0      0      0      0      0      0      0      0      0      0      0      0      4      7      5      5      7     23      7     21      8     11     10     15     12     34      5     43     30      8      8     15      7     16     12     14      0      5      2     16      0      2      6      6      2      7      1      1      3      1     20      0      8      3      0     16      0      4      1      5      0      0     16      6      0      0      0      1      0      0     11      0      0      0      0      0      0      0      0      0      0      0      0      0      0      0      0      0      0      0
      0      0      0      0      0      0      0      0      0      0      0      0      0      0      0      0      0      0      0      1      0      2      0      3     10      4      4      8      5      7     33     19     17     26     30     55      8     16     10     29     20     30     20      7     12     42     19      7      3     29     12      9      9      6      2     27      5      4      3     11      2      2      4      5      2      2      0      6      0      0      0      8      0      4      3      4      0      0      0      0      3      0      0      3      0      0      0      0      0      0      0      2      0      0      0      0      0      0      0      0
      0      0      0      0      0      0      0      0      0      0      0      0      0      0      0      0      0      0      0      0      0      0      4      0      5      3     23     16     13     38     41     46     17     32     34     13     43     20     62      8     12     10     20     23     40     20     11     12     18     10     19      4      0      3     18      5     15      1      1      8     13      3      2      0     11      0      1      3      0      0      3      0      0      0     11      0      3      0      0      0      0      0      0      0      0      0      0      0      0      0      0      0      0      0      0      0      0      0      0      0
      0      0      0      0      0      0      0      0      0      0      0      0      0      0      0      0      0      5      0      0      7      5      0      6      0      7     20     18     27     39     36     50      6     55     39     11     25     24      5     18     34     21     37     35     13      6     24     18     22     35      6      8     21     47      1     28     13      0     28     15      8     12      0     19      0     16      0      8      4      0      2     10      0      0      0      0      0      0      0      0      0      0     11      0      1      0      1      0      0      0      0      0      0      0      0      0      0      0      0      0
      0      0      0      0      0      0      0      0      0      0      0      0      0      0      0      0      0      0      1      0     12      0     16      3     18     32     15     15     34     18     29     17     40      9     20     26     31     26     47     11     70     28      9     25      7     29     18     25     33     35      7     29     24     33     18     11      8      9      1     16     11     12      2     13      0      4      0     17      0      0      3      0      3      0      0     10      2      0      0      0      0      0      0      0      0      0      1      0      0      1      0      0      0      0      0      0      0      0      0      0
      0      0      0      0      0      0      0      0      0      0      0      0      0      0      0      0      0      2      3      2     14      4      0     11     10     25     10     19     23     34     36     10     17     38     61     48     62     10     12     17     32     32     40     37     63     21     20     46     21     19     19      7     16     13     13      5     15      3     30     20      0      0     10      3     15      0      4      0      0      0     10      0      0      0      0      8      0      0      5      0      3      0      0      0      0      0      2      0      0      0      0      0      0      0      0      0      0      0      0      0
      0      0      0      0      0      0      0      0      0      0      0      0      0      0      0      0      0      0      2     14      4      0      1      3     15     12     16     42      7     18     24     40     39     33     30     12     49     59     53     29     30     41     47     15     56     13     58     44     32     12     11     18     25     27      7      9      7     19     12     20      9     11      8     20      1      5     27      0      3      0     12      0      0      1      3      0      0      0      0      3      1      0      0      0      0      0      0      0      0      0      0      0      0      0      0      0      0      0      1      0
      0      0      0      0      0      0      0      0      0      0      0      0      0      0      0      0      8      1      0      3      5      7      3      7     12     14     17      2     13     24     17     51     23     49     59     34     48     60     54     31     31     55     28     39     37     56     33     40     37     34     18     32     31      9     13      9      4     22     21      2     15     12      0      7      1      7     15      1      3      9      6      1      1      3      2      8      0      0      0      0      0      0      0      0      0      0      2      0      0      0      0      0      0      0      0      0      0      0      0      0
      0      0      0      0      0      0      0      0      0      0      0      0      0      0      0      0      1      0      0      0      8      5     13      3     14     18      9     33     28     91      9     37     12     46     52     11     61     44     23     78      6     49     37     88     30     36     34     56     33     29     46     31     50     34     30     16     15     15     14     53      7     23     14     17      1     12      2     12      0     18      6      8     10     15      0      2      1      0      0      0      0      0      0      0      2      0      0      0      0      0      0      0      0      1      0      0      0      0      0      0
      0      0      0      0      0      0      0      0      0      0      0      0      0      0      0      1      0      3      0     12      8      0     18      1     26     33     43     79     29     10     32     65     77     61     85     37     61     37     51     56     18     29     54     53     47     51     47     53     54     39     32     20     22     20     24     16     15     11     45      8     15     10      8      9      9      9     12      8     11      0     14      0      1      7      2      0      0      3      0      0      0      1      0      2      0      0      0      0      0      0      0      0      2      0      1      0      0      0      0      0
      0      0      0      0      0      0      0      0      0      0      0      0      0      6      7      0      0      0      1      0      9      4      5     20      8     24     36     48     27     49     33     51     64     79     86     54     25     56    104     73     45     64     52     58     54     31     33     31     58     23     36     28     24     36     12     21     29     15     30     18      4     24     21     16     22     17      6     16      1      5      4      0      0      1      1      0      0      1      0      9      1      0      0      1      0      0      0      0      0      1      0      0      0      0      2      0      0      1      0      0
      0      0      0      0      0      0      0      0      0      0      0      0      0      0      0      0      0      0      0      1      0      2     21     36      4     14     34     24     44     31     47     48     33     82     52     55     58     93     34     54     46     81    109     64     59     81     18     33     81     33     23     28     23     12      5     42      9     21     19     34      5     10      0      5     18     17      7      1     21      7      0      4     12      7      1      3     15      0      0      0      4      0      4      0      0      0      0      0      0      0      0      0      0      0      0      0      0      0      0      0
      0      0      0      0      0      0      0      0      0      0      0      0      0      0      0      0      0      0      9      6      7     35     14     32     19     31     40     13      8     66     34     46     62     47     67     67     40     85     84     54     86     58     58     64     79     47     52     33     56     44     71     42     13     43     25     18     12     18      7     22     34      9     11      6      8      1      4      4      3     18      2     13      0     21      5      0      0      0     10      4      4      0      3      2      0      1      0     10      0      0      0      0      1      1      5      0      0      0      0      0
      0      0      0      0      0      0      0      0      0      0      0      0      0      0      6      0      6      0      6      2      6     11      1     12     25     45     25     28     40     53     68     80     34     55     44     59     57     94    101     83     87     76     52     84     76     90     40     69     90     81     35     46     55     37     61     30     26     25     36     16     35      9      7     43     20      3      7     11     12      1      4      3      6     17      3      3     22      0      2      7     10      0      0      5      0      0      0      0      0      0      8      0      0      0      0      0      0      0      0      0
      0      0      0      0      0      0      0      0      0      0      0      0      0      0      0      2      0      0     12      0      2     11     12      6     35     31     31     23     54     56     48     46     52     42     55     51     73     97     39     32     31    131     66     68     67     79     29     42     46     54     39     27     31     63     46     33     25     14     26     45      5     15      7      6     33      4     13     10      4      9      5     24      7     19      2      5      6      1      1      3      2      2      0      0      3      0      0      3      0      0      0      0      0      1      0      0      0      0      0      0
      0      0      0      0      0      0      0      0      0      0      0      0      0      0      0      0      9      0      4      3      0      3      3     23      8     26     39     54     47     54     48     48     78    117     46     44     91     49     93     43     70     83     68     99     90     55     75     28     38     39     49     74     12     46     14     79     45     10     31     40      3     24     38     18     11     16     13     16      9      4      9      0      5      0     10      3      4      5      2      0      0      4      7      7      0      0      0      0      2      0      1      1      0      0      0      0      0      0      2      0
      0      0      0      0      0      0      0      0      0      0      0      0      0      0      0      0      0      0      4      1      0     22     11     14     13     25     26     54     67     46     50     50     44     71     89     43     88     57    123    119    119     74    119     78     97     71     69     59     62     73     31     75     47     12     21     19     19     20     60     31     40     24     27      6      7     10      1     30      6      2      0     14     31      5      5      3      1      3      6      2      0      2      0      1      0      0     23      4      1      1      0      0      3      0      0      1      0      0      0      0
      0      0      0      0      0      0      0      0      0      0      0      0      0      0      0      0     11      1      0      2      3      3      0     18     30     33     22     31     64     49     50     91     76     83     61     74    103     72    120     63     95     50     74    104     81    103     56     90     60     53     62     51     51     42     66     40     43     24     30     30     40     29     34     35      2      6      7      1      8     19      0     15      0     11      2      6     13      5      2      4      7      1     13      0      6      0      1      1      0      2      0      0      0      0      4      0      0      0      0      0
      0      0      0      0      0      0      0      0      0      0      0      0      0      0      2      0      0      0      2      0      7     25     11     13     22     17     20     49     54     51     37     64     76     86     49    110     78     57     92    134     92     68     85     77     89     61     62     70     72     28     89     78     56     61     61     23     16     52     59     18     37     23     36     20     16     22     11     24     22     12     11      5     30      6      2      0      2      0     12      0     19      2      0      1      0      0      0      7      0      0      0      0      0      0      1      0      0      1      0      0
      0      0      0      0      0      0      0      0      0      0      0      0      0      0      0      0      3      0      3      0     18     15     14     19     21     26     51     32     48     97     81     77     53     88    103     78     96     87     72     64     92    116     61     63    105     26     75     91     37     26     67     47     41     29     50     34     37     18     32     35     38     18     31     23     15     19      9      5     16     15      8     13      2      0     12      0     14      6      2      0      0      1     15      0      0      0      0      0      0      0      1      0      0      0      0      0      0      3      0      0
      0      0      0      0      0      0      0      0      0      0      0      0      0      0      0      0      3      1      4      4     12     17     10     11     48     13     84     22     78     27     38     80     55    105    109    201     91     94    123     54     99    109    134     37     48     64     65    111    111     49     52     21     46     54     47     27     68     15     61     27     55     44     25     25     16      7     20     25     14      4     10     25      1      3      7      0      2      4      1      3      5      6      0      2      1      0     18      0      0      1      0      1      5      2      0      0      0      0      2      0
      0      0      0      0      0      0      0      0      0      0      0      0      0      0      0      0      0      0      7     13      8     16     30     13     40     22      7     34     49     73     84     72     72     82     94     57    120     82     92     53    113     57    101    120     88     81     73     88     59     91     43     22     65     34     53     16     31     36     59      9     39     38     43     21     23     14     17     15      8     20     10      2      1      3      9      7      2      0      6      9     20     14      0      0      0      1      9      1      2      0      6      1      0      0      1      0      0      0      0      0
      0      0      0      0      0      0      0      0      0      0      0      0      0      0      0      0      0      0      2      0      2      8     26      7     27     39     58     56     76     50     79     96     84     94    109     43    130    127     97     73     94     76    108    142     94    128     42     81     42     46     84     61     97     55     44     50     18     47     42     42     43     20      9      6     11      7     34     10     19      2      6      1      4      6      8     15      7      2      7      1      1      1     13      0      0      1      3      2      2      4      4      0      4      0      0      1      0      5      0      0
      0      0      0      0      0      0      0      0      0      0      0      0      0      0      0      0      0      0      1      0      4     14      1      7     36     19     39     50     55     72     48     76     69     70     67    134     80     60     80     93     89     94    103     80     47     72    132     88     50     86     58     57     34     44     50     61     60     70     69     44     41     44     23     20      5     19     15     32     21     21     30      9     11     15      5      0      2      0      2      3      5      8      3      4      0      0      0      1      4      1      0      3      0      0      0      3      0      0      0      0
      0      0      0      0      0      0      0      0      0      0      0      0      0      0      0      6      0      3      5      2      8      7      3     64     41      4     47     33     75     72     67     59     90     57     65     84    109    104    129     62    102    127     75    117     39     56     61     88     56     60     90     65    102     38     73     76     17     57     44     29     52     15     18     12     11     30     14     36      1     16     15      6     18      0     34     19     11      3      4      0     18      8      0      0      0      1      2      2      3      6      1      4      0      0      0      0      0      0      0      0
      0      0      0      0      0      0      0      0      0      0      0      0      0      0      0      0      0      0      0      6      5      7      0      5     10     36     30     56     42     37     46     38     35     47    125    118     68     98     61     85    138    140     75     90    132     29     56     70     86     92     96     57     36     61     20     49     34     32     38     35     88     11     28      8     23     13      6     13     11     11      2     22      1      4      8      0     14      0      1      0      1      8      0      2      0      0      7      1      6      0      1      0      2      0      0      0      0      0      0      0
      0      0      0      0      0      0      0      0      0      0      0      0      0      0      0      0      0      5      7      6      3     14      7     10     15     29     50     57     47     81     62     38    103    113    123    163    153     51    108     98     52    122    121     69    105     93    106     62    110     49     79     96     55     48     52     66     37     18     17     20     18     48     27     27     10     23     19     25      8     15     11     18      4      3      3      1      2      3      0     19      3      0      0      0      1      0      0      0      4      0      0      0      0      0      5      0      6      0      0      0
      0      0      0      0      0      0      0      0      0      0      0      0      0      0      0      0      2      2      0      1      4      4     15     18     25     33     38     44     55     81     34     41     82    114     56    102    104    104     44     90     62    139     71    140     82     52     81     53     68     68     95     25     38     40     46     62     50     25     30     51     43     26     23     22     23     15      3      6     11     17     14      4      0     13      9      9      5      5      0     11      2      0     11      0      0     10      4      0      0      2      0      0      9      0      0      0      0      0      1      0
      0      0      0      0      0      0      0      0      0      0      0      0      0      0      0      1      0      0      8      4      1      6     13      7     13     34     53     22     39     44     69     65     95     98    106     95    100     50    114     86     70     41    109     27     27     97    116     41     56     59     75     42     40     59     35     65     67     43     13     43     36     16     39      6      6     13      2     10      4      7      2      0      9     21      5     20      0      3      6      0      0      0      0      0      0      1      0      6      0      0      0      5      0      0      0      0      0      0      0      0
      0      0      0      0      0      0      0      0      0      0      0      0      0      0      0      0      0      0      3      4      1      7      6     12     18     37     27     27     32     37     78     83     75     72     45     38     64     86     97     61    122     58     98     65     38     69     81    106     36    105     40     66     19     45     54     61     32     55     50     14     31     38     31     17     17     27     14     12     12     13      9     11      1      9     10      0     22      0      0      8      0      3      0     14      0      3      0      1      0      0      0      0      0      0      0      0      0      2      0      0
      0      0      0      0      0      0      0      0      0      0      0      0      0      0      0      0      0     16      0     12      8      6      6      8     20     20     46     26     44     79     41     87     62     83     52     65    115     46     99     73     59     87     39     79     57     47     43     55     53     39     70     23     81     39     27     71     39     35     36     20     17     17      4     20     18     36     11     10      5      6     10     10     27      5      6      8      6      6      0     12     10      0      0      0      2      0      2      0      3      0      0      0      0      0      0      0      0      0      0      0
      0      0      0      0      0      0      0      0      0      0      0      0      0      0      0      0      0      0      1      9      1      5      8      6     14     29     30     37     47     59     52     58     51     47     69    129    125     74     64     88     96     46     70     72     96     84     80    105     19     72     47     49     51     30     50     33     49     26     25     15     26     32     21     14     17      8     17      8     26      0      1      1      2      9      1      7      2      0      2      0      2      1      0      2      0      6      0      0      1      0      0      0      0      0      1      0      0      0      0      0
      0      0      0      0      0      0      0      0      0      0      0      0      0      0      0      0      0      0      3      5      1      8     11     17     31     16     21     34     23     43     15     39     64     70     35     80     79     39    115     84     82     70    113     80     89     85     63     82     53     98     97     30     81     38     63     25     43     21     65      9     23     23     28      5      9     12     13      5     20     20      1     34      9      9     11      7      6      0      0      7      1      2      0      0      4      0      2      0      0      6      0      0      2      0      4      0      0      0      0      0
      0      0      0      0      0      0      0      0      0      0      0      0      0      0      0      0      0      0      8      4      0      2     12     28      4     31     10     37     26     52     42     81     38     68    101     77     61    107     62     57     69     40     84     65     63     76     63     76     53     58     22     59     70     53     59     28     34      8     30     61     27     24     42     31      4      1      9     11      8     16     27     27     12      2      3      4      5      8      0      3      6      0      9      1      0      0      0      0      9      1      0      0      0      0      0      0      0      0      0      0
      0      0      0      0      0      0      0      0      0      0      0      0      0      0      0      0      0      0      0      6      6      1      2     10     14      7     10     55     21     42     21     65     55     34     38     63     47     57     29     35     40     50     66     39     66     54     77     33     36     36     13     17     47     28     38     23     42     25     18      9     17     18      8     16      5      3     25     28     10      4      6      2      7     17      7      3      2      0      2      0     11      2      3      0      5      0      0      6     11      0      0      0      0      0      0      0      0      2      0      0
      0      0      0      0      0      0      0      0      0      0      0      0      0      0      0      0      0      0      0      0      0      8     17     12     36     16     18     15     26     16     52     54     56     46     51     35    105     39     36     39     55     53     27     70     72     36     74     75     47     52     13     42     14     74     29     26     33     22     37      5     14     17     22      6     15     13      5      7     14     19      1      3      5      7      5      0     10      4      5     14      5      0      9      6      0      2      0      5      1      1      0      0      0      5      0      2      0      0      0      0
      0      0      0      0      0      0      0      0      0      0      0      0      0      0      0      0      0      0      2      5      2      0      9      9      1     24     10     17     20     19     50     36     64     54     54     29     51     46     33     63     37     47     68     67     78     38     45     53     21     41     46     48     20     45     23     63     14      2     28     39     25     13     16      2     12      3      4     10      5      2     11      9     27      5      5      3      1      3      2      0      0      0      0      0      0      0      0      5      2      0      0      3      0      0      2      0      3      1      0      0
      0      0      0      0      0      0      0      0      0      0      0      0      0      0      0      0      0      0      0      0     14      2      0     21      5     11     15     18     17     11     50     53     21     35     42     34     28     62     36     60     54     52     47     42     49     46     43     39     16     26     38     68     37     24     14     23     34     11      9     17      3     14     39      6      6      9      5      2      5      8      0     11      3     14      0      2      0     12      1      2      0      0      0      4      2      0      0      6      1      0      0      0      0      1      1      0      0      0      0      0
      0      0      0      0      0      0      0      0      0      0      0      0      0      0      0      0      0      0      1      8      0      6      0     21      6     14     10     17     19     17     12     21     37     46     24     83     52     36     33     56     38     37    114     65     39     38     37     41     56     26     13     15     11     26     20      5     43     12     16      6     22     11     15     16     21     24      6      7      6      7      2      6      5     10     15      1      8      3      0      0      0      0      8      5      0      0      1      0      0      0      0      0      0      0      2      0      0      0      3      0
      0      0      0      0      0      0      0      0      0      0      0      0      0      0      0      0      0      0      1      0      0      7      0      6      2     35     15      7     51     14     14     33     26     27     26     25     29     22     60     42     57     23     24     53     37     98     25     36     31     23     32     40     16     28     18     30     16     12     14      3     20      2      2      6      0      6      4      4      2     14      1      7      5      0      8      0      4      0      5      4      1      2      0      0      0     13      0      0      0      0      0      1      0      0      0      0      0      0      0      0
      0      0      0      0      0      0      0      0      0      0      0      0      0      0      0      0      0      0      0      3      0      0     11      0      5      1      6     23      8     23     40     19     24     44     16     14     16     11     33     39      7     21     19     16     31     30     59     29     18     11      8     43     35     12     28     22     20     61     25     21     14      3     22     10     19      7      3      8      2      2     10     17      7      2     13      5      0      0      2      1      3      0      0      0      0      0     10      0      0      0     12      0      0      0      0      0      0      0      5      0
      0      0      0      0      0      0      0      0      0      0      0      0      0      0      0      0      0      6      0      9      0      4      0      1      1      9      8      5     16     32     11     27     22     54     16     28     14     11     22     12     29     10     15     24     29     15     59     24      8     14     14     22      6     10      6      6     50      7      6     15     11     10      5      5      4      3      4     13     36      1      2      3      2      0      6      3      0      0      0      0      0      4      0      0      0      2      0      0      1      0      0      0      0      0      0      0      0      0      0      0
      0      0      0      0      0      0      0      0      0      0      0      0      0      0      0      0      0      0      0      0      2     20      0     15     11      6      2      5     24      0     15     17     12     21     34     10     30     26     36     39     39     32     24      9     26     23     34     19     63     33      8     23      8     55     41     39     20      2     16      0     20      4      1     15      2      5      4      2      5      2      1      1      0      0      0      0      1      5      1      0      0      0      5      4      0      0      0      0      0      0      0      0      0      1      0      0      0      0      0      0
      0      0      0      0      0      0      0      0      0      0      0      0      0      0      0      0      0      0      0      0      0      1      0      3      2      0     10     34      9     17      8     15      7     14     48     34     23     12     32     18     24     26      8     35     16      7     27      8     53      5     27     20      9     22     27     13     15     27     28      6      2     10      8     10     10     11      0      1     11      0     10      3      0      0      2      3      7      0      0      0      0      0      0      1      0      0      9      0      0      1      4      0      0      0      0      0      0      0      0      0
      0      0      0      0      0      0      0      0      0      0      0      0      0      0      0      0      0      0      7      0      1      0      7     10     14      2     13     13      9      3      4      8      6     28     25     12     22     12      0     36     31     16      6     20     15     22     21     18     17      2      7      8      4      9     21     10     16      6     27      3     13     20      1      8     10      0      9      0      2     11      4      0      0      0      0      5      0     10      4      0      0      2      0      0      2      0      0      2      0      0      0      0      0      0      0      0      0      0      0      0
      0      0      0      0      0      0      0      0      0      0      0      0      0      0      0      0      0      0      7      1      0      0      2      0      5     10      2      3     12      5      4      7     15      3     25     43     35     37      9     28     22     33     23      9     18     14     10     11     10      9     10     13      1      7     17     13      0      5     21      6      0      0     17      0      2      4      6      2      1      2      8      6      0      0     14      9      0      0      4      0      0      0      0      0      0      0      1      0      0      0      0      0      0      0      4      0      0      0      0      0
      0      0      0      0      0      0      0      0      0      0      0      0      0      0      0      0      0      1      0      0      0      0      2      0      2      5      1      7      8     13     18     10     14      9      6      7     32      9     32     12     17     23     18     20     16     19     32      6      7     11      0      7     27     30      0      2      0      4      6     15      2      3     10      2      2      5      0      6      5      2      0     11      4      0      0      0      0      0      0      0      0      2      1      0      0      0      0      0      0      0      0      0      0      0      0      0      0      0      0      0
      0      0      0      0      0      0      0      0      0      0      0      0      0      0      0      0      0      0      0      0      0      0      0     11      0      1     15      6      2      6      2      0      8     21     36      9     12     19     18      0     10      7     10     19     16      7      7      2     40      5      0      2      5      6      0     14      4      0      2      0      7      3      0     22      0      2      0      0      0     11      0      2      2      0      0      0      0      9      0      0      0      2      0      0      0      0      0      0      0      0      0      0      0      0      0      0      0      0      0      0
      0      0      0      0      0      0      0      0      0      0      0      0      0      0      0      0      0      0      0      1      0      0      0      0      9      2     10      6      2      1      3      1      3      9     16      7     12      4     16      8      5     17      4     18      8     27     13     37      1     13      2     26     16      0      5      6      6      3      6     18      1      1      0      2      0      1      0      0      5      0      3      6      3      1      6      5      0      2      0      0      0      0      1      0      0      0      4      0      0      0      0      0      0      0      0      0      0      0      1      0
      0      0      0      0      0      0      0      0      0      0      0      0      0      0      0      0      0      0      0      0      0      0      2     19      0      0      2      5      4      0      5      6     14     14      4      9     10      0     15      6      0     15      2      5     11      4     11      5      8     20      5      6     13      0      2      1     17     19      5      2      2      2      0      4      4      0      1      0      3      4      0      8      0      1      0      0      2      0      0      0      0      0      0      8      0      0      0      0      0      0      0      0      0      0      0      0      0      0      0      0
      0      0      0      0      0      0      0      0      0      0      0      0      0      0      0      0      0      0      0      0      0      0      0      0      0      4      5      0      3      1      2     15     17      3      4     19      2      6     21     17      8      5      1     24      0      8      0      2      5      1      0      0      0      0      1      7      0      0     10      3      0      4      0      0      0      0      1      0      0      0      0      0      0     22      2      0      0      0      2      0      0      0      0      0      0      6      0      0      0      3      0      2      0      0      0      0      0      0      0      0
      0      0      0      0      0      0      0      0      0      0      0      0      0      0      0      0      0      0      4      0      0      0      0      0      5      3      5      0      2      0      5      0      5     13      2      3      0      3      4      5      9     10      0      6     16      7      7      9      2     14      2      1      5     14      0      2      0      7      0      0      0      4      9      0      5      0      2      3      1      0      0      0      0      0      0      0      0      7      0      0      0      0      0      0      0      0      0      0      0      0      0      0      0      0      0      0      0      0      0      0
      0      0      0      0      0      0      0      0      0      0      0      0      0      0      0      0      0      0      0      0      0      3      0      0      0      4      0      6      1      3     10     12      4      0      1      9      0     13     11      4      3      0      0      5      6      0      7      6      2      0      7      2      0      0      3      4     14      0      0      1      0      0      0      5      0      7      6      0      0      0      0      0      1      1      0      0      0      0      0      1      0      0      0      4      0      0      0      0      0      0      0      0      0      0      0      0      0      0      0      0
      0      0      0      0      0      0      0      0      0      0      0      0      0      0      0      0      0      0      0      0      0      0      0      5      0      4      0      0      1      0      1      1      0      0      2      0      3      2      0      2      3      0      4      3      0      0     13      1      1      0      0      0      0      3      0      0      0      0      0      1      6      1      1      2      0      0      0      0      0      0      0      0      0      7      0      0      0      0      0      0      0      0      0      0      0      0      0      0      0      0      0      0      0      0      0      0      0      0      0      0
      0      0      0      0      0      0      0      0      0      0      0      0      0      0      0      0      0      0      0      0      0      0     11      0      8      2      0      0      0      2      0      2      1      0      0     10      0      7      0      7      0      0      4      0      4      0     14      1      0     11      0      2      3      0     10      0      0      2      6      1      5      0      0      1      0      0      2      0      0      0      1      0      7      0      0      0      0      0      0      0      0      0      0      0      0      0      0      0      0      0      0      0      0      0      0      0      0      0      0      0
      0      0      0      0      0      0      0      0      0      0      0      0      0      0      0      0      0      0      0      0      0      0      0      0      0      0      0      1      0      2      0      4      3      0      5      4      0      0      0      0      6      0      0     16      0      2      0      0      0      1      1      0      0      2      6      0      0      0      1      4     12      0      0     10      0      0      1      0      0      0      0      0      0      0      0      0      0      2      0      0      0      0      0      0      0      0      0      0      0      0      0      0      0      0      0      0      0      0      0      0
      0      0      0      0      0      0      0      0      0      0      0      0      0      0      0      0      0      0      0      0      0      0      0      0      0      0      0      0      0      0      8      1      8      3      0      0      0      4      0      0      1      4      2      0     16      3      0      0      0      0      0      0      0      0      0      0      1      0      3      7      0      0      0      0      0      0      0      0      0      0      0      0      0      0      0      0      0      0      4      0      0      0      0      0      0      0      0      0      0      0      0      0      0      0      0      0      0      0      0      0
      0      0      0      0      0      0      0      0      0      0      0      0      0      0      0      0      0      7      0      0      0      0      0      0      0      0      0      0      0      0      0      0      0      2      0      0      0      0      2      0      2      0      0      0      3      0      0      3      0      1      0      0      1      1      0      0      1      0      0      0      0      0      0      0      0      5      0      0      0      0      0      1      0      0      0      0      0      0      0      0      0      0      0      0      0      0      0      0      0      0      0      0      0      0      0      0      0      0      0      0
      0      0      0      0      0      0      0      0      0      0      0      0      0      0      0      0      0      0      0      0      0      0      0      0      0      0      0      0      0      0      0      1      0      4      0      0      0      0      0      0      0      1      4      0      0      0      0      0      0      0      5      0      0      1      0      0      4      0      0      0      0      0      4      0      0      0      1      0      0      0      0      0      0      0      0      0      0      0      0      0      0      0      0      0      0      0      0      0      0      1      0      0      0      0      0      0      0      0      0      0
      0      0      0      0      0      0      0      0      0      0      0      0      0      0      0      0      0      0      0      0      0      0      0      0      0      0      0      0      0      0      1      0      1      0      0      0      3      1      0      0      0      0      0      0      3      0      3      0      2      0      0      0      0      5      0      0      0      5      0      0      4      0      0      0      1      0      3      0      0      0      0      0      0      0      0      0      0      0      0      0      0      0      0      0      0      0      4      0      0      0      0      0      0      0      0      0      0      0      0      0
      0      0      0      0      0      0      0      0      0      0      0      0      0      0      0      0      0      0      0      0      0      0      0      0      0      0      0      0      0      0      0      0      0      0      1      0      0      0      0      0      0      1      0      0      0      1      0      3      0      0      0      0      0      0      4      0      0      0      5      0      0      0      0      0      0      0      0      0      1      0      0      0      0      0      0      0      0      0      0      0      0      0      0      0      0      0      0      0      0      0      0      0      0      0      0      0      0      0      0      0
      0      0      0      0      0      0      0      0      0      0      0      0      0      0      0      0      0      0      0      0      0      0      0      0      0      0      0      0      0      2      0      2      0      0      0      0      0      0      0      0      0      0      5      0      0      0      0      7      0      0      0      0      0      0      0      0      0      2      0      0      4      0      0      0      0      0      0      0      0      0      0      0      1      0      0      0      0      0      0      0      0      0      4      0      0      0      0      0      0      0      0      0      0      0      0      0      0      0      0      0
      0      0      0      0      0      0      0      0      0      0      0      0      0      0      0      0      0      0      0      0      0      0      0      0      0      0      0      0      5      0      0      0      0      0      0      0      0      0      4      0      0      0      0      0      0      0      3      3      0      0      0      0      0      0      0      0      2      9      0      0      0      0      0      0      4      0      0      0      0      0      0      0      0      0      0      0      0      0      0      0      0      0      0      0      0      0      0      0      0      0      0      0      0      0      0      0      0      0      0      0
      0      0      0      0      0      0      0      0      0      0      0      0      0      0      0      0      0      0      0      0      0      0      0      0      0      0      0      6      0      0      0      0      4      0      0      0      0      0      2      0      0      0      0      0      0      0      0      0      0      0      0      0      0      1      0      0      0      0      4      0      0      0      0      0      0      0      0      0      0      0      0      0      0      0      0      0      0      0      0      0      0      0      0      0      0      0      0      0      0      0      0      0      0      0      0      0      0      0      0      0
      0      0      0      0      0      0      0      0      0      0      0      0      0      0      0      0      0      0      0      0      0      0      0      0      0      0      1      0      0      2      0      0      0      0      0      0      0      0      0      0      0      0      0      0      0      0      0      0      1      0      0      0      0      0      0      0      0      0      0      0      0      1      0      0      1      0      0      0      0      0      0      0      0      0      0      0      1      0      0      0      0      0      0      0      0      0      0      0      0      0      0      0      0      0      0      0      0      0      0      0
      0      0      0      0      0      0      0      0      0      0      0      0      0      0      0      0      0      0      0      0      0      0      0      0      0      0      0      0      0      0      0      0      0      0      0      0      0      0      0      0      0      0      0      0      0      0      0      0      0      0      0      0      0      0      0      0      0      0      0      0      0      0      0      0      0      0      0      0      0      0      0      0      0      0      0      0      0      0      0      0      0      0      0      0      0      0      0      0      0      0      0      0      0      0      0      0      0      0      0      0
      0      0      0      0      0      0      0      0      0      0      0      0      0      0      0      0      0      0      0      0      0      0      0      0      0      0      0      0      0      0      0      0      0      0      0      0      0      0      0      0      0      0      0      0      0      0      0      0      0      0      0      0      0      0      0      0      0      0      0      0      0      0      0      0      0      0      0      0      0      0      0      0      0      0      0      0      0      0      0      0      0      0      0      0      0      0      0      0      0      0      0      0      0      0      0      0      0      0      0      0
      0      0      0      0      0      0      0      0      0      0      0      0      0      0      0      0      0      0      0      0      0      0      0      0      0      0      0      0      0      0      0      0      0      0      0      0      0      0      0      0      0      0      0      0      0      0      0      0      0      0      0      0      0      0      0      0      0      0      0      0      0      0      0      0      0      0      0      0      0      0      0      0      0      0      0      0      0      0      0      0      0      0      0      0      0      0      0      0      0      0      0      0      0      0      0      0      0      0      0      0
      0      0      0      0      0      0      0      0      0      0      0      0      0      0      0      0      0      0      0      0      0      0      0      0      0      0      0      0      0      0      0      0      0      0      0      0      5      0      0      0      0      0      0      0      0      0      0      0      0      0      0      0      0      0      0      0      0      0      0      0      0      0      0      0      0      0      0      0      0      0      0      0      0      0      0      0      0      0      0      0      0      0      0      0      0      0      0      0      0      0      0      0      0      0      0      0      0      0      0      0
      0      0      0      0      0      0      0      0      0      0      0      0      0      0      0      0      0      0      0      0      0      0      0      0      0      0      0      0      0      0      0      0      0      0      0      0      0      0      0      0      0      0      0      0      0      0      0      0      0      0      0      0      0      0      0      0      0      0      0      0      0      0      0      0      0      0      0      0      0      0      0      0      0      0      0      0      0      0      0      0      0      0      0      0      0      0      0      0      0      0      0      0      0      0      0      0      0      0      0      0
      0      0      0      0      0      0      0      0      0      0      0      0      0      0      0      0      0      0      0      0      0      0      0      0      0      0      0      0      0      0      0      0      0      0      0      0      0      0      6      0      0      0      0      0      0      0      0      0      0      0      0      0      0      0      0      0      0      0      0      0      0      0      0      0      0      0      0      3      0      0      0      0      0      0      0      0      0      0      0      0      0      0      0      0      0      0      0      0      0      0      0      0      0      0      0      0      0      0      0      0
      0      0      0      0      0      0      0      0      0      0      0      0      0      0      0      0      0      0      0      0      0      0      0      0      0      0      0      0      0      0      0      0      0      0      0      0      0      0      0      0      0      0      0      0      0      0      0      0      0      0      0      0      0      0      0      0      1      0      0      0      0      0      0      0      0      0      0      0      0      0      0      0      0      0      0      0      0      0      0      0      0      0      0      0      0      0      0      0      0      0      0      0      0      0      0      0      0      0      0      0
      0      0      0      0      0      0      0      0      0      0      0      0      0      0      0      0      0      0      0      0      0      0      0      0      0      0      0      0      0      0      0      0      0      0      0      0      0      0      0      0      0      0      0      0      0      0      0      0      0      0      0      0      0      0      0      0      0      0      0      0      0      0      0      0      0      0      0      0      0      0      0      0      0      0      0      0      0      0      0      0      0      0      0      0      0      0      0      0      0      0      0      0      0      0      0      0      0      0      0      0
