\ 
\ Covariance Function Histogram Table
\ 
\ X Parameter: Metallicity
\ X Abbrev   : FeH
\ X Units    : none
\ X Items    : 100         
\ 
\ Y Parameter: RV Semi-Amplitude
\ Y Abbrev   : K
\ Y Units    : m/s
\ Y Items    : 99          
\ 
|col000|col001|col002|col003|col004|col005|col006|col007|col008|col009|col010|col011|col012|col013|col014|col015|col016|col017|col018|col019|col020|col021|col022|col023|col024|col025|col026|col027|col028|col029|col030|col031|col032|col033|col034|col035|col036|col037|col038|col039|col040|col041|col042|col043|col044|col045|col046|col047|col048|col049|col050|col051|col052|col053|col054|col055|col056|col057|col058|col059|col060|col061|col062|col063|col064|col065|col066|col067|col068|col069|col070|col071|col072|col073|col074|col075|col076|col077|col078|col079|col080|col081|col082|col083|col084|col085|col086|col087|col088|col089|col090|col091|col092|col093|col094|col095|col096|col097|col098|
|int   |int   |int   |int   |int   |int   |int   |int   |int   |int   |int   |int   |int   |int   |int   |int   |int   |int   |int   |int   |int   |int   |int   |int   |int   |int   |int   |int   |int   |int   |int   |int   |int   |int   |int   |int   |int   |int   |int   |int   |int   |int   |int   |int   |int   |int   |int   |int   |int   |int   |int   |int   |int   |int   |int   |int   |int   |int   |int   |int   |int   |int   |int   |int   |int   |int   |int   |int   |int   |int   |int   |int   |int   |int   |int   |int   |int   |int   |int   |int   |int   |int   |int   |int   |int   |int   |int   |int   |int   |int   |int   |int   |int   |int   |int   |int   |int   |int   |int   |
      0      0      0      0      0      0      0      0      0      0      0      0      0      0      0      0      0      0      0      0      0      0      0      0      0      0      0      0      0      0      0      0      0      0      0      0      0      0      0      0      0      0      0      0      0      0      0      0      0      0      0      0      0      0      0      0      0      0      0      0      0      0      0      0      0      0      0      0      0      0      0      0      0      0      0      0      0      0      0      0      0      0      0      0      0      0      0      0      0      0      0      0      0      0      0      0      0      0      0
      0      0      0      0      0      0      0      0      0      0      0      0      0      0      0      0      0      0      0      0      0      0      0      0      0      0      0      0      0      0      0      0      0      0      0      0      0      0      0      0      0      0      0      0      0      0      0      0      0      0      0      0      0      0      0      0      0      0      0      0      0      0      0      0      0      0      0      0      0      0      0      0      0      0      0      0      0      0      0      0      0      0      0      0      0      0      0      0      0      0      0      0      0      0      0      0      0      0      0
      0      0      0      0      0      0      0      0      0      0      0      0      0      0      0      0      0      0      0      0      0      0      0      0      0      0      0      0      0      0      0      0      0      0      0      0      0      0      0      0      0      0      0      0      0      0      0      0      0      0      0      0      0      0      0      0      0      0      0      0      0      0      0      0      0      0      0      0      0      0      0      0      0      0      0      0      0      0      0      0      0      0      0      0      0      0      0      0      0      0      0      0      0      0      0      0      0      0      0
      0      0      0      0      0      0      0      0      0      0      0      0      0      0      0      0      0      0      0      0      0      0      0      0      0      0      0      0      0      0      0      0      0      0      0      0      0      0      0      0      0      0      0      0      0      0      0      0      0      0      0      0      0      0      0      0      0      0      0      0      0      0      0      0      0      0      0      0      0      0      0      0      0      0      0      0      0      0      0      0      0      0      0      0      0      0      0      0      0      0      0      0      0      0      0      0      0      0      0
      0      0      0      0      0      0      0      0      0      0      0      0      0      0      0      0      0      0      0      0      0      0      0      0      0      0      0      0      0      0      0      0      0      0      0      0      5      0      0      0      0      0      0      0      0      0      0      0      0      0      0      0      0      0      0      0      0      1      0      0      0      0      0      0      0      0      0      0      0      0      0      0      0      0      0      0      0      0      0      0      0      0      0      0      0      0      0      0      0      0      0      0      0      0      0      0      0      0      0
      0      0      0      0      0      0      0      0      0      0      0      0      0      0      0      0      0      0      0      0      0      0      0      0      0      0      0      0      0      0      0      0      0      0      0      0      0      0      0      0      0      0      0      0      0      0      2      0      0      0      0      0      0      0      0      0      6      0      0      0      0      0      0      0      0      0      0      0      0      0      0      0      0      0      0      0      0      0      0      0      0      0      0      0      0      0      0      0      0      0      0      0      0      0      0      0      0      0      0
      0      0      0      0      0      0      0      0      0      0      0      0      0      0      0      0      0      0      0      0      0      0      0      0      0      0      0      0      0      0      0      0      0      0      0      0      0      0      0      0      0      0      0      0      0      0      0      0      0      0      2      0      0      0      0      0      0      0      0      0      0      0      0      0      0      0      0      0      0      0      0      0      0      0      0      0      0      0      0      0      0      0      0      0      0      0      0      0      0      0      0      0      0      0      0      0      0      0      0
      0      0      0      0      0      0      0      0      0      0      0      0      0      0      0      0      0      0      0      0      0      0      0      0      0      0      0      0      0      0      0      0      0      0      0      0      0      0      0      0      0      0      0      0      0      0      0      0      0      0      1      0      0      0      0      0      0      0      0      0      0      0      0      5      0      0      0      0      0      0      0      0      0      0      0      0      0      0      0      0      0      0      0      0      0      0      0      0      0      0      0      0      0      0      0      0      0      0      0
      0      0      0      0      0      0      0      0      0      0      0      0      0      0      0      0      0      0      0      0      0      0      0      0      0      0      0      0      0      0      0      0      0      0      0      0      0      0      0      0      0      0      0      0      4      0      0      0      0      0      0      0      0      0      0      2      0      0      0      0      0      0      0      0      0      0      4      0      0      0      0      0      0      0      0      0      0      0      0      0      0      0      0      0      0      0      0      0      0      0      0      0      0      0      0      0      0      0      0
      0      0      0      0      0      0      0      0      0      0      0      0      0      0      0      0      0      0      0      0      0      0      0      0      0      1      0      0      0      0      0      0      0      0      0      0      0     12      0      0      0      0      0      0      0      0      0      0      0      0      7      0      0      2      1      0      0      0      0      0      0      0      2      0      0      0      0      0      0      0      0      0      0      0      0      0      0      0      0      0      0      0      0      0      0      0      0      0      0      0      0      0      0      0      0      0      0      0      0
      0      0      0      0      0      0      0      0      0      0      0      0      0      0      0      0      0      0      0      0      0      0      0      0      0      0      0      0      0      0      7      0      0      0      0      0      0      0      0      0      0      0      0      2      0      0      0      0      0      8      0      0      2      0      4      0      0      0      3      0      0      0      0      0      0      0      0      0      0      0      0      0      0      0      0      0      0      0      0      0      0      0      0      0      0      0      0      0      0      0      0      0      0      0      0      0      0      0      0
      0      0      0      0      0      0      0      0      0      0      0      0      0      0      0      0      0      0      0      0      0      0      0      0      0      0      0      0      0      0      0      0      0      0      0      1      0      0      0      1      0      0      0      0      2      0      0      0      0      0      0      0      0      6      0      0      0      0      0      0      0      0      0      0      0      0      0      0      0      0      0      0      0      0      0      0      0      0      0      0      0      0      0      0      0      0      0      0      0      0      0      0      0      0      0      0      0      0      0
      0      0      0      0      0      0      0      0      0      0      0      0      0      0      0      0      0      0      0      0      4      0      0      0      0      0      0      0      0      3      0      0      0      0      0      0      0      0      1      3      0      0      0      0      0      0      0      0     14      5      0      0      0      0      0      0      0      0      0      0      0      0      1      0      0      0      0      0      0      0      0      0      0      0      0      0      0      0      0      0      0      0      0      0      0      0      0      0      0      0      0      0      0      0      0      0      0      0      0
      0      0      0      0      0      0      0      0      0      0      0      0      0      0      0      0      0      0      0      0      0      0      0      0      0      0      0      0      0      0      0      0      0      0      0      0      0      0      0      0      0      0      0      0      0      0      0      0      0      0      0      1      0      0      0      0      0      5      7      0      0      0      0      0      1      0      0      0      0      0      0      0      0      0      0      0      0      0      0      0      0      0      0      0      0      0      0      0      0      0      0      0      0      0      0      0      0      0      0
      0      0      0      0      0      0      0      0      0      0      0      0      0      0      0      0      0      0      0      0      0      0      0      0      0      0      0      0      5      0      0      2      0      0      0      0      0      0      0      0      0      0      0      0      4      0      2      0      2      7      0      0      1      0      0      0      0      1      0      0      0      6      6      2      1      3      0     13      0      0      0      0      0      0      0      0      0      0      0      0      0      0      0      0      0      0      0      0      0      0      0      0      0      0      0      0      0      0      0
      0      0      0      0      0      0      0      0      0      0      0      0      0      0      0      0      0      0      0      0      0      0      0      0      0      0      0      0      0      0      0      2      0      0      3      0      0      0      0      0      0      0      2      0      0      4      0      0      4      1      0      1      0      1      0      0      0      0      0     18      7      0      0     14      2      0      0      2      8      0      1      0      0      0      0      0      0      0      0      0      0      0      0      0      0      0      0      0      0      0      0      0      0      0      0      0      0      0      0
      0      0      0      0      0      0      0      0      0      0      0      0      0      0      0      0      0      0      0      0      0      0      0      0      0      0      0      0      0      0      1     10      0      0      4      0      0      0      0      6     10      3      0      3      6      0      0      3      0      3      0     14      5      6      2      0      2      0      0     20      0      2      0      0      3      0      5      0      0      0      0      0      0      0      0      0      0      0      0      0      0      0      0      0      0      0      0      0      0      0      0      0      0      0      0      0      0      0      0
      0      0      0      0      0      0      0      0      0      0      0      0      0      0      0      0      0      0      0      0      0      0      2      0      0      0      4      1      0      0      0      0      7      0      0      4      5      3      2      3      0      0      2      1      0      5      2      0      0      5      0      1      0      7      0      0      0      0      1      2      6      3      0      0      0      0      0      0      0      0      0      0      0      0      0      0      0      0      7      0      0      0      0      0      0      0      0      0      0      0      0      0      0      0      0      0      0      0      0
      0      0      0      0      0      0      0      0      0      0      0      0      0      0      0      0      0      0      0      0      2      0      0      0      0      0      0      0      0      1      4      0      0      0      2      0      1      0      5      0      0      0      0      1      6      0      0      0      0      4      1      0     10      4      5      6      0      0     11      0      0      1      5      0      0      1      0      2      0      3      0      0      0      0      0      0      0      0      0      0      0      0      0      0      0      0      0      0      0      0      0      0      0      0      0      0      0      0      0
      0      0      0      0      0      0      0      0      0      0      0      0      0      0      0      0      0      0      0      0      0      0      0      0      4      0      0      0      0      2      0      0      8      0      1      0      0      3     12      3      0      0      2     10     12      3      0      5      0      1     20      0      4      0      0      6      0      6      0     35      0      1      0      1      3      2      0      0      0      0      0      2      0      0      0      0      0      0      0      0      0      0      0      0      0      0      0      0      0      0      0      0      0      0      0      0      0      0      0
      0      0      0      0      0      0      0      0      0      0      0      0      0      0      0      0      0      0      0      0      0      0      0      0      0      0      0      0      0      5      0      3      0      0      0      0      3     20      1      2      9      1      0      1      6      0     14      2      0      0     14      8      0     11      5      0      2      7      0      0      3      8      0      0      0      1      1      0      3     17      0      0      5      0      8      0      0      0      0      0      1      0      0      0      0      0      0      0      0      0      0      0      0      0      0      0      0      0      0
      0      0      0      0      0      0      0      0      0      0      0      0      0      0      0      0      0      0      0      0      0      0      1      0      4      1      3      0      3      0      0      1      0      0      2      1      2      1      4      4      4      9      0      4      4      3      9     14      8      6      0      6      0      0      4      2      8      2      0      5     16      3      7      0      8      0      2      0      0      6      0      0      4      0      0      2      1      0      0      0      0      0      0      0      0      0      0      0      0      0      0      0      0      0      0      0      0      0      0
      0      0      0      0      0      0      0      0      0      0      0      0      0      0      0      0      0      0      0      0      0      0      0      0      0      0      0      1      1      5      0      0      0      0      0      4      0      3     27      7      2      1      6      7      3      0      5     11     10     18      5      4     19      3     13     12      5      1      0      1     11      0      0     28      0     10      0     12      0      0      0      1      0      3      0     14      0      0      2      0      0      0      0      0      0      0      0      0      0      0      0      0      0      0      0      0      0      0      0
      0      0      0      0      0      0      0      0      0      0      0      0      0      0      0      0      0      0      0      0      0      0      0      0      1      0      4      0      3      3      5      2     10      0      4     19      2     11      3     13      0      0      8      2      2      4      0      3      6      0      3      8      5      3      9      2      7     19      5     26     11      0      4      0     11      1     12      0      4      0      2      0      1      0      0      0      0      0      0      0      0      0      0      0      0      0      0      0      0      0      0      0      0      0      0      0      0      0      0
      0      0      0      0      0      0      0      0      0      0      0      0      0      0      0      0      0      0      0      0      0      0      0      3      0      0      0      0      3      0      0      5      4      0      5      0     26      0     11      2      1      4     10      8     16      0     14     16     11     11      4     15      2      9      3      3     35     10      0      5      9      0      6      4      4     10     15      0      0      0      0      1      0      0      0      0      1      0      0      5      0      0      0      0      0      0      0      0      0      0      0      0      0      0      0      0      0      0      0
      0      0      0      0      0      0      0      0      0      0      0      0      0      0      0      0      0      0      0      0      1      0      6      0      1      0      0      0      0      3      0      1      2      1     11     10      5      6      5      0     10     23     20      0      5     15      9      0     15     11      6      8     11     13     15     20     11      3      5      5      9     10     16     13      0      5      3      8      7      3      9      4      0      0      3      0      0     10      0      0      2      0      0      0      0      0      0      0      0      0      0      0      0      0      0      0      0      0      0
      0      0      0      0      0      0      0      0      0      0      0      0      0      0      0      0      0      0      0      0      0      0      0      2      0      0      1      1      2      9      0     20      0      4      1     20     17      8     22     12     10      5      9      4     16     11      3     12     12     14     14     18     19     22      6      7      3     12      0     22     18      7      5      4      5      6      4     15      0     21      5      7      0      2      0      1      6      0      0      2      4      0      0      0      0      0      0      0      0      0      0      0      0      0      0      0      0      0      0
      0      0      0      0      0      0      0      0      0      0      0      0      0      0      0      0      0      0      0      0      0      0      0      0      0      1      0     17      2      0      0     10      8      0      2      1      4      1      8     16     23      5      1      9      7     19      3     26      2     27     27      3      5      9      4     15     21      8      9     23     13     12      8     25      4     16      7      0      8     15      0     10      4      0      4      0      3      4     22      0      0      0      0      0      0      0      0      0      1      0      0      0      0      0      0      0      0      0      0
      0      0      0      0      0      0      0      0      0      0      0      0      0      0      0      0      0      0      0      0      0      9      0      0      4      6      1     11      2      7      0     13     16      7      8     16      3     21      7      5     14     11      8     21     16     28     29     18     11     30     15      6     21     38     11     28      4     26     17      6      7     28     11      7      0      1      0      0      4      8      4      3     13      2      3      0     14      7      7      0      0      0      0      0      0      1      0      0      0      0      0      0      0      0      0      0      0      0      0
      0      0      0      0      0      0      0      0      0      0      0      0      0      0      0      0      0      0      0      0      0      6     11      0      1      1      0     17      2      3     13      5      0     13     24     24      5     21     20     15      6     11     14     22     31     20     29     10     18     27     32     31      7     16     12     30     26     16     16     24      1     10     15     19     14     19     15      6      3      9     10      4      7      3      1      0      1      1      0      0      0      1      0      0      0      0      0      0      0      0      0      0      0      0      0      0      0      0      0
      0      0      0      0      0      0      0      0      0      0      0      0      0      0      0      0      0      0      0      0      0      0      0      6     11      4      5      0     19      3     10      4     23     13     10     13     32     26     38      2      9     38     40     40     25     29     41     36     11     18      8     51     16     23     12      7     13     31     26     24     18      4     30      4      9     37     11      5     14     10      0      9     13      4      0      0      0      6      7      0      0      6      0      0      0      0      0      0      0      0      0      0      3      0      0      0      0      0      0
      0      0      0      0      0      0      0      0      0      0      0      0      0      0      0      0      3      3      0      0      5      0      7     18     11      0      3      5      5      8      3      9     13     30      9     14     15     13     13     20     21     19     26     60     10      6     37      8     48     16     26     11     15     50     47     30     27      4     17     15     20     13     18      5     37     18     26      0     11     19      8      9      0     20      6      0      0      0      0      0      0      0     21      0      0      0      0      0      0      3      0      0      0      0      0      0      0      0      0
      0      0      0      0      0      0      0      0      0      0      0      0      0      0      0      0      0      0      0      0      6      2      9      4      0     14      7      4      6      0     17      9      4      8     13     14      1     23     21     14     30     21     52     41     11     42     18     31     32     31     24     34     17     20     24     26     37      0     39     25     37      7     16     11     55     39     16     21     22      8      1      0      0     11     11      0      0      3      3      0      0      0      0      2      0      3      0      0      3      0      0      0      0      0      0      0      0      0      0
      0      0      0      0      0      0      0      0      0      0      0      0      0      0      0      0      0      0      0      0      6      0      3     14      4      1      4      3     40     15      4     11      0     19     27     38      9     28      7     27     16     16     26     41     41     36     30     24     30     45     21     21     54     17     24     25     44     28     40     36     30     13     18     29     35      9     11     23     23      9      2     12      8      0      0      1      3      2      5      0      0      0      0      0      0      1      0      0      0      0      0      1      0      0      0      0      0      0      0
      0      0      0      0      0      0      0      0      0      0      0      0      0      0      0      9      0      0      1      0      4      0      0      5      4      0      5      3      1     20      6      8      7     19     17     25      6     26      8     23     31     28     18     39     12     62     40     90     63     51     31     23     34     47     37     26     43     19     31     25     13     32     39     10     15      9     10      5     13     12      5     19     25      3      0     22      0      4      0      0      0      1      0      0      0      3      0      0      0      0      0      0      0      0      0      0      0      0      0
      0      0      0      0      0      0      0      0      0      0      0      0      0      0      0      5      0      5      2      0      9      0      0      7      0     20     11     20      0      7     15      4     11     23     19     18     37     37     47     47     10     44    101     33     47     53     21     48     44     53     12     15     75     43     28     21     35     67     55      5     25     38     19     63     21      5      5     22      4      2     28     18      8      4     18      5      0      3      0      0      0      0      0      0      0      8      0      0      0      0      0      1      0      0      1      0      0      0      0
      0      0      0      0      0      0      0      0      0      0      0      0      0      0      0      2      6      4      0      0      4      2     19      2      5      8     17     16      0     41     33     12      7     50     32     41      7     34     19     37     22     57     44     61     36     37     24     55     39     36     45     31     47     48     40     31     48     30     64      2     76     50     55     17     32     16     23     24     15     45     30     12      1      4      0      0      0      4      0      0      6      0      0      0      0      0      0      4      0      0      0      0      0      0      0      0      0      0      0
      0      0      0      0      0      0      0      0      0      0      0      0      0      0      0      2      0      2      0      0      0      2      3      2     11     12      5     28     22      0     16      7     20     23     19     37     33     45     57     34     71     57     55     41     34     74     93     76     42     22     46     40     49     45     34     48     49     44     58     21     50      8      1     28     42     52     11     31      6     57      4      4      4     28      3     10      0      6      0      3      0      4      0      0      0      0      0      0      0      0      0      0      0      0      0      0      0      0      0
      0      0      0      0      0      0      0      0      0      0      0      0      0      0      4      0      2      1      0      0      0      1      0      0      3     21      3      3     12      3     39     15     18     19     24     20     39     22     48     50     32     22     79     61     44     50     35     87     64     41     73     57     60     17     61     49     38     48     19     60     42     43     57     35     54     42      9      8     13     13     10      6     13     10      1      1      5      2      6      1      8      3      0      0      3      0      0      0      0      0      0      0      0      0      0      0      0      0      0
      0      0      0      0      0      0      0      0      0      0      0      3      0      0      0      3      0      0      0      1      0     14      0      2      0     13     10     17     33     10     26     34     25     28     24      9     48     38     65     48     22     30     54     75     44     74     46     73     67     37     76     76     38     81     50     53     54     69     19     27     43     22     14     24     47     44     32     23     20     14     11      6      7     13     19      2      4     14      5      0      0      0      1      0      0      0      0      0     13      0      0      0      0      0      0      0      0      0      0
      0      0      0      0      0      0      0      0      0      0      0      0      7      3      1      9      0      0      0      3      4      1      2      6     23      7     13      9     40     26     37     19     19     51     18     28     21     29     18     31     77     76     54     67    119     86     57     65     88     84     60    103     82     65     82    102     24     52     49     42     34     84     26     40     40     45     13      1     29     19      7     26      2      5     21      5     12     10      6      1      4      0      1      1      0      1      0      0      0      0      0      0      0      0      0      0      0      0      0
      0      0      0      0      0      0      0      0      0      0      0      0      0      0      0      0      2      4      2      4      1      1      9      8     13      0     17     12     14     11     21     32     40     47     22     38     43     23     40     68     79     29     35     26    102     34     60     28     58     56     78     74     49     50     62     76    101     36     21     63     53     38     12     67     39     12      8     46     20      3     12     18      0      5     13     10      2      1     13      2      5      0      0      0      0      0      0      0      0      0      0      0      0      0      0      0      0      0      0
      0      0      0      0      0      0      0      0      0      0      0      0      0      0      2      0      0      2      1      0      4     15     10      7      7     13      4      3      2      3     14     25     34     17     65     30     30     67     51     26     64     61     87     57     76     55     58     60     29     85     99     57     70     62     60     89     85     87     31     52     56     52     26     60     28     46     21     10     11     32     18      2     10     18      6      5     27      0      1      0      4      0      2      0      0      1      0      0      0      0      0      0      0      0      0      0      0      0      0
      0      0      0      0      0      0      0      0      0      0      0      0      0      0      1      0      2      0      7      4     14      0      3      6     16      8     14      3      1      5     25     17      0     28     38     18     33     30     39    100     87     66     56     85     49    104    118     47     60     33     85     55     36    117     88    117    145     56     59     51     66     59     39     47     14     32     54     25     35     23     30     10     30      0      0      0      1      0      0     11     13      0      0      0      0      4      0      1     10      0      0      0      0      3      0      0      0      0      0
      0      0      0      0      0      0      0      0      0      0      0      0      0      0      4      0      0      1      4      0      5      5     26      5     11     18     24      8     20     29      8     21     39     38     38     54     47     18     63     65     78     48     36     78     78    129     75     76     31     92    103     42    108     82     83     86     93     58     77     54     31     39     38     62     23     41     47      6     52      3     11     13     31     12     17      1      9      7      3      2      4      0     16      7      4      1      2      0      0      4      0      0      2      0      0      0      0      0      0
      0      0      0      0      0      0      0      0      0      0      0      0      2      0      5      0      0      3      0      0     10     14     18     12      8      4      2     19     18     13     11     42     44     16     65     52     52     77     65     50     76     68    108     78     66     98     67     65    150    108    108     61     46     99     74     56     67     62     43     87     33     44     44     46     23      7      7     16     18     44     22     27      4     33      4      0      4      3      0      2     22      0      0      0      0      0      2      1      0      0      0      0      0      0      0      0      0      0      0
      0      0      0      0      0      0      0      0      0      0      0      0      0      1      1      0      1      0      0      4      5      0      5      2      5     16     10     12     13     19     65     16     20     34     43     23     50     49     51     30     47     51     74    107    112     61     42     61     66     58     85     96     74    121     97     63     82     50     87     78     40     59     24     67     23     10     18     54     49     39      1     15     15     39      7      9      3      3      0      5      0      1      3      2     15      2      0      2      2      0      1      0      0      0      0      0      0      0      0
      0      0      0      0      0      0      0      0      0      0      0      0      0      0      0      0      0      0      0      8      1      2      6      2     12      6      6      2     27      9     46     28     21     17     24     71     52     32     36     43     66     99     80     92     99     40    182     71    104     83     85     62    143     72     67     78     74     40     78     43     71     53     44     60     51     64     44     33     55     59     17     46      6     17      6     13      6     37     13      6      6     31      1      0      0      0      0      0      2     18      0      0      0      0      0      0      0      0      0
      0      0      0      0      0      0      0      0      0      0      0      0      0      3      0     12      0      0      0      3     12     12      2     27     11      7     12     12     18     25     13     29     32     46     78     91     19     60     38    110     41     93     72     85     77     33     78     69     65     80     97     83     89     62     54     78     70     87     30     25     68     45    106     55     32     50     46     82     32     33     39     24      1     11      7      3      4      7      2     14      4      0      1      9      0      0      0     11      0      0      0      0      0      0      0      0      0      0      0
      0      0      0      0      0      0      0      0      0      0      0      0      3      0      0      0      0      2      0      0     18      1     10      5     13      5     24     15     27      8     20     11     49     56     18     43     74     42     49     62    115    110    102     58    135     66    100     93    118     80     90    114     66    103     98     89     45     62     51     70    122     48     45     45     26     16     31     56     28     30     24     13     37     37     13      9      0      7      6      0      0     13      8      1      0      0      0      0      0      0      0      0      0      0      0      0      0      0      0
      0      0      0      0      0      0      0      0      0      0      0      0      0      0      0      0      5      2     11      8      0     10     10     12      6     12      9     19     32     21     41     34     46     70     31     45     52     14     59     79     62     38    142    140     73     32    108     86    100     97     67     95    159     52     65     80    135     76     54     64     56     53     33     53     61     14     28     36     23     27     29      2     10      8      4      0      0      8      7      0      3      0      4      1      0      1      0      0      0      0      0      0      0      0      0      0      0      0      0
      0      0      0      0      0      0      0      0      0      0      0      0      0      2      0      0      0      0      1      2      9     10      3      4      4      7     10     11     12     20     20     19     42     47     38     72     53     65     75     97     97     50     67    100     74    106     49    117    129    111     99     99    147    115     77     49    108     60     53     70     66     76     17     32     22     25     54     44     37     20     24     31     11      2      1      7      3      3      2      6      0      0     20      5     10      6      0      0      2      0      9      0      0      0      0      0      0      0      3
      0      0      0      0      0      0      0      0      0      0      0      0      0      3      3      2      0      0      1      1      3      1      3     11     12      3      6     11     15     47     13     53     19     33     56     31     50     58     58     77     82     75     54     59     98     71    114     89     41    109     68     48    139     76     86    106     51     92     69     60     33     76     30     38     32     23     43     22     23     17     26      5      4     11      0     36     15      0      4      4      4      4      0      0     17      0      0      0      0      0      1      0      0      0      0      0      0      0      0
      0      0      1      0      0      0      0      0      0      0      0      8      0      0      1      2      0      0      0      3      0      5     12      2      6     37     21     25     53     50     24     24     47     30     36     57    119     49     23     67     68     86     90     85     94    124     72     97     52    100     74    167     92     90     82     77     92     68     46     82     88     74     37     80     31     58     19     26     46      8     15     12     16     12     28      5      6      3     13      0      0      1      0      0      0      0      0      0      4      0      1      0      0      0      0      0      0      0      0
      0      0      0      0      0      0      0      0      0      0      0      0      0      3      0      0      0      0      2      0      3      2      2      2     21     18     40     20     10     20     25     29     34     46     36     83     42     25     54     55     40     95     60     86     55    117     58    111     46     70    104    109     77     27     30     67     65     77    101     45     44    113     51     71     87     52     35     26     17     25     23     11     39     14      9      3     19      4      3      2      0      4      0      0      0      0      0      0      0     11      0      0      0      0      0      0      0      0      0
      0      0      0      0      0      0      0      0      0      1      0      0      0      0      1      0      1      0      1      1      7      2     18     13      8     13     18      3     14     18     50     31     27     23     34     54     34     37     47     52     61     42     30     48    103     65     93     59    143    139     80     59     80    144     62    101     55     70     25     71     68     42     46     43     19     13     17      7     28     10     29     16     23      9      6     16      1     23      8      0      4      0      4      0      2      0      0      0      0      0      0      0      0      0      0      5      0      0      0
      0      0      0      0      0      0      0      0      0      0     10      0      0     10      0      0      2      0      0      4      1      2      4     26      4     14     11     13     11     49      6     44     29     35     20     50     40     56     70     53     60     31     89     39     52     57     55    101     23     64     52     87     45     55    100    131    101     71     93     82     23     49     22     84     30     13     47     31     30     27     29     13      6      9     17      4      2     10      0      4      1      2      1     13     11      0      0      0      1      0      0      0      8      0      0      0      0      0      0
      0      0      0      0      0      0      0      0      0      5      0      0      0      1      0      3      0      1      0      1      8      1      0      0      5      5     12     32     19     25     23     37     27     11     15     28     95     54     29     25     35     52     50     54     94     72     81     71     91     57     94     91     98     65     39     75     35     51     91     42     23     71     69     34     23     19     49     45     12      6      7     52      3      0      8      9      4     11      2      0      9      4      4      0      0      0      0      0      0      0      0      0      0      0      0      0      0      0      0
      0      0      0      0      0      0      0      0      0      0      0      0      0     10      1      0      6      2      0      0      0      4      4     18     13      6     13     12     16     20     42     11     19     50     48     29     26     29     26     47     65     46     87     94     43    119     72     92     75     78     30     60     60     41    116    123     74     52     58     38     37     65     42     34     32     64     47     22     10     12     11      7     14      1     10     19      1      4      2     10      0      0      1      6      7      0      0      0      0      0      0      0      0      0      0      0      0      0      0
      0      0      0      0      0      0      0      0      0      0      0      0      0      0      0      0      0      0      0      0      0      3      8      2     13      5     10     22     24     32     16      7     15     23     57     52     28     32     50     40    101     92     77     71     81     84     32     67    108     70    109     48     27     53     64     66     80     99     31     78     55    102     13    101     30     12     34     35      9     26     13      3      0     27      7      7      0     13     26      0      2      5      7      0      0      0      0      0      1      0      0      0      0      0      0      0      0      0      0
      0      0      0      0      0      0      0      0      0      0      0      0      0      0      7      0      0      0      4      0      0      8      2     11     14      8     16      7     21     34     24     40     21     26     43     52     23     39     31     42     54     26     79     73     56     81     96     82     60    109     83     76     65     64     51     58     85     55     36     36     74     49     52     43     43     32     14     17      9     41      7     32     12     12      9      1      0      6      6      5      3      0      2      2      0      0      0      0      0      0      0      0      0      0      0      0      0      0      0
      0      0      0      0      0      0      0      0      0      0      0      0      2      0      0      2      3      0      1      4      7      1      5     19     17     10     13      9     11     17     35     14      4     18     52     15     40     41     27     60     52     17     61     40     54     44     69     29     61     46     47     37     46     21     36     39     58     50     26     33     26     41     48     24     29     17     26     17     17      3      1      2      0     13      4     10      3      0      8      5      0      6      0      2      0      0      0      0      0      0      0      0      0      0      0      0      0      0      0
      0      0      0      0      0      0      0      0      0      0      0      0      2      0      0      0      0      8      0      3      1      0      3      0      0     12      7      2      7     14     21     13      8     22     38     65     41     33     24     31     43     56     26     35     52     66     68     51     59     47     97     60     64     54     81     64     45     35     47     33     16     43     22     29     27     11     25     13      8     29     13     15     19      4      7      2      1      8      0      2      0      0      0      0      0      3      0     22      0      0      0      0      0      0      0      0      0      0      0
      0      0      0      0      0      0      0      0      0      2      0      0      0      0      0      0      0      1      3      6      0      1      6      0     15      4      6      1     28     29     28     24     27     15     33     19      6     42     64     53     40     20     27     79     58     13     56     47     57     46     30     66     46     31     75     33     45     35     20     42     77     32     26     21     34     28     11     14      6      4      3      7      7      7      5     22      0      3      0      2      0      0      0      0      7      0      0      0      0      0      0      0      0      0      0      0      0      0      0
      0      0      0      0      0      0      0      0      0      0      0      0      5      0      1      0      0      5      0      9      0      0      7      0      4      3      9     17     11     13     30      3      2      8     22     57     29     26     21     19     41     28     32     38     26     23     36     34     14     43     60     51     45     58     45     52     30     21     67     25     48     16     43     40     14     25     18      0     16      5     19     11      1     15      4      2     11      6      1     13      0      9      0      0      0      0      0      0      0      0      2      0      0      0      0      1      0      0      0
      0      0      0      0      0      0      0      0      0      0      5      0      0      0      0      0      0      0      0      0      7      0      4      0      2      0      4      8     10      3      1     21      1     55     65     22     63     24     23     40     30     37     54     31     65     20     29     63     35     59     66     49     39     28     41     64     53     16     24     10     47     20     11     33      8     11     12     20      5      2      2     10      0      5      1      1      0      3      0      7      7      3      2      0      0      0      0      0      0      0      0      0      0      0      0      0      0      0      0
      0      0      0      0      0      2      0      0      0      0      0      0      0      2      0      0      0      0     11      7      0      0      0      0      0      4      1      4     33      8      5      1     33      9     50     23     22     20     19     27     30     46     33      6     37     78     52     51     36     23     39     34     22     21     18      2     43     37     47     17     28     21     11     41     28     13     15     10      6      4      3      7      5      2      0     14      0      0      7      1      0      0      0      2      0      0      0      0      0      0      0      0      0      0      0      0      0      0      0
      0      0      0      0      0      0      0      0      0      0      0      0      0      3      0      0      0      0      0      2      0      0      0      0      0      1     10      0     12     11      8     10     11      8     18     22     21     25     12     33      6     44     64     34      4     20     32      8     30     50     49     33     39     26     33     26     27     32     21     15     47     47     33      6      7     25      0      1     18      5     11     10      0      2     13      1      1      0      5      7      1      0      0      0      0      0      0      0      0      0      0      0      0      0      0      0      0      0      0
      0      0      0      0      0      0      0      0      0      0      0      0      0      0      5      0      0      1      0      0      0      0      0      5      1      2      4      5      3      1      4     30      6     16     10     21     16      6     27     22     65     12     41     10     21     20      8     15     26     48     38     18     16     47      3     20     14     30     40      6      6     11      1      9      1      5      5     13     20      0     11      0      7      3      7      0      2      0      0      0      0      0      0      0      0      1      0      0      5      2      0      0      0      0      0      0      0      0      0
      0      0      0      0      0      0      0      0      0      0      0     12      0      0      0      0      0      5      0      0      0      5      0      0      0      0      0      0      1      9      0     16      1      7     25      1     14     26     15     67     25     24     43     10     17     28     10     56     32     50     25      1     27     47     15     14     15     34     16     35      6     42      9     15      2     16     45     17      9      0      4      3      2      2      0      0      0     12      0      2      0      1      1      0      0      0      2      0      0      0      0      0      0      0      0      0      0      0      0
      0      0      0      0      0      0      0      0      0      0      0      0      0      0      0      0      0      0      0      0      5      0      0      0      3      0      8      0      7      3      0      6      3      6     10      5     12     10      5      8     19     10     55     13     31     39     48     14     41     22     33     10     36     12      8     35      5      5     45     22     14     36     41     18      1     28     11     26      1     10      0      0      0      0      4      6      2      1      0      0      0      0      0      0      0      0      0      0      0      0      0      0      0      0      0      0      0      0      0
      0      0      0      0      0      0      3      0      0      0      0      0      0      0      0      0      0      0      0      0      0      0      3      2      3     15      0      9      6      2      2      0      6     16     24     64     11     15      4     24     32     26     11      5     17     13     21     19      5      9     10     16     21     10     22     10     13     12     15      6     19     20      8      7      7      7      7     16      1      5      0      0      8      0      3      0      0      1      0      0      3      0      0      0      0      0      0      0      0      0      0      0      0      0      0      0      0      0      0
      0      0      0      0      0      0      0      0      0      0      0      0      0      0      0      0      0      0      0      0      3      0      2      0     18     12      0     12     12     11      5      5     15     11      7      9      5      6      4     10     15     14     15     16     30     10     15     17     11      4     17      7     18     14     39     29      9     14     17      4     20      5     25      3      5      9      1     19      9      8      8      0      0      0      0      5      0      0      5      2      0      2      0      0      0      0      0      0      0      0      0      0      0      0      0      0      0      0      0
      0      0      0      0      0      0      0      0      0      0      0      0      1      0      0      0      0      0      0      0      0      0      1      1      5      0      6      2      3     12      0      0      0      8     10      5     12     12      9      9      9      5     21      7     19     11     23      6     16     16     20     21     10     13     33     23     43      0     22      6      0     12     11      8     17     11      7      1      1      1      1      6      0      0      2      0      0      3      0      3      0      2      0      0      0      0      0      0      0      0      0      0      0      0      0      0      0      0      0
      0      0      0      0      0      0      0      0      0      0      0      0      0      0      0      0      0      0      0      0      2      0      0      0      0     10      2      2      1      2      0      0      3      0     16      0      3      7     15      5      1      3      7     12     17      2     11     10     24     29      7     38     14      0     12     22     11     12      4      6      1      7      0      3      1      8      3      4     13     10      0      7      1      3     11      0      0      0      0      0      0      0      0      0      0      0      0      0      0      0      0      0      0      0      0      0      0      0      0
      0      0      0      0      0      0      0      0      0      0      0      0      0      1      0      0      0      0      0      2      0      0      1      0      0      0      0      0      3      5      8     26     11      3      1     13      0      4      0      0     21     11      9     13      6     16     17      8     25     16      9     37     13      6     18      5      0     16     18      1      1      3      9     14      3      0      2      0      0      1      6      0      2      0      0      0      0      0      0      0      0      0      5      1      0      0      0      0      0      0      0      0      0      0      0      0      0      0      0
      0      0      0      0      0      0      0      0      0      0      0      0      0      8      0      0      0      0      0      0      0      0      2      0      0      0      0      5      3      0      5      0      6      1      0      7      6     24      2      7      4      9      8     16     14      3     30      5      7     13      3      9      1      7      1      0      0     10     13      4      4      5      0     17     11      2      3      1      0      6      0     10      5      0      0      8      1      0      1      0      0      0      0      0      0      0      0      0      0      0      0      0      0      0      0      0      0      0      0
      0      0      0      0      0      0      0      0      0      0      0      0      0      2      0      0      0      0      0      1      0      0     11      0      0     12      1      5      0      0      4      2      0      7      3      0      0      4      0      9      0      0      0      1      3      3      7      6     11      0      6     51      1     12      2     16      5      0      0      5      4      1      4      0      0      1      8      4     12      0      0      2      0      0      0     10      0      0      0      0      0      0      0      0      0      0      0      0      0      0      0      0      0      0      0      0      0      0      0
      0      0      0      0      0      0      0      0      0      0      0      0      0      0      0      0      0      0      0      0      4      0      0      0      0      0      0     15      5      2      0     11      0      3      0      5      0      5      0      2      5      2      6     15     10      3      1      2      5     11      2     12      0      5      0     15     12      3      7      0      7      0      0      4      0      5      0      0      0      0     12      0      0      0      0      5      0      0      0      0      0      0      0      0      0      0      0      0      0      0      0      0      0      0      0      0      0      0      0
      0      0      0      0      0      0      0      0      0      0      0      0      0      0      0      0      4      0      0      0      0      0      0      5      0      0      1      0      0      6      0      0      0      7      1     12      6      0      0     17      2      3      4      8     13      0      0      5      4      0     18      8      2      3      5      0      0      0      0      6     10      3      0      0      4      0      0      9      0      0      0      0      0      0      0      0      0      0      0      0      0      0      0      0      0      0      0      0      0      0      0      0      0      0      0      0      0      0      0
      0      0      0      0      0      0      0      0      0      0      0      0      0      3      0      0      0      0      0      0      0      0      0      0      0      0      0      0      0      0      0      0      0      2      1      0      3      0      4      0      0      0      3      0      0      8      2      0      0      6      1      1      3      5      0      4      1      0      7      1      5      0      1      0      1      0      0      0      0      0      3      0      0      0      0      0      0      0      0      2      0      0      0      0      0      0      0      0      0      0      0      0      0      0      0      0      0      0      0
      0      0      0      0      0      0      0      0      0      0      0      0      0      0      1      0      0      0      0      0      0      0      2      0      0      0      0      7      0      1      3      0      0      0      4      0      0      0     14      0      2      0      0      0      0      5      1      6     10      0     14      0      1      4     10      1      0      1     21      0      1      0      2      0      4      0      0      9      0      0      0      0      0      0      0      0      0      0      0      0      0      0      0      0      0      0      0      0      0      0      0      0      0      0      0      0      0      0      0
      0      0      0      0      0      0      0      0      0      0      0      0      0      3      0      0      0      0      0      0      0      0      0      0      0      0      4      0      2      0      0      1      0      3      0      0      0      0      0      1     11      0      1      0      0      3      0      0      0      1     14      1      7      0      0     12      0      1      0      0      4      5      0      3      0      0      0      0      0      0      0      0      0      6      0      0      0      0      0      0      0      0      0      0      0      0      0      0      0      0      0      0      0      0      0      0      0      0      0
      0      0      0      0      0      0      0      0      0      0      0      0      0      0      0      0      0      0      0      0      0      0      0      1      0      2      0      0      0      0      0      0      0      0      0      0      0      0      8      2      0      0      8      0      0      4      0      1      0      0      7      4      0      0      0      4      0     13      0      0     10      0      0      1      0      0      0      0      0      0      0      0      0      0      0      0      0      0      0      0      0      0      0      0      0      0      0      0      0      0      0      0      0      0      0      0      0      0      0
      0      0      0      0      0      0      0      0      0      0      1      0      0      0      1      0      0      0      0      0      0      0      0      0      1      0      0      0      1      0      1      0      7      0      0      0      0      3      1      0      0      0      2      0      0      0      0      0      2      1      0      0      0      1      0      0      0      0      5      0      0      0      0      0      0      0      0      0      0      0      0      0      0      2      0      0      0      0      0      0      0      0      0      0      0      0      0      0      0      0      0      0      0      0      0      0      0      0      0
      0      0      0      0      0      0      0      0      0      0      0      0      0      0      0      0      0      0      0      0      5      0      0      0      0      0      1      4      0      0      1      0      0      0      0      1      0      4      0      0      4      0      0      0      0      1      0      0      0      0      0      5      0      0      0      0      0      0      0      0      0      0      0      0      0      0      0      0      0      0      0      0      0      0      0      0      0      0      0      0      0      0      0      0      0      0      0      0      0      0      0      0      0      0      0      0      0      0      0
      0      0      0      0      0      0      0      0      0      0      0      0      0      0      0      0      0      0      0      0      0      0      0      0      0      0      0      0      0      0      1      0      5      0      0      0      0      0      0      0      0      4      0      0      0      0      3      0      0      2      6      0      3      0      0      2      0      5      0      0      0      2      0      0      0      0      0      0      0      3      0      0      0      0      0      0      0      0      0      0      0      0      0      0      0      0      0      0      0      0      0      0      0      0      0      0      0      0      0
      0      0      0      0      0      0      0      0      0      0      0      0      0      0      0      0      0      0      0      0      0      0      0      0      0      0      0      0      0      0      0      0      0      0      0      0      1      0      0      0      1      0      0      0      0      0      0      3      5      0      0      4      0      0      0      0      1      0      0      0      0      0      0      0      0      0      0      0      0      0      0      1      0      0      0      0      0      0      0      0      0      0      0      0      0      0      0      0      0      0      0      0      0      0      0      0      0      0      0
      0      0      0      0      0      0      0      0      0      0      0      0      0      0      0      0      0      0      0      0      0      0      0      0      0      0      0      0      0      0      0      0      7      0      0      0      0      4      0      4      0      0      0      1      0      2      0      4      0      0      0      0      0      0      0      0      0      0      0      2      0      0      1      0      0      2      0      0      0      0      0      0      0      0      0      0      0      0      0      0      0      0      0      0      0      0      0      0      0      0      0      0      0      0      0      0      0      0      0
      0      0      0      0      0      0      0      0      0      0      0      0      0      0      0      0      0      0      0      0      0      0      0      0      0      0      0      0      0      0      0      0      0      0      0      0      0      5      0      0      0      0      0      0      0      0      3      0      0      0      0      0      4      0      2      0      0      0      9      0      4      0      0      0      0      3      0      0      0      0      0      0      0      0      0      0      0      0      0      0      0      0      0      0      0      0      0      0      0      0      0      0      0      0      0      0      0      0      0
      0      0      0      0      0      0      0      0      0      0      0      0      0      0      0      0      0      0      0      0      0      0      0      0      0      0      0      0      0      0      0      0      0      0      0      0      0      0      0      0      0      0      0      0      1      0      0      0      0      6      4      2      0      0      0      0      0      0      0      0      0      0      0      4      0      0      0      0      0      0      0      0      0      0      0      0      0      0      0      0      0      0      0      0      0      0      0      0      0      0      0      0      0      0      0      0      0      0      0
      0      0      0      0      0      0      0      0      0      0      0      0      0      0      0      0      0      0      0      0      0      0      0      0      0      0      0      0      1      0      0      0      0      0      0      0      0      0      0      0      0      0      0      0      0      2      0      0      0      1      0      0      0      0      0      0      0      0      0      0      0      0      0      0      1      0      0      2      0      0      0      0      0      0      0      0      0      0      0      0      0      0      0      0      0      0      0      0      0      0      0      0      0      0      0      0      0      0      0
      0      0      0      0      0      0      0      0      0      0      0      0      0      0      0      0      0      0      0      0      0      0      0      0      0      0      0      0      0      0      0      0      0      0      0      0      0      0      0      0      0      0      0      0      0      0      0      0      0      0      0      0      0      0      0      0      0      0      0      0      0      0      0      0      0      0      0      0      0      0      0      0      0      0      0      0      0      0      0      0      0      0      0      0      0      0      0      0      0      0      0      0      0      0      0      0      0      0      0
      0      0      0      0      0      0      0      0      0      0      0      0      0      0      0      0      0      0      0      0      0      0      0      0      0      0      0      0      0      0      0      0      0      0      0      0      0      0      0      0      0      0      0      0      0      0      0      0      0      0      0      0      0      0      0      0      0      0      0      0      0      0      0      0      0      0      0      0      0      0      0      0      0      0      0      0      0      0      0      0      0      0      0      0      0      0      0      0      0      0      0      0      0      0      0      0      0      0      0
      0      0      0      0      0      0      0      0      0      0      0      0      0      0      0      0      0      0      0      0      0      0      0      0      0      0      0      0      0      0      0      0      0      0      0      0      0      0      0      0      0      0      0      0      0      0      0      0      0      0      0      0      0      0      0      0      0      0      0      0      0      0      0      0      0      0      0      0      0      0      0      0      0      0      0      0      0      0      0      0      0      0      0      0      0      0      0      0      0      0      0      0      0      0      0      0      0      0      0
      0      0      0      0      0      0      0      0      0      0      0      0      0      0      0      0      0      0      0      0      0      0      0      0      0      0      0      0      0      0      0      0      0      0      0      0      0      0      0      0      0      0      5      0      0      0      0      0      0      0      0      0      0      0      0      0      0      0      0      0      0      0      0      0      0      0      0      0      0      0      0      0      0      0      0      0      0      0      0      0      0      0      0      0      0      0      0      0      0      0      0      0      0      0      0      0      0      0      0
      0      0      0      0      0      0      0      0      0      0      0      0      0      0      0      0      0      0      0      0      0      0      0      0      0      0      0      0      0      0      0      0      0      0      0      0      0      0      0      0      0      0      0      0      0      0      0      0      0      0      0      0      0      0      0      0      0      0      0      0      0      0      0      0      0      0      0      0      0      0      0      0      0      0      0      0      0      0      0      0      0      0      0      0      0      0      0      0      0      0      0      0      0      0      0      0      0      0      0
      0      0      0      0      0      0      0      0      0      0      0      0      0      0      0      0      3      0      0      0      0      0      0      0      0      0      0      0      0      0      0      0      0      0      0      0      0      0      0      0      0      0      0      0      0      0      0      0      0      0      0      0      0      6      0      0      0      0      0      0      0      0      0      0      0      0      0      0      0      0      0      0      0      0      0      0      0      0      0      0      0      0      0      0      0      0      0      0      0      0      0      0      0      0      0      0      0      0      0
      0      0      0      0      0      0      0      0      0      0      0      0      0      0      0      0      0      0      0      0      0      0      0      0      0      0      0      0      0      0      0      0      0      0      0      0      0      0      0      0      0      0      0      0      0      0      0      0      0      0      0      0      1      0      0      0      0      0      0      0      0      0      0      0      0      0      0      0      0      0      0      0      0      0      0      0      0      0      0      0      0      0      0      0      0      0      0      0      0      0      0      0      0      0      0      0      0      0      0
      0      0      0      0      0      0      0      0      0      0      0      0      0      0      0      0      0      0      0      0      0      0      0      0      0      0      0      0      0      0      0      0      0      0      0      0      0      0      0      0      0      0      0      0      0      0      0      0      0      0      0      0      0      0      0      0      0      0      0      0      0      0      0      0      0      0      0      0      0      0      0      0      0      0      0      0      0      0      0      0      0      0      0      0      0      0      0      0      0      0      0      0      0      0      0      0      0      0      0
