\ 
\ Covariance Function Histogram Table
\ 
\ X Parameter: Systemic Velocity
\ X Abbrev   : gamma
\ X Units    : m/s
\ X Items    : 100         
\ 
\ Y Parameter: A Priori Non-Grazing Eclipse Prob
\ Y Abbrev   : PS
\ Y Units    : none
\ Y Items    : 100         
\ 
|col000|col001|col002|col003|col004|col005|col006|col007|col008|col009|col010|col011|col012|col013|col014|col015|col016|col017|col018|col019|col020|col021|col022|col023|col024|col025|col026|col027|col028|col029|col030|col031|col032|col033|col034|col035|col036|col037|col038|col039|col040|col041|col042|col043|col044|col045|col046|col047|col048|col049|col050|col051|col052|col053|col054|col055|col056|col057|col058|col059|col060|col061|col062|col063|col064|col065|col066|col067|col068|col069|col070|col071|col072|col073|col074|col075|col076|col077|col078|col079|col080|col081|col082|col083|col084|col085|col086|col087|col088|col089|col090|col091|col092|col093|col094|col095|col096|col097|col098|col099|
|int   |int   |int   |int   |int   |int   |int   |int   |int   |int   |int   |int   |int   |int   |int   |int   |int   |int   |int   |int   |int   |int   |int   |int   |int   |int   |int   |int   |int   |int   |int   |int   |int   |int   |int   |int   |int   |int   |int   |int   |int   |int   |int   |int   |int   |int   |int   |int   |int   |int   |int   |int   |int   |int   |int   |int   |int   |int   |int   |int   |int   |int   |int   |int   |int   |int   |int   |int   |int   |int   |int   |int   |int   |int   |int   |int   |int   |int   |int   |int   |int   |int   |int   |int   |int   |int   |int   |int   |int   |int   |int   |int   |int   |int   |int   |int   |int   |int   |int   |int   |
      0      0      0      0      0      0      0      0      0      0      0      0      0      0      0      0      0      0      0      0      0      0      0      0      0      0      0      0      0      0      0      0      0      0      0      0      0      0      0      0      0      0      0      0      0      0      0      0      0      0      0      0      0      4      0      0      0      0      0      0      0      0      0      0      0      0      0      0      0      0      0      0      0      0      0      0      0      0      0      0      0      0      0      0      0      0      0      0      0      0      0      0      0      0      0      0      0      0      0      0
      0      0      0      0      0      0      0      0      0      0      0      0      0      0      0      0      0      0      0      0      0      0      0      0      0      0      0      0      0      0      0      0      0      0      0      0      0      0      2      0      0      0      0      0      0      0      0      0      0      0      0      0      0      0      0      0      0      0      0      0      0      0      0      0      0      0      0      0      0      0      0      0      0      0      0      0      0      0      0      0      0      0      0      0      0      0      0      0      0      0      0      0      0      0      0      0      0      0      0      0
      0      0      0      0      0      0      0      0      0      0      0      0      0      0      0      0      0      0      0      0      0      0      0      0      0      0      0      0      0      0      0      0      0      0      0      0      0      0      0      0      0      0      0      0      0      1      0      0      0      0      0      0      0      0      0      0      0      0      0      0      0      0      0      0      0      0      0      0      0      0      0      0      0      0      0      0      0      0      0      0      0      0      0      0      0      0      0      0      0      0      0      0      0      0      0      0      0      0      0      0
      0      0      0      0      0      0      0      0      0      0      0      0      0      0      0      0      0      0      0      0      0      0      0      0      0      0      0      0      0      0      0      0      0      0      0      0      0      0      3      0      0      0      0      0      0      0      0      0      0      0      4      2      0      0      0      0      2      0      0      0      0      0      0      0      0      0      0      0      0      0      0      0      0      0      0      0      0      0      0      0      0      0      0      0      0      0      0      0      0      0      0      0      0      0      0      0      0      0      0      0
      0      0      0      0      0      0      0      0      0      0      0      0      0      0      0      0      0      0      0      0      0      0      0      0      0      0      0      0      0      0      0      0      0      0      0      0      0      0      0      0      0      0      0      0      0      0      0      0      0      0      0      0      7      0      0      0      2      0      0      3      0      0      0      0      0      0      0      0      0      0      0      0      0      0      0      0      0      0      0      0      0      0      0      0      0      0      0      0      0      0      0      0      0      0      0      0      0      0      0      0
      0      0      0      0      0      0      0      0      0      0      0      0      0      0      0      0      0      0      0      0      0      0      0      0      0      0      0      0      0      0      0      0      0      0      0      0      1      0      0      0      0      0      0      0      0      0      0      0      0      0      0      0      0      0      0      0      0      0      0      0      0      0      0      0      0      0      0      0      0      0      0      0      0      0      0      0      0      0      0      0      0      0      0      0      0      0      0      0      0      0      0      0      0      0      0      0      0      0      0      0
      0      0      0      0      0      0      0      0      0      0      0      0      0      0      0      0      0      0      0      0      0      0      0      0      0      0      0      0      0      0      0      0      0      0      0      0      0      0      0      2      0      3      1      0      0      5      0      0      0      0      0      0      0      1      0      0      0      0      0      0      0      0      0      0      0      0      0      0      0      0      0      0      0      0      0      0      0      0      0      0      0      0      0      0      0      0      0      0      0      0      0      0      0      0      0      0      0      0      0      0
      0      0      0      0      0      0      0      0      0      0      0      0      0      0      0      0      0      0      0      0      0      0      0      0      0      0      0      0      0      0      0      0      0      0     11      0      3      0      0      0      0      0      0      0      0      0      0      0      0      0      0      0      0      0      0      0      3      0      0      0      0      0      0      0      0      0      0      0      0      0      0      0      0      0      0      0      0      0      0      0      0      0      0      0      0      0      0      0      0      0      0      0      0      0      0      0      0      0      0      0
      0      0      0      0      0      0      0      0      0      0      0      0      0      0      0      0      0      0      0      0      0      0      1      0     11      0      0      0      0      0      0      0      0      0      5      0      0      0      0      0      0      4      0      0      0      0      0      0      0      0      0      0      0      0      0      0      0      0      0      0      0      0      0      3      0      0      0      0      0      0      0      0      0      0      0      0      0      0      0      0      0      0      0      0      0      0      0      0      0      0      0      0      0      0      0      0      0      0      0      0
      0      0      0      0      0      0      0      0      0      0      0      0      0      0      0      0      0      0      0      0      0      0      2      0      0      0      0      0      0      0      0      0      0      0      0      1      0      0      1      0      0      0      2      0      0      0      0      0      8      0      0      0      0      0      0      0      0      0      0      0      0      0      0      0      0      0      0      1      0      0      0      0      0      0      0      1      0      0      0      0      0      0      0      0      0      0      0      0      0      0      0      0      0      0      0      0      0      0      0      0
      0      0      0      0      0      0      0      0      0      0      0      0      0      0      0      0      0      0      0      0      0      0      0      0      0      0      0      0      0      0      0      0      0      0      0      0      0      0      0      6      0      0      0      0      0      1      0      0      0      0      0      2      0      1      0      0      0      0      0      0      0      0      0      0      0      0      0      0      0      2      0      0      0      0      0      0      0      0      0      0      0      0      0      0      0      0      0      0      0      0      0      0      0      0      0      0      0      0      0      0
      0      0      0      0      0      0      0      0      0      0      0      0      0      0      0      0      0      0      0      0      4      0      0      0      0     15      0      0      0      0      0      0      0      0      0      1      1      1      0      0      0      0      0      0      1      2      0      0      0      0      0      2      0      0      1      0      0      0      0      0      0      0      0      0      0      0      0      0      0      0      0      0      0      0      0      0      0      0      0      0      0      0      0      0      0      0      0      0      0      0      0      0      0      0      0      0      0      0      0      0
      0      0      0      0      0      0      0      0      0      0      0      0      0      0      0      0      0      0      0      0      0      0      0      0      0      0      0      0      0      0      2      0      0      0      0      0      0      0      0      0      0      6      0      0      7      0      0      0      0      0      0      7      0      4      0      4      0      1      0      0      0      0      0      0      2      0      0      0      0      0      0      0      0      0      0      0      0      0      0      0      0      0      0      0      0      0      0      0      0      0      0      0      0      0      0      0      0      0      0      0
      0      0      0      0      0      0      0      0      0      0      0      0      0      0      0      0      0      0      0      0      0      0      0      0      0      0     11      0      0      0      2      0      1      0      0      0      0      0      0      0      5      0      0      3      2      6      3      7      0      0      0      2      0      2      2      0      0      0      0      0      0      0      0      1      0      0      0      0      0      0      0      0      0      0      0      0      0      0      0      0      0      0      0      0      0      0      0      0      0      0      0      0      0      0      0      0      0      0      0      0
      0      0      0      0      0      0      0      0      0      0      0      0      0      0      0      0      0      0      0      0      0      0      0      0      0      0      0      1      0      0      5      0      0      3      0      0      0      0      2      0      0      2      0      0      0      0      0      0      2      0      0      1      1      5      9      0      0      2      1      1      0      0      0      4      0      0      0      0      0      0      0      0      0      0      0      0      0      0      0      0      0      0      0      0      0      0      0      0      0      0      0      0      0      0      0      0      0      0      0      0
      0      0      0      0      0      0      0      0      0      0      0      0      0      0      0      0      0      0      0      0      0      0      0      0      1      0      0      0      0      0      0      0      8      0      3      8      0      3      0      0      0      0      4      0      0      2      0      1      0      0      1      1      0      0      4     11      0      1      2      0      0      0      0      0      0      0      0      0      1      0      0      0      0      5      0      0      0      0      0      0      0      0      0      0      0      0      0      0      0      0      0      0      0      0      0      0      0      0      0      0
      0      0      0      0      0      0      0      0      0      0      0      0      0      0      0      0      0      1      0      0      3      0      0      0      0      0      0      0      0      0      0      4      0      0      0      0      0      5      8      0      5      0      0      0      0      2      0      4      0      0      0      4      0      9      0      0      1      0      0      0      1      0      4     25      6      8      0      0      0      0      0      0      0      0      0      0      0      0      0      0      0      0      0      0      0      0      0      0      0      0      0      0      0      0      0      0      0      0      0      0
      0      0      0      0      0      0      0      0      0      0      0      0      0      0      0      0      0      0      0      0      0      0      0      0      0      0      0      0      7      0      0      0      0      7      3      0      2      2      3      6      5      9      1      0      2      2      0     11     12      6      0      0     16      1      5      7      2      2      0      2      0      0      1      0      0      4      0      0      0      0      0      0      0      0      0      0      0      0      0      0      0      0      0      0      0      0      0      0      0      0      0      0      0      0      0      0      0      0      0      0
      0      0      0      0      0      0      0      0      0      0      0      0      0      0      0      0      0      0      0      0      0      0      0      0     12      0      0      0      0      0      0      0      2      6      4      3      2      0      0      0      0      0     15      5      1     17      5      0      6      6      1      6      0      2      4      0      2      2     33      1      0      9      5      0      3      0      0      2      0      0      0      0      0      3      0      0      0      0      0      0      0      0      0      0      0      0      0      0      0      0      0      0      0      0      0      0      0      0      0      0
      0      0      0      0      0      0      0      0      0      0      0      0      0      0      0      0      0      0      0      0      0      0      0      1      0      0      0      2      0      0      5      1      3      2      3      4     18      0      3      7     13      0      4      3     12      9      1      0      0      7      0      4      7      0     10      6      2      0      6     13      0      0      4      0      4      0      0      0      0      0      0      1      0      0      0      0      0      0      0      0      0      0      0      0      0      0      0      0      0      0      0      0      0      0      0      0      0      0      0      0
      0      0      0      0      0      0      0      0      0      0      0      0      0      0      0      0      0      0      0      2      0      0      2      4      0      0      0      8      0      1      1      0      0      4     11      6      7      5     10      1      6      0      5      0      1      7      5     10      0      2      0      5      0     15      0      5      0     11      0      9      4      0      1      1      0      3      0      0      0      1      0      4      1      0      0      0      0      0      2      0      0      0      0      0      0      0      0      0      0      0      0      0      0      0      0      0      0      0      0      0
      0      0      0      0      0      0      0      0      0      0      0      0      0      0      0      0      0      0      0      0      0      0      0      0      0      2      0      3      1      6      7      4      7      0      3      0     16      0      9      5      5     18      4      1      1      7      2      5      6     15      0      5      0      0      5      3      6      1      1      0      1      0      0      2      0      0      1      4      0      0      0      0      0      0      0      0      0      0      0      0      0      0      0      0      0      0      0      0      0      0      0      0      0      0      0      0      0      0      0      0
      0      0      0      0      0      0      0      0      0      0      0      0      0      0      0      0      0      1      0      1      0      0      3      2      2      5      0      0      0      1      6      5      0      0      4      0      4      3      8      9      8      6      1      9      8     19      7      2      0      5      3     11      7     13      0      8      4      0      0      4      0      0     12      0      0     19      0      0      0      0      3      0      2      7      4      0      0      0      0      0      0      0      0      0      0      0      0      0      0      0      0      0      0      0      0      0      0      0      0      0
      0      0      0      0      0      0      0      0      0      0      0      0      0      0      0      0      0      0      0      0      0      0      2      0      6      0      0      0      5      8      0      2      2      0      0     10     11     20      9      0      5     18      1      2     31     15     10      7     14      1      2      5     23      9      8      6      4     14      5      3      0      0      4      4      0      0     30      5      8      2      0      0      0      0      0      0      7      0      4      0      0      0      0      0      0      0      0      0      0      0      0      0      0      0      0      0      0      0      0      0
      0      0      0      0      0      0      0      0      0      0      0      0      0      0      0      0      0      0      0      0      2      9      0      2      8      2      0      0      0      0     10      0      2      0      9      4      7      1      6     25      6     16     16      6     23      1      5     15      6     29      8     13     21     10      5     22      3      5      1      1      1      0      1      2      0      0      0      0      0      0     12      0      5      0      0      0      0      2      0      0      0      0      0      0      0      0      0      0      0      0      0      0      0      0      0      0      0      0      0      0
      0      0      0      0      0      0      0      0      0      0      0      0      0      0      0      0      0      0      3      0      3      0      0      8      0      3      0      0      5      1      0      6     14      2     15     19      2      9     25     15      5     30     14     29     11      0     11      8      1     11     11      9      0      0      1      9      7      5      4      1      7      0      0      5      0      0      4      4      0      0      1      0      0      3      0      0      0      0      0      0      0      0      0      1      0      0      0      0      0      0      0      0      0      0      0      0      0      0      0      0
      0      0      0      0      0      0      0      0      0      0      0      0      0      0      0      0      0      0      0      0      0      2      0      0     12      8      0      2      7      6      6     19     12      7     21     27      8     13     12      8      7      5     12      1      8     26     20     15     26     29      3     11     16     25      0     20     25      3      1     10      7      4     14      0      7      0      7     13      3      2      2      0      0      0      4      0      6      1      2      0      0      1      2      0      0      0      0      0      0      0      0      0      0      0      0      0      0      0      0      0
      0      0      0      0      0      0      0      0      0      0      2      0      0      0      1      0      1      0      0      3      0      5      2      2      3      4     20      0     12      9     20     11      4     12     15     15      3      9     14     17     10     11     31      6     16     14     23      7     27     45      6     23      4      8      0     12     16     31     11     12     13      1     15      0      5      3      1      8      0      0      6      0      1      6      0      0      4      0      0      1      0      0      0      0      0      0      0      0      0      0      0      0      0      0      0      0      0      0      0      0
      0      0      0      0      0      0      0      0      0      0      0      6      0      0      0      0      0      0      0      0      9      0      3     10      0      5      6     12      3      9      9      7      1     18     32     12     28      4     10     11     41     34     13     12     19      8     31     15     17     37     27     12     19     10      9      8      6      6      5      2     30      3      2     24      7     16      0      0      5      5      1     16      0      6      1      0      1      0      2      0      0      0      0      0      0      1      0      0      0      0      0      0      0      0      0      0      0      0      0      0
      0      0      0      0      0      0      0      0      0      0      0      0      0      0      0      0      0      0      3      0      1      0      0      0      8     18      3      8     13      3     14     12      4      8     19     17     10     42     19     19     47     21     21     33     38     53     70     16     23     31     23     17     21      9     29      4     28     11     18     12     25     18     11      6     14      5      0      0      5      3      2      0      0      8      0      0      6      0      0      2      0      0      4      0      0      1      0      0      0      0      0      0      0      0      0      0      0      0      0      0
      0      0      0      0      0      0      0      0      0      0      0      0      0      0      0      0      0      4      2      0      2      1      9      2      3     16     21      9     26      6     18      3      9     13     13     28     22     14     15     16     46     43     26     49     12     63     21     22     45     15     17     46     18     35     18     10      8     30     25     28      4     24      4      2      2      7      9      0      6      3      0      0     12      0      0      6      0      0      1      3      0      0      0      0      0      0      0      0      0      0      0      0      0      0      0      0      0      0      0      0
      0      0      0      0      0      0      0      0      0      0      0      0      0      0      0      0      0      3      0      0     12      0     10      4      7      7     24      3      9     19     21     11     14     10     21      6     16      8     24     35     26     21     10     38     31     39     19     34     58     39     23     49     20     13     32     18     29     33      1     38      3      7      1      7     11     11      6      9      6      0      4     14      0      5      0      0      8     17      1      0      0      1      0      0      0      0      0      0      0      0      0      0      0      0      0      0      0      0      0      0
      0      0      0      0      0      0      0      0      0      0      1      1      0      0      0      0      0      0      0      1      1      8      1      9      0      4      3     11      4     24      5     14     14     17     26     29     19     28     61     43     58     30     33     34     32     27     32     31     43     24     41     42     55     37     17     11     39     12      7      9      9     16     17      9      4     17      8      8     10      4      9      0      2      0      3      2      0      0      5      0      0      0      0      0      2      0      0      0      0      0      0      0      0      0      0      0      0      0      0      0
      0      0      0      0      0      0      0      0      0      0      0      0      0      0      0      0      3      0      0      1      3     12      9      3     37      4     21      6      0     12     13     21     13      8     31     18     43     30      7     53     12     35     47     71     41     17     36     33     44     69     31     76     47     45     36     58     12     34      7     13     23     14     19     14     15     24     11     13     32     12     10      6      3      0      2      0      0      1      0      0      6      7      1      3      0      0      0      0      0      0      0      0      0      0      0      0      0      0      0      0
      0      0      0      0      0      0      0      0      0      0      0      0      0      0      0      0      1      2      6      1      0      7      3      2      3     17     17     30      3     20     16     14     17     35     21     36     13     41     34     82     41     33     42     36     35     37     74     19     28     40     22     73     43     34     32     28     16     40     23     30     33      9      2      5      3      8      3     30      3      6      4      0     11      5      0      8      0      0      2      0      0      0      0      2      0      0      1      0      0      0      0      0      0      0      0      0      0      0      0      0
      0      0      0      0      0      0      0      0      0      0      0      0      0      0      4      1      0      0      3     14      2      1      0      0      6     16     29     10     16     19      6     10     19     59     14     19     41     14     76     18      9     28     37     56     39     33     48     68     96     32     31     32     36     27     36     31     41     14     19     26     14      9     19      5     36     15     38      7      8      6      4     12      7      0      0     20      6      0      0      0      5      0      3      0      0      0      0      0      0      0      0      0      0      0      0      0      0      0      0      0
      0      0      0      0      0      0      0      0      0      2      0      0      0      0      5      0      8      4      0      6      0      1      0      3     14     17     11      5     43     36     20     12     25     27     32     86     29     51     26     24     53    104     31     38     33     55     36     63     64     51     62     27     50     53     54     27     33     24     30     27     22     20     24     13     18     13      3     12      0      4      3      7      1      0     18      1      3      0      0      0      0      0      0      0      2      0      0      0      0      0      0      0      0      0      0      0      0      0      0      0
      0      0      0      0      0      0      0      0      0      0      0      0      0      0      0      1      3      0      2      0      0      0      7      2     24      6      3     18     14     14     32     35     24     37     37     43     19     19     26     89     52     50     58     66     80     82     66     81     82     43     81     59     20     14     59     26     34     45     70     19     22     22     11     13     20      1      8     14     24      7      5     15      8      2     18     13      9     15      1      0      0      0      2      0      2      0      0      0      0      0      0      0      0      0      0      0      0      0      0      0
      0      0      0      0      0      0      0      0      0     11      0      0      0      0      0      0      0      6      3      0      1     13      8      6      3     12      9     21     25     10     31     15     30      9     45     38     41     33     37     55     88     66     85     60     66     45     78     68     99     64     50     31     55     37     20     77     30     51     48     20     25     45     12     28     17      5     22     12     23     13      4      8      0      0      1      9      6      0     11      4      0      4      1      0      6      0      0      0      0      0      0      0      0      0      0      0      0      0      0      0
      0      0      0      0      0      0      0      1      0      0      0      0      5      0      1      0      0      1      6      4      7     23      6      7      8     16      7     27     17     23     26     64     29    125     53     43     48     32     29     77     57     64     46     83     62     36     69     70     53     68     71     53     50     57     28     52     50     39     85     23     10     28      7     28     48     17     28      0      7      1     13      6      7      0      8      2      5      0      5      0      6      3      0      0      0      0      4      1      0      0      0      0      0      0      0      0      0      0      0      0
      0      0      0      0      0      0      0      0      1      0      0      0      2      0      4      0      0      3      3      2     11      5      2      6     14      6      5     45      7     22      5     25     33     44     42     58     49     50     51     28     47     32    117     92     25     62     59     83     46     51     25     26     43     28     24     33     67     52     44      7     56     38     41     29     21     20      4      9     24     10      0      7      4      4      2      5      0      1      4      0      0      9      0      0      0      2      4      9      0      0      0      0      0      1      0      0      0      0      0      0
      0      0      0      0      0      0      0      0      0      0      0      4      0      3      4      0      2      0      2      2      7      0      0      2     12      3      4     16     15     37     30     29     35     32     59     76     33     33     61     57     86     43     72     82     94    130     68     73     58     78     41     59     63     39     52     36     48     38     44     23     43     36     23     27     28      5     23     13      9     14     11      7     21     29      1      0      3      4      2     10      5      0      0      0      0      0      1      6      0      0      0      0      0      0      0      0      0      2      0      0
      0      0      0      0      0      0      0      0      0      0      0      0      0      0     14      4      7     10      0      0      0      5      9     13     25     26     36      8     27     21     30     29     74     49     18     91     48     49     57     81     50     52     53     76     49     94    114     41    124     57     44     63     38     59     28     61     48     62     62     23     53     27     14     17     21     10     25      7     16      1      6     22     12      9     12      6      0      2      9      1     10      1      0      0      0      4      0      0      0      0      0      0      0      0      0      0      0      0      0      0
      0      0      0      0      0      0      0      0      0      2      0      0      0      0      0      0      1      0      0      0      5      0      6      4      6     25     16      6     43     20     20     54     26     57     81     36     94     77     77    102     65     79     65     96     88     73     59     86    105    114     98     50     82     42     95     47     38     44     65     39     25     61     40     22     36     21     51     17      5     17     36     32     32     25     21      2      9     13      0     16      5      4      2      0      2      1      1      0      0      0      0      0      0      0      0      0      0      0      0      0
      0      0      0      0      0      0      0      0      0      0      0      0      0      2      1     11      0      2      0     10      6      5      9      5     24     21     11     18     32     31     25     41     31     52    108     96     47    104    108     65    100     74    102    101    167     91     97     93     71     50     95     87     56     61     55     73     43     60     36     23     45     30     14     38     74     26     13     19      7     11      2      3      9     10      9      8     20      0     15      2      0      0      0      0      3      0      0      0      0      0      0      0      0      0      0      0      0      0      0      0
      0      0      0      0      0      0      0      0      0      0      1      0      3      0      0      5      3      3      3      9      4      7      0      5      3     13     10     15     19     22     12     68     39     67     52     60     55     78     74     80     37     68    101     82     46     95    111    103     97    171     93     92     86    116    139     65     59     77     66     34     88     59     25     52     33     45     44      9     38     42      0     16      2      3      3      7      7      6      9      0     11     14      2      0      0      2      1      0      0      6      0      0      0      0      0      0      0      0      0      0
      0      0      0      0      0      0      0      0      0      0      0      0      0      0      2      6      0      4      1      5      5      2      4      3     15     20     22     50     10     22     16     77     46     84     57     23     63     43     49     49     55    130     80     77     49    114     75     91     85     95     97    120     91     60     87     94    110     98     88     96     59     46     40     25     67     64     29     25     42     17      7      8     18      2     23      0      4      0     16      7      8      0      0      0      0      0      3      0      0      0      0      0      0      1      0      0      0      0      0      0
      0      0      0      0      0      0      1      0      0      0      0      0      0      0      1      2      6      6      5     11      9      3     17     12     10     42     13     19     15     33     49     27     31     27     56     62     63     97     49    109    113     63     71     78    162     70     82     44    124     83    110     64     76     36     29     63     22     60     33     26     65     51     69     43     21     18      4     48     11     14     19     10      0     14     16     10     11     11      0     12      5      3      0      2      1      2      0      0      0      0      0      1      2      0      0      0      0      0      0      0
      0      0      0      0      0      0      0      5      0      0      0      0      0      0      0      3      0      1      4      1     19     19     16      9      8     13      3     23     16     46     48     41     41     91     64     47     41     69     70     78     72     46    103     81    102     86     97     80     75     72     52     88     77     66     48    103     39     45     57     66     23     55     38     51     33     12     34     18     50     16     26      3      7      6      4      4      0      0      6      0      2      3      4      0      5      0      0      0      0      0      3      2      0      0      0      0      0      0      0      0
      0      0      0      0      0      0      0      0      1      0      0      0      0      0      0      0      0      0      8     13      0      6     24      7     20     20     16     15     23     26     30     20      4     51     69     72     63     94     82     84     77     69     57     58     78     91     73    116     50    118     77     34     72     67     71     56     72     62     59     39     46     16     32     55      3     20     25     40     35     11      6      4      7      1      4      6      6      3      0      0      2      0      8      4      2      4      0      0      0      6      0      0      0      0      0      0      0      0      0      0
      0      0      0      0      0      0      0      0      0      0      0      0      0      0      0      0      1      2      6     13     16      9      9     38     46      5     19     38     28     70     45     38     46     70     38     65     54     40     56     72     99    100     88     81     90     84     90     59    136     85    100     76     41     74     66     25     82     41     39     63     71      9     78     51     19     40     54     17     26     18      7     11     13     23      9      0      0      7      2      0      1      0      0      5      0      4      0      0      0      0      0      0      0      0      0      0      0      0      0      0
      0      0      0      0      0      0      0      0      0      0      0      3      4      0      0      0      0      1     11      1      0     12      8      3     12     14     17     42     13     24     19     17     47     67     32     60     62     94     90     70     67    120     59    132     93    135     54     73     73    164     52     77    111     67     97    131     74     38     74     79     50     48     33     87     50     46     17     23     31     23     28      5     14      3     14      2      0      4      2      6      0      2      1      0      0      2     10      0      0      0      0      0      0      0      0      0      0      0      0      0
      0      0      0      0      0      0      0      0      0      0      0      0      0      0      0      0      7      1      0      2      3     16     11     17      6     13      3     23     38     43     16     64     40     38     33     51     18     57     70     44     32     99    111     60     81    122     74     87    128    119    117     54    100     64    116     63     46     49     54     23     45     32    100     73     62     38     58     20     16     12      7     12     11      7      8     24     12      0      0      2     14      3      0      0      0      3      0      1      1      0      0      0      0      0      0      0      0      0      0      0
      0      0      0      9      0      0      0      0      0      0      0      2      2      1      0      0      0      3      0      4      1      2     17     17      9     18     29      9     10     32     31     56     53     50     51     60     81     56    145     66     80     60    125     77    110     60     63     58     84    107    107     90     80    136     57     37     24     89     52     38     43     45     76     52     25      9     23     19     26     18     12      7     24      4     11     15      4      0      7      7      1      3      0      0      4      9      0     15     17      0      0      5      0      0      0      0      0      0      0      0
      0      0      0      0      0      0      0      0      0      0      0      0      0      0      0      1      0      1      2      9      0      0     15     11     22     26      8     38     40     23     41     15     29     44     73     50     40     48    101     69     45     96    109     74     92     95     74     79    122     64     67    145     71     48    124     91     72     44     70     71     46     29     19     56     23     28     33     41     18     15      6      0     12      5      6     10      9      0      0     24      9      3      0      0      7      5      0      0      0      0      1      3      2      0      0      0      0      0      0      0
      0      0      0      0      0      0      7      0      0      0      0      0      0      4      6      0      3      0      0      0      0     11      3      2     18     31      6     12      8     29     45     22     25     39     33     65     44     62     42    109     78     72     75     51     81    109     86     92     86     47     62     55     82     32     66     33     46     43     55     67     27     42     46     46      5     35     22     13      1     17     30     39      8      5      0      3     12      0      2      5     15      0      2      1      4      0      0      0      5      0      0      0      0      0      0      0      0      0      0      0
      0      0      0      0      0      0      0      0      0      0      0      0      0      0      0     11      0      0      7      0     12      0      0      4      0     26      3     31     23     28     69     54     46     24     39     59     92     87     54    108    122     28     45     56     99    127     43     15     72    100    122     65     41     55    114    100     96     22     90     52     53     72     70     72      8      8     31     27     24      9     27      4     35     25     34      1     14      6     14      4      3      0      1      3      0      0      0      0      0      0      3      0      0      0      0      0      0      0      0      0
      0      0      0      0      0      0      0      0      0      0      4      0      0      0      5     17      0      0      1      3      9     11      8     32     28     24      6      2     31     36     59     13     29     50     36     25     57     73     46     28     80     94     80     80     65     54     84     81     83     99     60     89     41     54     32     60     45     69     43     35     42     63     35     39     15     21     77     16     53     17      9      2     21     15     11      9      4      4      0     12      1      4      0      4      0      0      0      2      0      4      0      0      0      0      0      0      0      0      0      0
      0      0      0      0      0      0      0      0      0      0      0      0      0      2      0      0      1      1      0      0      8      0      3      5      6      9      2     17      8      7     46      7     41     39     21     23     57     19     19     75     76    115    111     58     68     49     61    101     41     42     51     31     91     51     56     43     77     17     97     52     46     79     31     22     19     16      6     40     16     17      8     23     30      7      2      1      2     12     11      3      1     15      1      0     17      0      0      0      0      0      0      0      0      0      0      0      0      0      0      0
      0      0      0      0      0      0      0      0      0      0      0      0      0      0      0      0      1      0      3      7      1      3     10      1      0      5      6     23     16     20     18     41     33     10     60     35     53     33     75     91     51     48     49     49    111    110     51     93     45     38     67     30     54     50     47     33     37     34     37     17     29     14     39     46     17     30     11     23      7      5      9     13     27     13      2      5      7      2      0      0      0      0      8      0      0      0      0      0      0      0      0      5      0      0      0      0      0      0      0      0
      0      0      0      0      0      0      0      0      0     18      0      0      2      6      0      2      0      0      2      0      5     12      2     11     24     14      5     12      8      1     20     33     25     25     26     19     56     16     54     36     61     61     47     42     43     56     70     87     59     41     65     82     77     30     41     46     53    104     17     27     30     25     17     13     22     32      8      6     15      1     28     17     20     11      5      0      0      3      5      6      1      0      0      0      0      0      0      0      0      0      1      0      0      0      0      0      0      0      0      0
      0      0      0      0      0      0      0      0      0      0      2      0      0      0      0      1      0      5      1      7      2      3      0      2     22      3     13     20     13      9      6     24     48      5     24      7     42     40     37     40     48     55     70     36     26     85     68     29     69     41     42     85     55     53     62     64     48     12     43     25     43     23     32     15      3     18      7     33     21     19     16      2     20      5      0      1      5      2      1      8      1      0      0      0      0      0      0      0      0      0      0      0      0      0      0      0      0      0      0      0
      0      0      0      0      0      0      0      0      0      0      0      0      0      8      0      3      0      0      4     10      2      0      0      6     13      7      5      1      7      5     16     25     66     41     37     76     33     65     54     28     88     31     62     71     68     47     41     47     54     49     65    114     48     71     44     31     47     50     50     19     14     25     28     15     14     18     11     21     18      4     31      8     19      2      3     28      0     21     15      5      0      0     13      0      0      0      0      0      0      0      1      0      0      0      0      0      0      0      0      0
      0      0      0      0      0      0      0      0      0      0      0      1      0      0      0      0      0      0      0      1      5      1      7     12      7      0      7      8     14     17      3     15     32     45     35     29      9     56     61     34     41     38     86     18     63     57     15     51     58     73     60     38     36     38     34     23     13     74     20     18     58     22     27     34     24     24     36     11     18      2     15      4     12      2      0      2      3      1      2      1      0      0      0      0      2      0      0      0      0      1      0      0      0      0      0      0      0      0      0      0
      0      0      0      0      0      0      0      0      0      0      0      0      0      2      0      0      2      3      0      2      4      0      3      7      0      8      5      7     10     25     29     13     21     18     19     21     13      5     24     42     48     41     20     43     26     51     16     40     40     41     26     29     36     42     43     17     25     43     19     12      9     21     17     53      5     41     21      6     18      5     20      4      5     10      8     11      1     13      4      0      0      0      0     11      2      0      0      0      0      5      0      0      0      0      0      0      0      0      0      0
      0      0      0      0      0      0      0      0      0      0      0      0      0      0      0      0      0      3      0      4      0      0      1      1      7      2      4      7     18     31      5     14     43     19     13     26     42     23     25     43     37     22     30     29     65     17     55     25     27     47     56      7     33     17     32     52     80     22     23      8     15      3     35     32     13     17     11     15      5      5      1      1     13     16      3     15      0      2      8     11     14      0      0      0      2      0      0      0      0      0      0      0      0      0      0      0      0      0      0      0
      0      0      0      0      0      0      0      0      0      3      0      1      0      0      0      0      0      0      1      1      0      6      7      2      0      0      8      7      1      0     13     11     21      1     20     45     35     11     29     60     15     38     44     64     41     22     27     36     32     61     39     45     41     38     19     25     30     51     17     14     17     25     18      6     32     11      2     13      0      1      1      0     10      6     15      0      2      0      0      8      2      0      0      1      9      0      0      0      0      0      0      0      0      0      0      3      0      0      0      0
      0      0      0      0      0      0      0      0      0      0      0      0      0      0      0      2      0     10      0      3      0      0      0      5     11     24      1      5     19      9     15      2     12     23     16     13     42      4     11     19     14     26     52     31     42     28      9     15     24     20     60     16     32     37     55     29     14     31     17     18     60     13      4     14      3     14     11      1      1      2      0     17      9     14      0      0      0      1      0      0      0      7      0      0      3      0      0      0      0      0      0      0      0      0      0      0      0      0      0      0
      0      0      0      0      0      0      0      0      0      0      0      0      0      0      0      0      0      2      1      0      5     14      2      6      0      4      1      8      1      1     21      8     34     34      6     18      3     14      7     34     13     64     37     30     21     13     17     31     33     21     57     14      9      6     28     28     14     45     30      7     13     10      1     20     19      7      7      0      7     13     22      3      0      0      4      6      5      3      4      0      5      0      5      0      0      0      0      0      0      0      0      0      0      0      0      0      0      0      0      0
      0      0      0      0      0      0      0      0      0      0      0      0      2      1      0      0      0      6      0      2      0      0      3      0      9      5      5      9      0      3     17      2      6     40     14     12     24     18     23     18     35     27     42     39     10     31     23     35     24     25      5     22      9     21     24     37     11     17      5     13      2     44      8     12     19      0     16      0      5      2     25     28      0     11      0      8      0      0      7      4      0      0      0      2      0      4      0      0      0      0      0      0      0      0      0      0      0      0      0      0
      0      0      0      0      0      0      0      0      0      0      0      0      3      0      0      0      0      0      0      0      1      0      0      0      0      4      0      6     15      2      0      5      0      5     11      2      1     18      6     14     27     20      5     35      9     34     24     10      7     29     17      8     45      6     44     28     25     13      3     10      7      2      4      8     16     10     25      0      1     11      0      6      3      2      9      0      5      1      0      0      0      0      0      0      8      0      0      0      0      0      0      0      0      0      0      0      0      0      0      0
      0      0      0      0      0      0      0      0      0      0      0      0      0      0      0      0      0      0      8      2      0      1      0      0      0      9      9      4      3     13      0      0     17      7      0     15     30      9      2     22     22     11      2     12     10     34     15     15     10     29     12     32      0     29      8     33     17     12      2     13     10     30      5     21      0     28      4      1      4     16      5      0      0     30      0      0      0      3      1      0      0      0      0      0      0      0      0      1      0      0      0      0      0      0      0      0      0      0      0      0
      0      0      0      0      0      0      0      0      0      0      0      0      0      0      0      0      0      7      0      0      0      3      0      2      8      6      2      2      2      9      0      6      8      1      4      8     10      5     22     14     34      6     10     25     13      7      6     29     15     10      2     13     11     15     24     22     13      4      7      5      1      7      9     13      8      0      0      4      0      2      5      8      7      0     18      0      0      2      4      0      0      0      9      0      6      0      4      0      0      0      0      0      0      0      0      0      0      0      0      0
      0      0      0      0      0      0      0      0      0      0      0      0      0      0      0      0      0      0      0      8      0      0      1      0     17      0     14      1      0      0      0      0      0      0      4      0      2      1     10      2      7     26     31      2     30      6     12     22      6     15      0      3      1      7     51     22     27      2     11     14     18      0     12     12      9      3      2      3      0      9      2     12      4      0      0      0      2      0      0      0      0      0      0      0      0      0      0      0      0      0      0      0      0      0      0      0      0      0      0      0
      0      0      0      0      0      0      0      0      0      0      0      0      0      1      0      0      0      0      0      0      0      0      0      0      0      2      4      0      0      4      5      7      8      0      9      8     13      4      5      0      8      7      5      8      1      6     16      1     18     11     15     11      2     10      9      1      4      8      7      3      8      2     15      0      0      0      2      1      5      0      0      6      2      2      0      0      0      0      0      0      0      0      0      0      0      0      0      0      0      0      0      0      0      0      0      0      0      0      0      0
      0      0      0      0      0      0      0      0      0      0      0      0      0      0      0      0      0      0      2      0      2      1      0      2      0      2      1      2      0      2      1      2      1     13      3      8      5      1      8      8      5     16      5      4      8     11      7     23      5      4      3     17     15      2      0      5      0      4      2      5      2     15      2      8      4      0      3      0      4      0      0      6      2      0      0      0      0      6      0      1      7      0      0      0      0      0      0      0      0      0      0      0      0      0      0      0      0      0      0      0
      0      0      0      0      0      0      0      0      0      0      0      0      0      0      0      0      0      0      0      0      0      0      0      0      0      0      1      0      8      0     10     28     12      0      4      1      0      7      1      4      0      0      3      2     17      2      8      1     27      1      0      2     13      6      1      3      2      7      5      1     13      6      2      1      0      5      4      0      3      5      0      0      3      0      4      0      1      0      0      0      0      0      0      0      0      0      0      0      0      0      0      0      0      0      0      0      0      0      0      0
      0      0      0      0      0      0      0      0      0      0      0      0      0      4      0      0      3      0      1      0      0      2      2      0      0      0      0      0      0      8     12      3      0      0      1      3      7     22      8     11      4     10      7      1      3     10      0      6      0     17      0      3     17      0      4      7      2      7      4      4      1      8      0      2      0      0      2      5      1      0     12      0      0      0      0      0      3      0      3      0      0      0      0      0      0      0      0      0      0      0      0      0      0      0      0      0      0      0      0      0
      0      0      0      0      0      0      0      0      0      0      0      0      0      1      0      0      0      0      0      0      0      0      4      0      0      0      0      0      0      0      0      0      1      0      0      1      0      0      2      2      0      0     16      9      5      0      3      2     10     12      0      5      9     19      4     18      1     23      7     19      2      0      3      5     12      0      9      0      1      5      0      0      0      0      0      0      0      9      0      0      0      0      2      3      0      0      0      0      0      0      0      0      0      0      0      0      0      0      0      0
      0      0      0      0      0      0      0      0      0      0      0      0      0      0      0      0      0      0      0      0      0      4      0      0      0      3      4      3      3      0      0      0      4      3      1      2      1      0     13      0      0      7      2      6      0      1      6      1     13      0      1      0      0     10      0      5      3      2     10      4      2      0      3      3      0      0      9      0      2      3      0      4      0      0      3      0      0      0      0      0      0      0      0      0      0      0      0      0      0      0      0      0      0      0      0      0      0      0      0      0
      0      0      0      0      0      0      0      0      0      0      0      0      0      0      0      0     10      4      0      0      0      0      1      0      0      0      0      0      0      7      2      0      5      0      0      0      1      0      1      2      0      5      0      0      6      0     10      0     15     16     11     13      0      0      0      0      0      4      0     13      2      0      0      0      0      1      0      1      0      0      0      1      0      1      0      0      0      0      0      0      0      0      0      0      0      0      0      0      0      0      0      0      0      0      0      0      0      0      0      0
      0      0      0      0      0      0      0      0      0      0      0      0      0      0      0      0      0      0      0      0      0      0      0      0      0      0      0      0      0      0      0      0      8      0      0      0      0      5      0      0     12      2      8      0      6      0      0      0     17     11      3      0      8      0      0      3      3      0     16      0      2      1      0      2      0      1      0      1      1      0      0      6      3      0      4      0      0      0      7      6      0      0      0      0      0      0      0      0      0      0      0      0      0      0      0      0      0      0      0      0
      0      0      0      0      0      0      0      0      0      0      0      0      0      0      0      0      0      0      0      0      0      0      0      0      0      0      0      4      0      0      0      0      0      0      0      0      0      0      0      0     12      0      1      5      3      0      0      0      0      7      2      3      0      1      1      0      0      4      5      0      2     16      0      4      0      0      0      0      0      0      0      0      1      0      6      4      0      0      0      0      0      0      0      0      0      0      0      0      0      0      0      0      0      0      0      0      0      0      0      0
      0      0      0      0      0      0      0      0      0      0      0      0      0      0      0      0      0      0      0      0      0      0      0      0      0      0      0      0      2      0      4      0      0      0      0      1      0      0      0      0      0      0      0      4      0      5      0      0      1      0      5      3      5      0      3      0      0      0      0      1      0      0      0      0      0      0      0      0      5      2      0      0      0      0      0      0      0      0      0      0      0      1      0      0      0      0      0      0      0      0      0      0      0      0      0      0      0      0      0      0
      0      0      0      0      0      0      0      0      0      0      0      0      0      0      0      0      0      0      0      0      0      0      0      0      0     12      0      0      0      0      1      1      1      0      0      3      0      0      3      5      0      0      0      2      1      0      6      1      0      5      8     11      0      4      0      0      0      5      0      5      0      0      0      0      0      4      0      0      0      0      0      0      0      0      0      0      0      0      0      0      0      0      0      0      0      0      0      0      0      0      0      0      0      0      0      0      0      0      0      0
      0      0      0      0      0      0      0      0      0      0      0      0      0      0      0      0      0      0      0      0      0      0      0      0      0      0      0      4      0      0      0      0      0      1      0      0      1     16      0      0      0      0      0      0      0      0      0      0      0      0      3      1      0      0      0      0      0      0      0      0      0      0      0      0      2      0      0      0      0      0      0      0      0      0      0      0      0      0      0      0      0      0      0      0      0      0      0      0      0      0      0      0      0      0      0      0      0      0      0      0
      0      0      0      0      0      0      0      0      0      0      0      0      0      0      0      0      0      0      0      0      0      0      0      0      0      0      0      0      0      0      0      0      0      0      2      0      0      0      0      0      0      3      0      5      2      0      0      1      0      0      0      0      8      0      0      0      0      0      0      0      1      6      0      0      0      0      0      0      0      0      0      4      3      0      0      0      0      0      0      0      0      0      0      0      0      0      0      0      0      0      0      0      0      0      0      0      0      0      0      0
      0      0      0      0      0      0      0      0      0      0      0      0      0      0      0      0      0      0      0      0      0      0      0      0      0      0      0      0      0      0      0      0      0      0      1      0      1      0      3      5      0      0      0      0      2      0      0      0      0      0      0      0      0      6      0      0      1      0      0     25      0      0      0      1      0      0      0      0      0      0      0      0      0      0      0      0      0      0      0      0      0      0      0      0      0      0      0      0      0      0      0      0      0      0      0      0      0      0      0      0
      0      0      0      0      0      0      0      0      0      0      0      0      0      0      0      0      0      0      0      0      0      0      0      0      0      0      0      0      0      0      0      0      0      0      0      0      0      0      0      0      0      0      0      0      0      0      0      0      0      0      0      0      0      3      0      0      0      0      0      0      0      0      0      0      0      0      0      0      0      0      0      0      0      0      0      0      0      0      0      0      0      0      0      0      0      0      0      0      0      0      0      0      0      0      0      0      0      0      0      0
      0      0      0      0      0      0      0      0      0      0      0      0      0      0      0      0      0      0      0      0      0      0      0      0      0      0      0      0      0      0      0      0      0      0      0      0      0      0      0      0      0      0      0      0      3      0      0      0      0      0      0      0      0      0      0      0      0      0      0      4      0      0      0      0      6      0      0      0      0      0      0      0      0      0      0      0      0      0      0      0      0      0      0      0      0      0      0      0      0      0      0      0      0      0      0      0      0      0      0      0
      0      0      0      0      0      0      0      0      0      0      0      0      0      0      0      0      0      0      0      0      0      0      0      0      0      0      0      0      0      0      0      0      0      0      0      0      0      3      0      0      0      0      0      0      0      0      0      2     14      0      0      0      0      0      0      0      1      0      0      0      0      0      0      1      0      0      0      0      0      0      0      0      0      0      0      0      0      0      0      0      0      0      0      0      0      0      0      0      0      0      0      0      0      0      0      0      0      0      0      0
      0      0      0      0      0      0      0      0      0      0      0      0      0      0      0      0      0      0      0      0      0      0      0      0      4      0      0      0      0      0      0      0      0      0      0      0      0      0      0      0      0      3      0      0      0      0      0      0      0      0      0      1      0      0      0      0      0      0      0      0      0      0      0      0      0      0      0      0      0      0      0      0      0      0      0      0      0      0      0      0      0      0      0      0      0      0      0      0      0      0      0      0      0      0      0      0      0      0      0      0
      0      0      0      0      0      0      0      0      0      0      0      0      0      0      0      0      0      0      0      0      0      1      0      0      0      0      0      0      0      0      0      0      0      0      0      0      0      2      0      0      0      0      0      0      0      0      0      0      0      0      0      0      4      1      0      0      2      0      0      0      0      0      0      0      0      0      0      0      2      0      0      0      0      0      0      0      0      0      0      0      0      0      0      0      0      0      0      0      0      0      0      0      0      0      0      0      0      0      0      0
      0      0      0      0      0      0      0      0      0      0      0      0      0      0      0      0      0      0      0      0      0      0      0      0      0      0      0      0      0      0      0      0      0      0      0      0      0      0      0      0      0      0      0      0      0      0      0      0      0      0      0      0      0      0      0      0      0      0      0      0      0      0      0      0      0      0      0      0      4      0      0      0      0      0      0      0      0      0      0      0      0      0      0      0      0      0      0      0      0      0      0      0      0      0      0      0      0      0      0      0
      0      0      0      0      0      0      0      0      0      0      0      0      0      0      0      0      0      0      0      0      0      0      0      0      0      0      0      0      0      0      0      0      0      0      0      0      0      0      0      0      0      0      0      0      0      0      0      0      0      0      0      0      0      0      0      0      0      0     10      0      0      0      0      0      0      0      0      0      0      0      0      0      0      0      0      0      0      0      0      0      0      0      0      0      0      0      0      0      0      0      0      0      0      0      0      0      0      0      0      0
      0      0      0      0      0      0      0      0      0      0      0      0      0      0      0      0      0      0      0      0      0      0      0      0      0      0      0      0      0      0      0      0      0      0      0      0      0      0      0      0      0      0      0      0      0      0      0      0      0      3      0      0      0      0      0      0      0      0      0      0      0      0      0      0      0      0      0      0      0      0      0      0      0      0      0      0      0      0      0      0      0      0      0      0      0      0      0      0      0      0      0      0      0      0      0      0      0      0      0      0
      0      0      0      0      0      0      0      0      0      0      0      0      0      0      0      0      0      0      0      0      0      0      0      0      0      0      0      0      0      0      0      0      0      0      0      0      0      0      0      0      0      0      0      0      0      0      0      0      0      0      0      0      0      0      0      0      0      0      0      0      0      0      0      0      0      0      0      0      0      0      0      0      0      0      0      0      0      0      0      0      0      0      0      0      0      0      0      0      0      0      0      0      0      0      0      0      0      0      0      0
      0      0      0      0      0      0      0      0      0      0      0      0      0      0      0      0      0      0      0      0      0      0      0      0      0      0      0      0      0      0      0      0      0      0      0      0      0      0      0      0      0      0      0      0      0      0      0      0      0      0      0      0      0      0      0      0      0      0      0      0      0      0      0      0      0      0      0      0      0      0      0      0      0      0      0      0      0      0      0      0      0      0      0      0      0      0      0      0      0      0      0      0      0      0      0      0      0      0      0      0
      0      0      0      0      0      0      0      0      0      0      0      0      0      0      0      0      0      0      0      0      0      0      0      0      0      0      0      0      0      0      0      0      0      0      0      0      0      0      0      0      0      0      0      0      0      0      0      0      0      0      0      0      0      0      0      0      0      0      0      0      0      0      0      0      0      0      0      0      0      0      0      0      0      0      0      0      0      0      0      0      0      0      0      0      0      0      0      0      0      0      0      0      0      0      0      0      0      0      0      0
      0      0      0      0      0      0      0      0      0      0      0      0      0      0      0      0      0      0      0      0      0      0      0      0      0      0      0      0      0      0      0      0      0      0      0      0      0      0      0      0      0      0      0      0      0      0      0      0      0      0      0      0      0      0      0      0      0      0      0      0      0      0      0      0      0      0      0      0      0      0      0      0      0      0      0      0      0      0      0      0      0      0      0      0      0      0      0      0      0      0      0      0      0      0      0      0      0      0      0      0
