\ 
\ Covariance Function Histogram Table
\ 
\ X Parameter: Systemic Velocity
\ X Abbrev   : gamma
\ X Units    : m/s
\ X Items    : 100         
\ 
\ Y Parameter: Time of Eclipse
\ Y Abbrev   : TS
\ Y Units    : BJD
\ Y Items    : 100         
\ 
|col000|col001|col002|col003|col004|col005|col006|col007|col008|col009|col010|col011|col012|col013|col014|col015|col016|col017|col018|col019|col020|col021|col022|col023|col024|col025|col026|col027|col028|col029|col030|col031|col032|col033|col034|col035|col036|col037|col038|col039|col040|col041|col042|col043|col044|col045|col046|col047|col048|col049|col050|col051|col052|col053|col054|col055|col056|col057|col058|col059|col060|col061|col062|col063|col064|col065|col066|col067|col068|col069|col070|col071|col072|col073|col074|col075|col076|col077|col078|col079|col080|col081|col082|col083|col084|col085|col086|col087|col088|col089|col090|col091|col092|col093|col094|col095|col096|col097|col098|col099|
|int   |int   |int   |int   |int   |int   |int   |int   |int   |int   |int   |int   |int   |int   |int   |int   |int   |int   |int   |int   |int   |int   |int   |int   |int   |int   |int   |int   |int   |int   |int   |int   |int   |int   |int   |int   |int   |int   |int   |int   |int   |int   |int   |int   |int   |int   |int   |int   |int   |int   |int   |int   |int   |int   |int   |int   |int   |int   |int   |int   |int   |int   |int   |int   |int   |int   |int   |int   |int   |int   |int   |int   |int   |int   |int   |int   |int   |int   |int   |int   |int   |int   |int   |int   |int   |int   |int   |int   |int   |int   |int   |int   |int   |int   |int   |int   |int   |int   |int   |int   |
      0      0      0      0      0      0      0      0      0      0      0      0      0      0      0      0      0      0      0      0      0      0      0      0      0      0      0      0      0      0      0      0      0      0      0      0      0      0      0      0      4      0      0      0      0      0      0      0      0      0      0      0      0      0      0      0      0      0      0      0      0      0      0      0      0      0      0      0      0      0      0      0      0      0      0      0      0      0      0      0      0      0      0      0      0      0      0      0      0      0      0      0      0      0      0      0      0      0      0      0
      0      0      0      0      0      0      0      0      0      0      0      0      0      0      0      0      0      0      0      0      0      0      0      0      0      0      0      0      0      2      0      0      0      0      0      0      0      0      0      0      0      0      0      0      0      0      0      0      0      0      0      0      0      0      0      0      0      0      0      0      0      0      0      0      0      0      0      0      0      0      0      0      0      0      0      0      0      0      0      0      0      0      0      0      0      0      0      0      0      0      0      0      0      0      0      0      0      0      0      0
      0      0      0      0      0      0      0      0      0      0      0      0      0      0      0      0      0      0      0      0      0      0      0      0      0      0      0      0      0      0      0      0      1      0      0      0      0      0      0      0      0      0      0      0      0      0      0      0      0      0      0      0      0      0      0      0      0      0      0      0      0      0      0      0      0      0      0      0      0      0      0      0      0      0      0      0      0      0      0      0      0      0      0      0      0      0      0      0      0      0      0      0      0      0      0      0      0      0      0      0
      0      0      0      0      0      0      0      0      0      0      0      0      0      0      0      0      0      0      0      0      0      0      0      0      0      0      0      0      0      0      0      0      0      0      0      0      0      0      0      0      0      4      0      0      0      2      0      0      0      3      0      0      0      0      0      0      0      0      0      0      0      0      2      0      0      0      0      0      0      0      0      0      0      0      0      0      0      0      0      0      0      0      0      0      0      0      0      0      0      0      0      0      0      0      0      0      0      0      0      0
      0      0      0      0      0      0      0      0      0      0      0      0      0      0      0      0      0      0      0      0      0      0      0      0      0      0      0      0      0      0      0      0      0      0      0      0      0      0      0      0      0      0      0      0      2      0      0      0     10      0      0      0      0      0      0      0      0      0      0      0      0      0      0      0      0      0      0      0      0      0      0      0      0      0      0      0      0      0      0      0      0      0      0      0      0      0      0      0      0      0      0      0      0      0      0      0      0      0      0      0
      0      0      0      0      0      0      0      0      0      0      0      0      0      0      0      0      0      0      0      0      0      0      0      0      0      0      0      0      0      0      1      0      0      0      0      0      0      0      0      0      0      0      0      0      0      0      0      0      0      0      0      0      0      0      0      0      0      0      0      0      0      0      0      0      0      0      0      0      0      0      0      0      0      0      0      0      0      0      0      0      0      0      0      0      0      0      0      0      0      0      0      0      0      0      0      0      0      0      0      0
      0      0      0      0      0      0      0      0      0      0      0      0      0      0      0      0      0      0      0      0      0      0      0      0      0      0      0      0      0      0      0      5      0      0      0      0      0      0      0      0      0      0      0      2      1      0      1      0      0      3      0      0      0      0      0      0      0      0      0      0      0      0      0      0      0      0      0      0      0      0      0      0      0      0      0      0      0      0      0      0      0      0      0      0      0      0      0      0      0      0      0      0      0      0      0      0      0      0      0      0
      0      0      0      0      0      0      0      0      0      0      0      0      0      0      0      0      0      0      0      0      0      0      0      0      0      0      0      0      0      0      0      0      0      0      0      0      0      0      0      0      0      0      0      0      0      0      3     11      0      0      0      0      0      0      0      0      0      0      0      0      0      0      0      0      0      0      0      0      3      0      0      0      0      0      0      0      0      0      0      0      0      0      0      0      0      0      0      0      0      0      0      0      0      0      0      0      0      0      0      0
      0      0      0      0      0      0      0      0      0      0      0      0      0      0      0      0      0      0      0      0      0      0      0      0      0      0      0      0      0      0      0      0      0      0      0      0      0      0      0      0      0      0      0      0     14      0      0      0      1      0      0      5      0      0      0      0      0      0      0      0      0      0      0      0      0      0      0      0      0      0      0      0      0      0      0      0      0      0      4      0      0      0      0      0      0      0      0      0      0      0      0      0      0      0      0      0      0      0      0      0
      0      0      0      0      0      0      0      0      0      0      0      0      0      0      0      0      0      0      0      0      0      0      0      0      0      0      0      0      0      0      0      0      0      0      0      8      0      0      0      0      1      2      0      0      0      1      0      0      0      2      0      0      1      0      0      0      0      0      0      0      0      1      0      0      0      0      0      0      0      0      0      0      0      0      0      0      0      0      0      0      0      0      0      0      0      0      0      0      0      0      0      0      0      0      0      0      0      0      0      0
      0      0      0      0      0      0      0      0      0      0      0      0      0      0      0      0      0      0      0      0      0      0      0      0      0      0      0      0      0      0      0      0      0      0      0      0      0      2      0      0      0      0      1      0      0      0      0      0      0      0      0      0      0      1      0      0      0      0      0      0      0      0      6      2      0      0      0      0      0      0      0      0      0      0      0      0      0      0      0      0      0      0      0      0      0      0      0      0      0      0      0      0      0      0      0      0      0      0      0      0
      0      0      0      0      0      0      0      0      0      0      0      0      0      0      0      0      0      0      0      0      0      0      0      0      0      0      0      0      0      2      0      0      0      0      0      0      4      1      0      0      0      1      0      0      6      1      2      0      0      0      0      0      0      1      0      0      0      0      0      0      9      0      0      0      0      0      0      0      0      0      0      0      0      1      0      0      0      0      0      0      0      0      0      0      0      0      0      0      0      0      0      0      0      0      0      0      0      0      0      0
      0      0      0      0      0      0      0      0      0      0      0      0      0      0      0      0      0      0      0      0      0      3      0      0      0      0      0      0      0      0      1      0      0      0      0      0      0      0      0      7      4      0      6      0      2      8      0      0      0      2      0      0      0      0      0      0      0      0      0      0      0      0      0      0      0      0      0      0      0      0      0      0      0      0      0      0      0      0      0      0      0      0      0      0      0      0      0      0      0      0      0      0      0      0      0      0      0      0      0      0
      0      0      0      0      0      0      0      0      0      0      0      0      0      0      0      0      0      0      0      0      1      0      0      0      0      0      0      2      1      0      7      0      0      0      0      0      0      4      3      0      0      0      0      0      2      1      0      0      0      6      0      2      2      0      0      5      0      0      0      0      0      0     11      0      0      0      0      0      0      0      0      0      0      0      0      0      0      0      0      0      0      0      0      0      0      0      0      0      0      0      0      0      0      0      0      0      0      0      0      0
      0      0      0      0      0      0      0      0      0      0      0      0      0      0      0      0      0      0      0      0      1      0      0      0      0      0      0      0      0      0      4      0      0      1      0      2      0      0      0      0      1      0      3      0      0      1      3      0      1      0      9      5      2      0      0      0      0      5      0      0      0      0      0      1      0      0      0      0      0      0      0      0      0      0      0      0      0      0      0      0      0      0      0      0      0      0      0      0      0      0      0      0      0      0      0      0      0      0      0      0
      0      0      0      0      0      0      0      0      0      0      0      0      0      0      0      0      0      0      0      0      0      0      0     13      0      0      1      5      0      0      0      0      3      0      0      2      1      0      0      0      0      4      0      2      8      0      8      1      1      2      0      0      0      0      0      0      0      0      4      0      0      0      0      1      0      0      0      0      0      0      0      0      0      0      0      0      0      0      0      0      0      0      0      0      0      0      0      0      0      0      0      0      0      0      0      0      0      0      0      0
      0      0      0      0      0      0      0      0      0      0      0      0      0      0      0      0      0      0      0      0      0      0      4      8      0      0      0      0      0      0      6      8      0      4      0      3      0      0      0      4      1      8     25      1      1      0      0      7      0      4      0      0      0      0      0      0      0      0      6      0      0      0      0      0      0      0      0      0      0      0      0      0      0      0      0      0      0      0      0      0      0      0      0      0      0      0      0      0      0      0      0      0      0      0      0      0      0      0      0      0
      0      0      0      0      0      0      0      0      0      0      0      0      0      0      0      0      3      0      0      7      0      0      0      0      0      0      0      1      3      6      0      0      0      0     10      0      1      0      0      0     14      2      1      0     14     16     10      2      1      0      8      0      0      2      4      0      0     10      0      0      0      1      2      0      0      0      0      0      0      0      0      0      0      0      0      0      0      0      0      0      0      0      0      0      0      0      0      0      0      0      0      0      0      0      0      0      0      0      0      0
      0      0      0      0      0      0      0      0      0      0      0      0      0      0      0      0      1      0      0      0      0      0      0      1      2      8      1      0      0      1     30      0      2      0     12      0      0      9      0      9      5      0      9      2      5      2      2      9      6      0      0      1      9      0      8      3      0      0      0      4      0      0      5      4      4      0      1      0      0      0      2      0      0      0      0      0      0      0      0      0      0      0      0      0      0      0      0      0      0      0      0      0      0      0      0      0      0      0      0      0
      0      0      0      0      0      0      0      0      0      2      0      0      0      0      0      0      0      0      0      0      0      2      0      3      0      0      4      0      0      0      2      0      9      5      1      7      1      0      0      8     12      1      9      9      6      0     17      6      0      1      0      2      1      7      6      8     13      5      3      0      0      0      4      0      1      0      0      0      0      0      0      0      0      0      0      0      0      0      0      0      0      0      0      0      0      0      0      0      0      0      0      0      0      0      0      0      0      0      0      0
      0      0      0      0      0      0      0      0      0      0      0      0      0      0      0      0      3      2      0      0      1      0      2      1      0      0      0      3      4      0      0      2      0      0      1      7      0      4      0      8      5     26      7      0      2     12      0     10      2      7      0      0      1      0      0      5     12      0     10      1      9      7      3      0      0      2      0      0      0      0      0      0      0      0      1      0      0      0      0      0      0      0      0      0      0      0      0      0      0      0      0      0      0      0      0      0      0      0      0      0
      0      0      0      0      0      0      0      0      0      0      0      0      0      0      0      0      0      0      0      0      0      0      1      0      0      1      3      7      0      5      1      0      2      2     11      0      0      1      0      0      8     11      3     10      1      5     13     16     10      7      2      6      1      1      0      0      0      2      2      0      0     16      2      2      0      0      4      0      0      0      0      0      0      0      0      0      0      0      0      0      0      0      0      0      0      0      0      0      0      0      0      0      0      0      0      0      0      0      0      0
      0      0      0      0      0      0      0      0      0      0      2      0      0      0      0      0      0      0      1      0      0      0      0      0      0      1      1      1      1      4     15      1      4      4     10      4      7      2     13     13      0      1      8      8     12      0      0      1      8      0      4      7      7     18      4      1     10      8     10      0      9      4      0      0      0      0      2      0      8      0      0      0      0      0      0      0      2      0      0      0      0      0      0      0      0      0      0      0      0      0      0      0      0      0      0      0      0      0      0      0
      0      0      0      0      0      0      0      0      0      0      0      0      0      0      0      1      0      0      2      6      0      0      1      0      0      0      3      0      2      1     38     17     10      0     13      1     13      9     17      1     14      9     10     15     13      4      0      5     14     10      2      2      9     20      1     13      2      0      1      0      9      6      4      3     16      0      0      5      0      0      0      0      0      0      0      0      0      0      0      0      0      0      0      0      0      0      0      0      0      0      0      0      0      0      0      0      0      0      0      0
      0      0      0      0      0      0      0      0      0      0      0      3      0      0      0      0      0      0      0      6      8      1      7      0      0      0      4      0      2      2      1      3      7      7     11      2      5      4     10      8      8     33      6      8     10      6      5     13      3     31      9      5      0      4     21     19      5      2      1      8      4      8      1      0      0     12      0      1      5      0      0      0      0      0      0      3      0      0      0      0      0      0      0      0      0      0      0      0      0      0      0      0      0      0      0      0      0      0      0      0
      0      0      0      0      0      0      0      0      0      0      0      0      0      0      0      0      0      3      0      7      1      0      0      4      0      2      0      4      2      4      6      6      5      7      0     13      2      3     11      3     15     16      4     11      8      6      3     11      8     26      4     11      9     11     12      8     13      4     20     11      4     12      5      0      2      0      0      0      0      3      0      0      0      0      2      0      0      0      0      0      0      0      0      0      0      0      0      0      0      0      0      0      0      0      0      0      0      0      0      0
      0      0      0      0      0      0      7      0      0      0      0      1      0      0      0      3      4      2      0      2      0      4      0      2      2      2      0      4     13      4     10     14      1      5     12     18     20     11     23      8     21      2     13     25     18      9      1     32     14     15     14     25      6     13      2     16     30      7      2      8     19      3      2      0     12     14      0      0      6      0      0      3      0      0      0      4      0      0      0      0      0      0      0      0      0      0      0      0      0      0      0      0      0      0      0      0      0      0      0      0
      0      0      0      0      0      0      0      0      0      3      0      6      0      0      1      1      0      4      0      1      4     13      0      0      0      1      7      6      6      3     11     10     22      8     22      0     17      2     27     36     15     16     11     26     26     17      6      9     31      5     23      2     12     17     18      2     11     15      3     20     23      1      1      6      1      1      0     13      6      0      4      0      0      0      9      0      0      0      0      0      0      0      0      0      0      0      0      0      0      0      0      0      0      0      0      0      0      0      0      0
      0      0      0      0      0      0      0      0      0      0      0      0      0      0      0      0      0      0      0      6      0      0     14      4      4      0      9     18     10     14     15     26      1     13      9      8      9     29     17     21     16     17     20     22     15     17      8     24      2     31     31     13      5     19      4     17     14      5     19     20     13      9      7     15      3      7      0      9      5     11      0     13      8      0      0      0      0      0      0      0      0      0      0      0      0      0      0      0      0      0      0      0      0      0      0      0      0      0      0      0
      0      0      0      0      0      4      0      0      0      0      6      0      0      0      0      2      3     23      2     19      9      0      0      5     15      1      0      6      4     14     19      9     11     17     18     12      4     11     21      3     15     30     21     62     22     17     25     21     29     13     59     25     21     26     15     36     18     35     10      8     24      3     32      6      6      0     16      9      1      7      0      1      1      0      0      2      0      0      0      0      0      0      0      0      0      2      0      0      0      0      0      0      0      0      0      0      0      0      0      0
      0      0      0      0      0      0      0      0      1      0     13      0      0      0      0      0      2      0      0      0      0      0      1      2      6     13      3      1      4      3     13     16     18     12     12     15     25     18     18     28     37     13     37     41     18     28     61     39     42     32     46     25     20     21     16     20     24     14     14     39      9      1      6     25      5      7      5      2      9      1      0      0      7      0      2      5     13      1      0      3      0      0      0      0      0      0      0      0      0      0      0      0      0      0      0      0      0      0      0      0
      0      0      0      0      0      0      0      2      5      0      3      0      4      1      8      1      1      6      1      4      0      5      1      1      2      5      8      5      8      3     12     11      3     25      6     13     32     29     29     29     18     28     43     24     36     18     25     28     34     15     28      8     23     48     36     17     28     17     33     25      3     18      8     45     11     12      9     10      4      9      0     13      0      0      0      0      0      0      0      0      0      0      0      0      9      0      0      0      0      0      0      0      0      0      0      0      0      0      0      0
      0      0      0      0      0      0      0      0      0      2      7      1      0      1      0      0      0      0      0      2      8      0      3      5     11      8      8      1      4     20      8     16     18      5     17     44     24     39     32     28     43     24     27     10     54     36     42     38     22     57     52     19     23     18     25     44     26     10     18     24      9     28      7      6     29     10     17      2      1      2      3      4      8      1     11      0      0      0      0      0      0      1      0      0      0      0      0      0      0      0      0      0      0      0      0      0      0      0      0      0
      0      0      0      0      0      0      0      0      0      3      0      0      0      1      0      0      6      0      0      1      8     20     11      9     23     31      0     14      7      1     46      6     13     11     26      9     14     32     52     41     32     37     51     52     39     49     71     30     30     43     53     45     21     48     59     69     26      8     22     23     24     28      2      3      4      5      6     30      6      2      2      4      0      5      8      0      0      1      0      0      4      1      0      0      0      0      0      0      0      0      0      0      0      0      0      0      0      0      0      0
      0      0      0      0      0      0      0      6      2      0      5      0      0      0      0      0      0      2      0      3      0      2      0      0      3     12      7      4      4     17      6     17      9     31     14     45     17     17     25     75     23     23     43     48     31     26     43      4     28     39     48     94     62     58     31      9     47     49     40     39     23     14     21     13     18      1     18      8     12     18      7      3      3      0      8      1      4      0      2      0      0      0      0      0      0      0      0      0      0      0      0      0      0      0      0      0      0      0      0      0
      0      0      0      0      0      0      0      0      0      0      0      0      1      2      0      2      1      0      0      5      2      1      1      5     12      8      6      1      6     12     16     17     23     25      9     26     50     41     35     34     12     32     65     16     45     38     18     74     37     95     88     26     55     58     37     14     35     43     20     16     21     12     23     29     37      8     15      2      9     14      1      3      2      2      0      1      1      8      0      1      0      0      0      0      0      0      0      0      0      0      0      0      0      0      0      0      0      0      0      0
      0      0      0      0      0      0      0      0      0      0      2      3      0      0      2      6      8      1      3      4      7     18      3      0     10     18     12     18     11      8     24     14     12     41     17     72     40     46     24     14     25     64     62     26     42     36     70     34     49     57     53     72     49     49     62     34     64     28     42      5     37      7     25      6     10     24     16      9     16      7      1      2      5     18      1      0      0      0      0     17      0      0      0      4      0      0      0      0      0      0      0      0      0      0      0      0      0      0      0      0
      0      0      0      0      0      0      0      5      0      0      0      0      1      0      9      1      4      0      2     10     26      0      9     10      8      8      3     12     15     10      5     11     45     13     40     44     33      8     23     33     51     45     30     64     77    101     34     35     56     82     53     77     79     34     36     11     77     70     50     58     30     28     31     30     29      0     32      3     13     25      1     12     12      0     11      3      6      0      0      0      0      0      0      0      0      0      0      0      0      0      0      0      0      0      0      0      0      0      0      0
      0      0      0      0      0      0      0      0      0      0      0      0      0      0      0      2      0      4      1      1      0      6      1      9      6     16     10     35     15     38     16     17     33     24     26     10      7     46     28     20     44     95     79     80     54     46     29     76     55     37     63     60     52     71     68     94     78     43     39     10     28     36     19     25     44     29     30     20     28      0     11     11      0      0      2      7      2      0      8      0     10      0      0      2      0      0      0      0      0      0      0      0      0      0      0      0      0      0      0      0
      0      0      0      0      0      0      0      0      0      0      1      0      5      0      2      5      0      0      7      0      5     26      4      0     21     12      7     18     20     21     20     19     23     27     21     13     46     13     15     68     75     22     52     79     81     58     62     50     67     33    114     36     31     66     99     44     86     20     52     58     82     46     14     72     19     38     13     49     18     23      0      8     10      7      0      4      6      9     11      1      1      0      0      0      0      0      0      0      0      0      0      0      0      0      0      0      0      0      0      0
      0      0      0      0      0      0      0      0     12      0      5      6      4      8      6      1      0      0      0      0      8      3      9      3     13     12     18     25      9     18      2     35     25     32     26     49     17     37     46     57     42     55     45     24     40     41     53     27     31     51     26     77     51     67     58     37     61     55     40     77     65     43     42     21     37     53      5     13     10      3     17     10      8      0      4      2      3      7      2      0      3      0      0      4      0      0      0      0      0      0      0      0      0      0      0      0      0      0      0      0
      0      0      0      0      2      0      0      3      0      2      0      0      0      0      2      2     15      2      1      5      2      6      0     13     15     19     28      5     25     10     26     33     11     21     36     38     55     19     50     23     59     45     46     51     84     56     62     77     71    119    108     27     60     46     78     73     40     73     53     60     20     39     54     45     68     14     12      6     28     12     13      2     12     11     11      3      0      0      1      0      0      0      0      0      0      0      0      0      0      0      0      0      0      0      0      0      0      0      0      0
      0      0      0      0      0      0      0      0      0      4      0      1      0      0      0      0      4      3      0     15     16      9      2      0      8     10      5      8     11     39     16     43     35     25     37     24     44     43     79     18     68     54     53     47     43    113    105     77    100    102     69     64     64     61     57     60     72     69     50     97     22     30     17     44     19     19     39     25     20     21      0      2     11      7      3      5      2      0      1      2      0      0      0      0      0      0      0      1      0      0      0      0      0      0      0      0      0      0      0      0
      0      0      0      0      0      0      0      0      0      2     21      2      6      4      1      0      6      5      3      2      1      4      3     17     11     10     10     38     17     38     46     75     30     39     23     43     54     46     33     51     67     79     74     67     56    135     87     64     60     87    137     90     90    118     72     65     87     56     60     30     56     37     43     25     27     24     20     34     31     31     48      9     22     28      3      6      1      5      0      1      2      1      2      5      0      1      0      0      0      0      0      0      0      0      0      0      0      0      0      0
      0      0      0      0      0      0      0      0      6      2      0     13      7      5      3      5      0     15      1      6      1      4      1      6      8      7      6      4     22     20     10     59     32     22     81     24     48     69     56     26     29     45     70     77     88    142    100     71     83     93    137     51     82    105    100     57     85     90     72     59     99     49     63     55     36     25     30     22     37     11     51     18     25     12      9      5      0      4      0      0      0      0      0      0      0      0      2      0      0      0      0      0      0      0      0      0      0      0      0      0
      0      0      0      0      6      1      3      0      0      0      0      0     16      0      5      1     10     19      0      0     18      7     17     12     14     21     12      2     22      9     24     49     57     50     39     42     53     67     48     77     57     82     59     49     83     96    110     80     87    131     85     83    125    124     83     99     84     90     79     38     75     40     33     45     38     54     20     31     51     35     38     32      9      8      1     17      7      1      0      3      3      0      0      0      0      0      9      0      0      0      0      0      0      0      0      0      0      0      0      0
      0      0      0      0      0      0      0      0      0      1      2      1      0      9      0      0      9      9      2      1      3      7     12      0     10     13     18      1      7     57     51     36     51     42     19     28     58     20     69     68     83     54     76     84    101     82     56     69    143     54    109     95    134     75     91    163     72     83     71    119     83     61     31     40     54     47     16      5     92     29      5      5     28     17      9      2     18      0      0      3      3      0      0     13      2      0      0      0      0      0      0      0      0      0      0      0      0      0      0      0
      0      0      0      0      0      0      4      0      3      0      0      0      0      5      4      1      6      4      2      2      6      8      4     13     14      7      9      8     46     18     10     25     22     11     40      8     45     58     41     60     52     89     48     71     42    109    110    110    107     82     69     56     72     60     47    174     99    122     67     91     54     54     54     26     81     31     16     34     14     12      7     25     22      3     22      5      0      0     12     10      0      2      0      0      0      0      8      0      0      0      0      0      0      0      0      0      0      0      0      0
      0      0      0      1      0      1      0      0      0      0      0      0      0      8      0      1      1      9      7      5     12     13      6     17      5     10      3     18     14     19     17     17     15     25     60     30     38     34     79     58     42     56     64    118    107     64     87     53     82     72     59    131     67     46     77    100     59    103     92     42     85    111     40     66     29     38     43     30     23     15     20     21     23     12      0      4      7      3     11      1      0      0      0      9      0      0      0      1      0      0      0      0      0      0      0      0      0      0      0      0
      0      0      0      0      0      0      0      0      7      7      2      7      0      1      0      2      3      5      2      0      1      6      3     31      2     11      3     21      5      9     31     21     37     27     17     27     39     40     35     46     60     52     32     41     98     71     30     52    109     83    103     62     75     69     91     44     51     61     69     46     82     71     85     94     36     42     42     52     30     19     17     37     37     23      9     12      5      8      7      0     30      0      4      0      0      0      0      0      0      0      0      0      0      0      0      0      0      0      0      0
      0      0      0      0      0      0      1      0      0      7      3      5      0      4      0      5     11      6      0     11     10      2      0      7     16     29      5     25      9      8     13      5     23     42     14     21     29     48     51     28     35     24     81     37     85     47     94     98     80    108    106    124    102     75     86    114    122     81     80     66     45    100     76     47     61    106     53     20     36     26     20      2     21      0     10     25      5     23     20      5     15      0      8      1      0      0      0      0      0      0      0      0      0      0      0      0      0      0      0      0
      0      0      0      0      0      0      0      0      0      7      0      0      4      0      6      7      0      8      2      0      4      3     21      2      7      5     27      8     26      3     22     23     25     17     28     62     65     73     66     89     56     43     85     57     84     60     86     88     45     68    152     89    107     33    125    128    111     58    147    138     36     75     46     35     97     62     36     23     35     28     15     42      6      3     12     11      6     17     17     10      4      4      0      1      0      3      0      0      0      0      0      0      0      0      0      0      0      0      0      0
      5      0      0      0      0      3      0      0      4      3      4      2      0      3      0      0      0      6      6      2      3      4     11     10      7     19     15     13     23     21     31     22     12     28     13     29     44     45     60     83     54     38     41     41     52     75    102     81    120    137    159    119     64     72     95     36     88     40     59     82     45     96    109     40    113     38     26     31     38     29     23     15      5     26     12     17      6      5      4      5      2      0      3      0      0      0      0      0      0      0      0      0      0      0      0      0      0      0      0      0
      0      0      0      2      0      0      0      0      0      0     22      0      0      0      1      5      7      3      4      4      0      0      5      0     11      4     18     15     18      7     26     13     32     39     45     54     33     57     66     53     49     69     77     69     58     57     81     76     74    106     87    110     92    123     75    120     70     52     80    100     68     61     71     43     45     57     37     68     41     28     50     24      6     20     14      5      4      2      4      0      0      4      0      2      0      0      0      0      0      6      0      0      0      0      0      0      0      0      0      0
      0      0      0      0      0      0      0      0      7      0      0      0      8      0      5      4      3      1     25      3      1      4      2     24     11      0      7     20      9     14      6     15     24     28     19     28     55     37     32     58     39     55     63     69     98     86     40     95     90    114     71    103     90    106    114     97     72     80    128    139     59     39     80     52     31     33     29      5     31     47     16     60     11     23      2     17      0      0      6      4      0      5     13      1      0      6      0      0      0      0      0      0      0      0      0      0      0      0      0      0
      0      0      0      0      0      0      2      0      0      0      1      0      0      5      3      6      0      3     13      7      1      1      0      3     13      1      6      3     21     23     18     16     17     35     37     41     23     13      6     93     42     55     58     53     46     35     64     70     54    112     64     58    105     59    101     57     53     34     63     65     37     81     65     16     90     30     80     77     28     36     17     22     20     27      2      4      7     11      0      0      2      4      9      4      0      0      0      1      0      0      0      0      0      0      0      0      0      0      0      0
      0      0      0      0      1      0      0      3      6      0      6      0     18      2      0      5      0      2      0     13      1      4      1      2      4      3      7      7     15      7     25     36      7     30     40     24     21     42     56     22     66     30     80     30     66    132     67    102     84     77     89    108     62     76    139    117     82     97    149     78     71    100     29     61     43     53     34     54     32     22     29     10      3     15     24     20     10      6      0     15      9      3      5      0      0      0      0      0      0      0      0      0      0      0      0      0      0      0      0      0
      0      0      0      0      0      0      0      2      0      0      0      3      0      0      2      0      0      4      0      2     21      3      1      1      6     15     13     15     15      4      9     16     37      8     24     23     30     37     26     30     10     45     79     43     80     61     82     58     82     67     73     67     88     86     56    144    178    101     33     54     49     63     54    106     58     40     42     15     36     14     28     23     10      0      6     20     17      2      7      2      2      6      2      4      1      0      0      0      0      0      0      0      0      0      0      0      0      0      0      0
      0      0      0      1      0      0      0      0      0      0      4      1      0      1      9      7      5      0      1      4      7      0      2      1     17     13      2      4      2      3      4     18     16     17     14     21     17     53     21     36     60     16     40     59     67     75     37     75     36    116     76     75     61     57     64     94     67     59     55     74     50     59     34     56     56     27     57     35     42     35     33     23      4     16      1     13      2      2      5      0      8      6      0      1      0      0      0      0      0      0      0      0      0      0      0      0      0      0      0      0
      0      0      0      0      0      0      0      0      1      0      0      0      5      0     10      0      1     10      7      4      0      1      4      4      8      3      4      7      3     18     15      9      3      8     35     21     18     18     28     15      5     22     31     65     65     31     55     52     64     57     71     57     45     46    104    101     78     57     82     55     22     47     60     68     41     23     19     28     31     28     10     20     11     11      0      0      4     12     22      0     21      1     15      1      4      3      0      0      0      0      3      0      0      0      0      0      0      0      0      0
      0      0      0      0      0      1      3      3      0      0      4      0      6      0      0      1      4      4      0      1      0      0      0      0      4      0      9      4     13      5      2      7      8     14     22     16      5     11     41     20     24     45     48     68     30     28     34     80     32     42    118     61     77     47     53     66     64     62     42     29     88     45     56     48     50     48     25     33      0     22     40     21     15     14     17      3      5      4      0      4      1      1      6      4      1      0      0      0      0      0      0      0      0      0      0      0      0      0      0      0
      0      0      0      0      0      0      0      0      0      1      0      1      0      1      0      0      4      2      0      0     11      0      7      8      0      8     30      1      1      1     16     16     16     13     21     31      2     44     41     17     43     35     40     31    110     42     48     42     39     62     23     44     17     42     46     60     93     88     30     34     47     37     33     13     54     27     25     34     16     13     11     17     26      4     15      2      3     11      8      8      0      0      0      1      0      0      0      0      0      0      0      0      0      0      0      0      0      0      0      0
      0      0      0      0      0      0      1      0      0      0      0      0      0      7      2      0      0      2      0      1      6      9      0      0      5      6     12     12      8      9      7     11     24      5     11     20     29      6     27     34     20     41     29     66     42     34     60     87     43     33     46     78     45     98     57     36     28     57     65     57     45     66     45     51     43     38     62     26     34     30     36     47     12     39      8     12     18      7     15      0      0      1      0      0     11      0      1      0      0      0      0      0      0      0      0      0      0      0      0      0
      0      0      0      0      0      0      0      0      0      1      0      1      1      0      3      5      2      0      2      5      0     12      4      1      1      0      0     10     13      5     21     10      1      4     10     12     16     17     15     23     26     17     35     45     47     19     33     16     51     47     33     32     68     68     44     62     34     29     98     53     29     30     40     53     84     30     26     14     16     43     35      2     11     14     20      6      8     20      1      1      5      1     11      0      0      0      0      0      2      0      0      0      0      0      0      0      0      0      0      0
      0      0      0      0      0      0      0      0      0      0      0      3      0      0      6      0      0      0      0      0      2      2      4      0      0      0      1      1      0      4      3      7     19      0      0     17      8     54     21      5     34     36     21     17     39     30     32     13     33     24     42     63     27     26     44     24     42     26     66     48     16     34     20     26     45     25     13     14     27     17     15     25      0     21     25      3     10     31      3      0      5      0      0      0      0      1      2      0      0      7      0      2      0      0      0      0      0      0      0      0
      0      0      0      0      0      0      0      0      0      0      0      0      0      0      0      0      0      2      0      0      0      1      0      0      0      0      1      0      3     25      0      0      3      5     13      8      8      7     13     37     12     19      5     16     25     72     16     34     59     51     57     37     45     45     62     30     21     63     19     29     37     18     22     64     57     15     26      0     42     32     22      6     13      7      2      6      0      2      4      4      4     15      6      0      5      0      0      0      0      0      0      0      0      0      0      0      0      0      0      0
      0      0      0      0      0      0      0      0      0      0      2      0      0      0      6      0      0      0      0      2      0      3      0      0      3      0      4      1      2      1      5      0      3      0      3     12      7     18     13     23     25     26     11     56     30     27     41     54     41     37      9     18     55     29     31     31     25     20     52     40     49     32     36     28     39     22     11     33     12     23      5     12     12     11      6     25     15     26      1      0      0      0      0      0      0      0      0      0      0      0      0      0      0      0      0      0      0      0      0      0
      0      0      0      0      0      0      1      0      0      0      0      0     13      0      0     18      0      3      1      6      4      7      0      0      5      8      0      0      1      8     12      2      1      5      2      6      0      5     16     19     16     26     22     21     32     66     45      4     28     15     28     56     26      9     15     23     26     36     26     53     62     23     10      9     21     23     32     22     11      1     10      9      4     11      3      3     18      0      1      0      0      1      0      0      0      0      0      0      0      0      0      0      0      0      0      0      0      0      0      0
      0      0      0      0      0      0      0      0      0      0      0      0      0      2      0      0      0      1      0      0      3      0      0      0      0      4      0      0      0      9     10      1      5     14      4      3     12      9      4     15      1     39      5     29     35     46     38     14     25     32     30     13     40     15     13     32     27     24     21     29     30     18      6     36     20     19     22     26     28     17      0     21      4     16      1      9      3      1      0      5      0      0      5      0      5      0      0      0      0      0      0      0      0      0      0      0      0      0      0      0
      0      0      0      0      0      0      0      0      7      0      2      0      0      0      0      1      0      0      0      0      4      1      0      2      9      0      3      0      4      4      6      0     13      4      3      1     16      0     10      5      4      5     22     32     10     36     24     18     28     32     11     16     27     38     47     11     45     51     28     12     49     19     23     38     18     11      4     10      7     13      4      5     19      6     11      7     11      5      9      0      6      2      2      0      0      0      0      0      0      0      0      0      0      0      0      0      0      0      0      0
      0      0      0      0      0      0      0      0      0      0      0      0      3      0      0      0      0      0      0      0      0      1      0      0      0      4      1      0      1      0      8      1      3      6      2      7     15      2      1      5     12     11      9      4     14      5      3     11     20      8     10     21     58     35      2     17     17     21     24     20      6      8     17     20     41      8     20      5     16     15     11     12     16      0      0      1      3     16      0      7      0      1      0      0      0      0      0      1      2      0      2      0      0      0      0      0      0      0      0      0
      0      0      0      0      0      0      0      0     14      0      0      0      0      0      0      0      0      4      0      0      1      0      3      0      0      0      0      0      3      1      3     18      0      0      0     10      5      5      0      3      8      7     39      7     16     24     17     18     12      7     16     22     11      5     17     34     10     14     42     15     22     29      6     20     23      0     14     21     19      2      4     14     15      4      1      1      0     10      0      0      0      8      0      1      0      0      0      0      0      0      0      0      0      0      3      0      0      0      0      0
      0      0      0      0      0      0      0      0      4      0      0      0      0      3      0      0      0      2      0      5      5      8      0      0      1      0      0      0      0      0      0      3      0      0      2      5      5      1      0     10     16      1     12     15      0      0     16     25     20     15     15     11     12     23     11     12     22     20     14     35     24     25      8      6      0     15      2      6     14      2      3     29      3      0      3      5      0      0      0      1      2      0      0      0      0      0      0      0      0      0      0      0      0      0      0      0      0      0      0      0
      0      0      0      0      0      0      0      0      0      0      0      0      0      0      0      0      2      0      0      0      1      0      0      0      0      1      0      0      0      0      0      0      0      0      1      3      1      0      1     12      0      2      3      4     11     33     21      1     12      8     16      6      5     13     29     24     29     13      3     20     11     10     16      0     11      3     20      4      3      6      0      6      8      2     22      7     10      8      9      0      0      0      0      0      0      0      4      8      0      0      0      0      0      0      0      0      0      0      0      0
      0      0      0      0      0      0      0      0      0      0      0      0      0      0      0      0      6      0      0      0      0      0      0      0      0      0      0      1      1      0      0      0      0      0      0      1      4     19     12      0      1      5      1      3      9      1     10      6     14      8      0     11     12     32      3     17      3      9     18      8      4      0      3      3      2      9      4      1      4      5      0      0      0      0      7      2      4      0      0      0      0      0      0      0      0      1      0      0      0      0      0      0      0      0      0      0      0      0      0      0
      0      0      0      0      0      0      0      0      0      0      0      0      0      0      4      0      0      0      0      2      1      0      0      0      0      0      1      6      0      0      0      0      0      0      0      2      0      0      1      2      8      6      3     12      2      3      6      2      9      5      1     10      4      2     13     13     14      2      7      9      7      1     12     11      2      3      3     15     15      4      5      2      2      8      0      4      0      0      2      3      5      0      5      5      0      0      0      0      0      1      0      0      0      0      0      0      0      0      0      0
      0      0      0      0      0      0      0      0      0      0      0      0      0      0      3     10      0      0      2      0      0      0      5      1      0      0      0      4      0      1      0      0      3      5      0      0      0      0      0      0      4      0      0      4      6      3      2     17      2      0      2      0      0     15      6      4      6      3      8     10      8      7      7      0      5      7     10      6      3     14      0     11      1      0      6      0      4      2      1      0      5      1      0      0      0      0      0      0      0      0      0      0      0      0      0      0      0      0      0      0
      0      0      0      0      0      0      0      0      0      0      0      1      0      0      0      0      0      0      1      0      0      0      0      0      7      2      0      0      3      0      0      1      0      0      0      0      0      1      0      4      0      0      1      0      8      0      0     11     12      6     16     17      0      5      0      0      7      6      3      7      5      5      1      6      2     14      0     13      0     15      1     15      0      1      7      0      0      0      4      0      7      0      0     10      0      0      0      5      0      0      0      0      0      0      0      0      0      0      0      0
      0      0      0      0      0      0      0      0      0      0      0      0      0      2      0      0      0      0      0      3      0      0      0      0      0      3      0      0      0      0      0      0      3      0      0      0      4      8      0      0      0      0      0      0      0      2     12      3     16     15      1      2      0      3      0     21     10      8      0      2      1      0     21      0     28      9      0      1      8      0     12      0      6      9      0      0      3      1      7      0      0      0      0      0      0      0      0      0      0      0      0      0      0      0      0      0      0      0      0      0
      0      0      0      0      0      0      0      0      0      0      0      0      0      0      0      0      0      1      0      0      0      0      0      0      0      0      0      0      0      1      0      0      0      0      0      0      3      0      3      6      4      0      4      9      0      2      2      5      3      2      3      2     12      0     10      3      3      3      7      9      2      7      1      0      0      3      9      0      0      3      3      4      1      0      0      0      0      0      8      0      0      0      0      0      3      0      0      0      0      0      0      0      0      0      0      0      0      0      0      0
      0      0      0      0      0      0      0      0      0      0      0      0      0      0      0      0      0      0      0      0      0      0      0      0      0      0      0      0      0      2      0      0      0      0      0      0      0      0      0      0     14      1      0     13      0      0      0      0      1      0      0      6     10      6      1     10      9      0      0      3      0      0      6     13      5      0      0      0      0      2     10      9      0      0      0     10      1      0      0      0      0      0      0      0      0      0      0      0      0      0      0      0      0      0      0      0      0      0      0      0
      0      0      0      0      0      0      0      0      0      0      0      0      0      0      0      0      0      0      0      0      0      0      0      0      0      0      1      0      0      0      0      0      0      4      0      0      6      0      0      0      0      4      3      5      3      0      8      1      3      0      0      0      0      6      0     22      7      0      1      0      4      3      0      8      5      0      5      7      0      0      0      0     19      8      0      0      0      0      0      2      0      0      0      0      0      0      0      0      0      1      0      0      0      0      0      0      0      0      0      0
      0      0      0      0      0      0      0      0      0      0      0      0      0      0      0      0      0      0      0      0      0      0      0      0      0      0      5      0      0      0      0      0      0      0      0      0      0      0      0      0      2      0      2      0      0      2      4      0      1      0      0      0      0      0      4      0      0      8      0      0      0      0     14     14      0      0      7      0     11      0      1      0      0      1      0      0      0      0      0      0      0      0      0      5      0      0      0      0      0      0      0      0      0      0      0      0      0      0      0      0
      0      0      0      0      0      0      0      0      0      0      0      0      0      0      0      0      0      0      0      0      0      0      0      0      0      0      0      0      0      0      0      0      0      0      0      1      4      0      0      0      1      0      0      0      1      0      3      0      0      0      0      0      0      5      0      0      3      0      0      0      1      0      5      4      0      2      0      5      0      2      0      2      0      0      0      3      0      0      0      0      0      0      0      0      0      0      0      0      0      0      0      0      0      0      0      0      0      0      0      0
      0      0      0      0      0      0      0      0      0      0      0      0      0      0      0      0      0      0      0      0      0      0      0      0      0      0      0      0      0      0      0      0      0      0      0      0      0      0      0      0      5      0      0      0      4      2      3      0      0      0      1      0      1      6      2      0      0      1      1      0      0      5      7      0      7      0      0      9      0      8     12      0      0      0      0      0      0      0      0      0      4      0      0      0      0      0      0      0      0      0      0      0      0      0      0      0      0      0      0      0
      0      0      0      0      0      0      0      0      0      0      0      0      0      0      0      0      0      0      0      0      0      0      0      0      0      0      0      0      0      0      0      0      0      0      0      0      0      0      1      0      0      0      0      0      0      0      0      0      0      0      0      0      0      1      0      0      0      0      3      0      0      0     16      1      0      0      0      0      0      0      0      4      0      2      0      0      0      0      0      0      0      0      0      0      0      0      0      0      0      0      0      0      0      0      0      0      0      0      0      0
      0      0      0      0      0      0      0      0      0      0      0      0      0      0      0      0      0      0      0      0      0      0      0      0      0      0      0      0      0      0      1      0      0      0      0      0      0      6      0      0      0      0      0      0      0      0      0      3      0      0      0      0      3      9      2      0      0      0      0      0      0      0      4      0      0      0      0      0      2      2      0      0      0      0      0      3      0      0      0      0      0      0      0      0      0      0      0      0      0      0      0      0      0      0      0      0      0      0      0      0
      0      0      0      0      0      0      0      0      0      0      0      0      0      0      0      0      0      0      0      0      0      0      0      0      0      0      0      0      0      0      0      0      0      0      0      0      0      0      0      0      0      0      0      0      0      0      0      1      0      0      0      0      0      0      1      1      0     25      0      0      1      0      1      0      0      0      3      0      0      1      0      5      0      0      0      6      0      0      0      0      0      0      0      0      0      0      0      0      0      0      0      0      0      0      0      0      0      0      0      0
      0      0      0      0      0      0      0      0      0      0      0      0      0      0      0      0      0      0      0      0      0      0      0      0      0      0      0      0      0      0      0      0      0      0      0      0      0      0      0      0      0      0      0      0      0      0      0      0      0      0      0      0      0      0      3      0      0      0      0      0      0      0      0      0      0      0      0      0      0      0      0      0      0      0      0      0      0      0      0      0      0      0      0      0      0      0      0      0      0      0      0      0      0      0      0      0      0      0      0      0
      0      0      0      0      0      0      0      0      0      0      0      0      0      0      0      0      0      0      0      0      0      0      0      0      0      0      0      0      0      0      0      0      0      0      0      0      0      0      0      0      0      0      0      3      0      0      0      0      0      0      0      4      0      0      0      0      0      0      0      0      0      0      0      0      0      0      0      0      0      0      0      0      0      6      0      0      0      0      0      0      0      0      0      0      0      0      0      0      0      0      0      0      0      0      0      0      0      0      0      0
      0      0      0      0      0      0      0      0      0      0      0      0      0      0      0      0      0      0      0      0      0      0      0      0      0      0      0      0      0      0      0      0      0      0      0      0      0      0      0      0      0      0      0      0      0      0      0      0      0      0      0     14      0      0      0      0      2      0      3      0      0      0      0      0      0      0      0      1      0      0      0      0      1      0      0      0      0      0      0      0      0      0      0      0      0      0      0      0      0      0      0      0      0      0      0      0      0      0      0      0
      0      0      0      0      0      0      0      0      0      0      0      0      0      0      0      0      0      0      0      0      0      0      0      0      0      0      0      0      0      0      0      0      0      0      1      0      0      0      0      0      0      0      0      0      0      0      0      0      0      0      0      0      0      0      0      3      0      0      0      0      0      4      0      0      0      0      0      0      0      0      0      0      0      0      0      0      0      0      0      0      0      0      0      0      0      0      0      0      0      0      0      0      0      0      0      0      0      0      0      0
      0      0      0      0      0      0      0      0      0      0      0      0      0      0      0      0      0      0      0      0      0      0      0      0      0      0      0      0      0      0      0      0      0      0      0      0      0      0      0      0      0      0      0      0      0      0      0      0      0      0      0      0      0      0      0      2      0      0      0      0      0      1      0      0      0      1      0      0      0      0      0      0      4      2      0      0      0      0      0      2      0      0      0      0      0      0      0      0      0      0      0      0      0      0      0      0      0      0      0      0
      0      0      0      0      0      0      0      0      0      0      0      0      0      0      0      0      0      0      0      0      0      0      0      0      0      0      0      0      0      0      0      0      0      0      0      0      0      0      0      0      0      0      0      0      0      0      0      0      0      0      4      0      0      0      0      0      0      0      0      0      0      0      0      0      0      0      0      0      0      0      0      0      0      0      0      0      0      0      0      0      0      0      0      0      0      0      0      0      0      0      0      0      0      0      0      0      0      0      0      0
      0      0      0      0      0      0      0      0      0      0      0      0      0      0      0      0      0      0      0      0      0      0      0      0      0      0      0      0      0      0      0      0      0      0      0      0      0      0      0      0      0      0      0      0      0      0      0      0      0      0      0      0      0      0      0      0      0      0      0      0      0      0      0      0      0      0      0      0      0      0      0      0      0     10      0      0      0      0      0      0      0      0      0      0      0      0      0      0      0      0      0      0      0      0      0      0      0      0      0      0
      0      0      0      0      0      0      0      0      0      0      0      0      0      0      0      0      0      0      0      0      0      0      0      0      0      0      0      0      0      0      0      0      0      0      0      0      0      0      0      0      0      0      0      0      0      0      0      0      0      3      0      0      0      0      0      0      0      0      0      0      0      0      0      0      0      0      0      0      0      0      0      0      0      0      0      0      0      0      0      0      0      0      0      0      0      0      0      0      0      0      0      0      0      0      0      0      0      0      0      0
      0      0      0      0      0      0      0      0      0      0      0      0      0      0      0      0      0      0      0      0      0      0      0      0      0      0      0      0      0      0      0      0      0      0      0      0      0      0      0      0      0      0      0      0      0      0      0      0      0      0      0      0      0      0      0      0      0      0      0      0      0      0      0      0      0      0      0      0      0      0      0      0      0      0      0      0      0      0      0      0      0      0      0      0      0      0      0      0      0      0      0      0      0      0      0      0      0      0      0      0
      0      0      0      0      0      0      0      0      0      0      0      0      0      0      0      0      0      0      0      0      0      0      0      0      0      0      0      0      0      0      0      0      0      0      0      0      0      0      0      0      0      0      0      0      0      0      0      0      0      0      0      0      0      0      0      0      0      0      0      0      0      0      0      0      0      0      0      0      0      0      0      0      0      0      0      0      0      0      0      0      0      0      0      0      0      0      0      0      0      0      0      0      0      0      0      0      0      0      0      0
      0      0      0      0      0      0      0      0      0      0      0      0      0      0      0      0      0      0      0      0      0      0      0      0      0      0      0      0      0      0      0      0      0      0      0      0      0      0      0      0      0      0      0      0      0      0      0      0      0      0      0      0      0      0      0      0      0      0      0      0      0      0      0      0      0      0      0      0      0      0      0      0      0      0      0      0      0      0      0      0      0      0      0      0      0      0      0      0      0      0      0      0      0      0      0      0      0      0      0      0
      0      0      0      0      0      0      0      0      0      0      0      0      0      0      0      0      0      0      0      0      0      0      0      0      0      0      0      0      0      0      0      0      0      0      0      0      0      0      0      0      0      0      0      0      0      0      0      0      0      0      0      0      0      0      0      0      0      0      0      0      0      0      0      0      0      0      0      0      0      0      0      0      0      0      0      0      0      0      0      0      0      0      0      0      0      0      0      0      0      0      0      0      0      0      0      0      0      0      0      0
