\ 
\ Covariance Function Histogram Table
\ 
\ X Parameter: Systemic Velocity
\ X Abbrev   : gamma
\ X Units    : m/s
\ X Items    : 100         
\ 
\ Y Parameter: Minimum Mass
\ Y Abbrev   : Mpsini
\ Y Units    : Mj
\ Y Items    : 100         
\ 
|col000|col001|col002|col003|col004|col005|col006|col007|col008|col009|col010|col011|col012|col013|col014|col015|col016|col017|col018|col019|col020|col021|col022|col023|col024|col025|col026|col027|col028|col029|col030|col031|col032|col033|col034|col035|col036|col037|col038|col039|col040|col041|col042|col043|col044|col045|col046|col047|col048|col049|col050|col051|col052|col053|col054|col055|col056|col057|col058|col059|col060|col061|col062|col063|col064|col065|col066|col067|col068|col069|col070|col071|col072|col073|col074|col075|col076|col077|col078|col079|col080|col081|col082|col083|col084|col085|col086|col087|col088|col089|col090|col091|col092|col093|col094|col095|col096|col097|col098|col099|
|int   |int   |int   |int   |int   |int   |int   |int   |int   |int   |int   |int   |int   |int   |int   |int   |int   |int   |int   |int   |int   |int   |int   |int   |int   |int   |int   |int   |int   |int   |int   |int   |int   |int   |int   |int   |int   |int   |int   |int   |int   |int   |int   |int   |int   |int   |int   |int   |int   |int   |int   |int   |int   |int   |int   |int   |int   |int   |int   |int   |int   |int   |int   |int   |int   |int   |int   |int   |int   |int   |int   |int   |int   |int   |int   |int   |int   |int   |int   |int   |int   |int   |int   |int   |int   |int   |int   |int   |int   |int   |int   |int   |int   |int   |int   |int   |int   |int   |int   |int   |
      0      0      0      0      0      0      0      0      0      0      0      0      0      0      0      0      0      0      0      0      0      0      0      0      0      0      0      0      0      0      0      0      0      0      0      4      0      0      0      0      0      0      0      0      0      0      0      0      0      0      0      0      0      0      0      0      0      0      0      0      0      0      0      0      0      0      0      0      0      0      0      0      0      0      0      0      0      0      0      0      0      0      0      0      0      0      0      0      0      0      0      0      0      0      0      0      0      0      0      0
      0      0      0      0      0      0      0      0      0      0      0      0      0      0      0      0      0      0      0      0      0      0      0      0      0      0      0      0      0      0      0      0      0      0      0      0      0      0      0      0      0      0      0      0      2      0      0      0      0      0      0      0      0      0      0      0      0      0      0      0      0      0      0      0      0      0      0      0      0      0      0      0      0      0      0      0      0      0      0      0      0      0      0      0      0      0      0      0      0      0      0      0      0      0      0      0      0      0      0      0
      0      0      0      0      0      0      0      0      0      0      0      0      0      0      0      0      0      0      0      0      0      0      0      0      0      0      0      0      0      0      0      0      0      0      0      0      0      1      0      0      0      0      0      0      0      0      0      0      0      0      0      0      0      0      0      0      0      0      0      0      0      0      0      0      0      0      0      0      0      0      0      0      0      0      0      0      0      0      0      0      0      0      0      0      0      0      0      0      0      0      0      0      0      0      0      0      0      0      0      0
      0      0      0      0      0      0      0      0      0      0      0      0      0      0      0      0      0      0      0      0      0      0      0      0      0      0      0      0      0      0      0      0      0      0      0      0      0      0      0      0      0      0      0      0      3      0      0      0      0      0      0      4      0      0      2      0      0      0      0      0      0      2      0      0      0      0      0      0      0      0      0      0      0      0      0      0      0      0      0      0      0      0      0      0      0      0      0      0      0      0      0      0      0      0      0      0      0      0      0      0
      0      0      0      0      0      0      0      0      0      0      0      0      0      0      0      0      0      0      0      0      0      0      0      0      0      0      0      0      9      0      0      0      0      0      0      0      0      0      0      0      0      0      0      0      0      0      0      0      0      0      3      0      0      0      0      0      0      0      0      0      0      0      0      0      0      0      0      0      0      0      0      0      0      0      0      0      0      0      0      0      0      0      0      0      0      0      0      0      0      0      0      0      0      0      0      0      0      0      0      0
      0      0      0      0      0      0      0      0      0      0      0      0      0      0      0      0      0      0      0      0      0      0      0      0      0      0      0      0      0      0      0      0      0      0      0      0      0      0      0      0      0      0      0      0      1      0      0      0      0      0      0      0      0      0      0      0      0      0      0      0      0      0      0      0      0      0      0      0      0      0      0      0      0      0      0      0      0      0      0      0      0      0      0      0      0      0      0      0      0      0      0      0      0      0      0      0      0      0      0      0
      0      0      0      0      0      0      0      0      0      0      0      0      0      0      0      0      0      0      0      0      0      0      0      0      0      0      5      0      0      0      0      0      0      0      0      0      3      0      1      0      0      0      0      2      0      1      0      0      0      0      0      0      0      0      0      0      0      0      0      0      0      0      0      0      0      0      0      0      0      0      0      0      0      0      0      0      0      0      0      0      0      0      0      0      0      0      0      0      0      0      0      0      0      0      0      0      0      0      0      0
      0      0      0      0      0      0      0      0      0      0      0      0      0      0      0      0      0      0      0      0      0      0      0      0      0      0      0      0      0      0      0      0      0      0      0      0      0      0      0      0      0      0      0      0      0      0      0      0      0      0      0     14      0      3      0      0      0      0      0      0      0      0      0      0      0      0      0      0      0      0      0      0      0      0      0      0      0      0      0      0      0      0      0      0      0      0      0      0      0      0      0      0      0      0      0      0      0      0      0      0
      0      0      0      0      0      0      0      0      0      0      0      0      0      0      0      0      0      0      0      0      0      0      0      0      0      0      0      0      0      0      0      0      0      0      0      1      0      0      0      0      0      0      0      0      0      0     11      0      5      0      0      0      0      0      0      0      0      0      0      4      0      0      0      0      0      0      0      0      0      0      0      0      0      3      0      0      0      0      0      0      0      0      0      0      0      0      0      0      0      0      0      0      0      0      0      0      0      0      0      0
      0      0      0      0      0      0      0      0      0      0      0      0      0      0      0      0      0      0      0      0      0      0      0      0      0      0      0      0      0      0      1      2      8      0      0      0      0      0      0      0      3      0      1      0      0      0      0      0      0      0      0      0      0      1      0      0      0      0      0      0      0      0      0      0      0      0      0      0      0      0      0      0      0      0      0      0      0      0      0      0      0      0      0      0      0      0      0      0      0      0      0      0      0      0      0      0      0      0      0      0
      0      0      0      0      0      0      0      0      0      0      0      0      0      0      0      0      0      0      0      0      0      0      0      0      0      0      0      0      0      0      0      0      0      0      0      0      0      0      0      0      0      0      0      0      0      0      0      0      0      0      6      0      2      2      0      0      0      1      0      0      0      0      0      0      1      0      0      0      0      0      0      0      0      0      0      0      0      0      0      0      0      0      0      0      0      0      0      0      0      0      0      0      0      0      0      0      0      0      0      0
      0      0      0      0      0      0      0      0      0      0      0      0      0      0      0      0      0      0      0      0      0      0      0      0      0      0      0      1      0      0      0      0      0      6      0      0      0      9      0      1      0      1      4      0      0      0      0      0      1      1      0      0      0      0      0      2      0      0      0      0      0      0      0      2      0      0      0      0      0      0      0      0      0      0      0      0      0      0      0      0      0      0      0      0      0      0      0      0      0      0      0      0      0      0      0      0      0      0      0      0
      0      0      0      0      0      0      0      0      0      0      0      0      0      0      0      0      0      0      0      0      0      0      0      0      0      0      0      0      0      0      0      0      0      0      0      0      0      0      0      6      0      2      7      0      0      0      4      0      4      0      0      0      7      0      0      0      0      0      0      0      0      0      0      0      1      2      0      0      0      0      0      0      0      0      0      0      0      0      0      0      0      0      0      0      0      0      0      0      0      0      0      0      0      0      0      0      0      0      0      0
      0      0      0      0      0      0      0      0      0      0      0      0      0      0      0      0      0      0      0      0      0      0      0      0      0      0      0      0      0      0      0      2      0      0      0      0      0      7      2      0      0      3      5      2      0      0      0      2      0      0      0      1      0     12      0      4      1      6      0      0      0      0      0      0      0      0      0      0      0      0      0      0      0      0      0      0      0      0      0      0      0      0      0      0      0      0      0      0      0      0      0      0      0      0      0      0      0      0      0      0
      0      0      0      0      0      0      0      0      0      0      0      0      0      0      0      0      0      0      0      0      0      0      0      0      0      0      0      0      0      0      1      0      0      0      0      0      0      0      0      0      1      2      0      7      6      0      0      0      5      1      0      0      0      0      0      9      0      0      0      0      0      0      4      2      0      0      0      1      0      0      0      0      0      0      0      0      0      0      0      0      0      0      0      0      0      0      0      0      0      0      0      0      0      0      0      0      0      0      0      0
      0      0      0      0      0      0      0      0      0      0      0      0      0      0      0      0      0      0      0      0      0      0      0      0      0      0      0      0      0      1      1      0      0      0      1      0     11      0      4      0      0      0      0      0      2      1      0      0      0      0      0      4      1      0      9      0      1      1      0      0      1      7      0      0      0      0      0      0      0      0      0      3      0      0      0      0      0      0      0      0      0      0      8      0      0      0      0      0      0      0      0      0      0      0      0      0      0      0      0      0
      0      0      0      0      0      0      0      0      0      0      0      0      0      0      0      0      0      0      0      0      0      0      0      0      0      0      0      0      4      5      0      0      8      0      1      0      0      0      0      1      2      5      0      0      0      0      0      0      0      4      8     14      0      0      3      6      3      0      0      0      0      0      0      1      0      0      0     25      0      0      0      0      0      0      0      0      0      0      0      0      0      0      0      0      0      0      0      0      0      0      0      0      0      0      0      0      0      0      0      0
      0      0      0      0      0      0      0      0      0      0      6      0      0      0      0      0      0      0      0      0      0      3      0      0      0      0      0      0      0      0      0      0      0      0      1      0      0      0      0      0      1      0      1      3      0      2     21      2      0      0      0      5      8      0      2      8      0      2      0      2      7      2      4      2     29      0      6      0      0      0      0      1      0      0      0      0      0      0      0      0      0      0      0      0      0      0      0      0      0      0      0      0      0      0      0      0      0      0      0      0
      0      0      0      0      0      0      0      0      0      0      0      0      0      0      0      0      0      0      0      0      0      0      0      0      0      0      0      0      0      0      0      0      1      0      0      1      9      0      0      0      0      4     13      0      1      0     10     28     15      0      2      5      8      2      2     19      4      2      0      0      6      1     12      3      0      0      0      0      0      2      0      2      2      0      0      0      0      0      2      0      0      0      1      0      0      0      0      0      0      0      0      0      0      0      0      0      0      0      0      0
      0      0      0      0      0      0      0      0      0      0      0      0      0      0      0      0      0      0      0      0      0      0      0      0      0      0      0      1      0      0      4      0      0      0      0      2      6      2      6      3      4      0      3      1      0     10     15      5      2      8      3      2      0     12     25      1      2      0      4      3      2      4      0      1      8      0      4      0      9      1      0      0      1      0      0      0      0      0      0      0      0      1      0      0      0      0      0      0      0      0      0      0      0      0      0      0      0      0      0      0
      0      0      0      0      0      0      0      0      0      0      0      0      0      0      0      0      0      0      0      0      0      0      0      0      4      3      0      0      0      0      1      3      3      0      1      3     10      3      0      9      6      2      1      3      5      1      0      0      0     10      0      5      7     11      4      0      2     10      3      0      1      2      3      0      0     11      4      0      0     10      0      5      2     12      0      0      0      0      0      0      0      0      0      0      0      0      0      0      0      0      0      0      0      0      0      0      0      0      0      0
      0      0      0      0      0      0      0      0      0      0      0      0      0      0      2      0      0      0      0      0      0      2      0      0      0      0      3      1      3      0      0      2      0      3      0      6      0      5      1      0      3      6      5      2      0     14      3      0      0      0      2     12      1      0      4     24      7      5      5      1      6      0      4      0      8      0      4      1      1      1      0      2      3      0      0      0      0      0      0      0      0      0      0      0      0      0      4      0      0      0      0      0      0      0      0      0      0      0      0      0
      0      0      0      0      0      0      0      0      0      0      0      0      0      0      0      0      0      0      0      0      1      0      0      0      0      0      0      0      0      1      1      1      0      2      7      1      3      1      1      6      0      0      4      0      3      8      5     12      0     13      1      9      8      0     14     12     21      1      6      6      6      8     20      8      1      4      7      1      0      0      5      2      0      0      0      1      3      0      0      0      2      0      0      0      0      0      0      0      0      0      0      0      0      0      0      0      0      0      0      0
      0      0      0      0      0      0      0      0      0      0      0      0      0      0      0      0      0      0      0      0      0      0      1      0      0      4      6      0      0      0      2      7      4      4      6      8     15      0      6      1     33      5      5      0      8      7      7      2     15      1      9     11     18     15     15      9      6     11      0      7      3     18      8      6     21      2      2      5      4      0      0      0      0      0      0      5      0      0      0      0      0      0      0      0      0      0      0      0      0      0      0      0      0      0      0      0      0      0      0      0
      0      0      0      0      0      0      0      0      0      0      0      0      0      0      0      0      0      0      0      0      2      0      0      0      0      0      0      2      1      3      0      6      2     10      2      1     28      7     13      2      1      6     10      4      1     10     14      1      6      9      7     14      5      4      8     14     21     39      5     14      6      0      0      2      9      9      0      1      6      5      0      1      0      0     11      0      0      0      0      0      0      0      0      0      0      0      0      0      0      0      0      0      0      0      0      0      0      0      0      0
      0      0      0      0      0      0      0      0      0      0      0      0      0      0      0      0      0      0      0      0      2      0      0      0      0     12      0      0      1      1      0      7      4      2      7     11     29      8      3      0      9     16      2     15      1     12      8     11      8      8     24      8      3     18      5      5     10      6     10      3      3      0     10      5      6      0     10      5      0      0      9      0      3      0      0      1      0      1      0      0      0      0      0      0      0      0      0      0      0      0      0      0      0      0      0      0      0      0      0      0
      0      0      0      0      0      0      0      0      0      0      0      0      0      0      0      0      0      1      0      0      0      4      0      0      2      0     19      3      4      2      9      6      8     13      0     15      6      4     16      7      9     31      0     25      8     15     16     21     15     19      5     28     20     15     13     17     12     31     11      2      6      0     20      8      6     14      3      0      4      8      2      0      3      0      0      0      1      0      0      0      1      0      0      0      0      0      0      0      0      0      0      0      0      0      0      0      0      0      0      0
      0      0      0      0      0      0      0      0      0      0      0      0      0      3      0      0      0      0      0      0      0      0      2      0      3      4      8      3     15      0     15      1      6     13      7     14     24     15     16      2      2     12      9     18     25     29     19     14     20     15     34     10     11     17      2     23     10     30     12     14      3      6     11      8      5      5      7      0     10      8      9      1      0      1      0      3      7      0      0      0      0      0      0      0      0      0      0      0      0      0      0      0      0      0      0      0      0      0      0      0
      0      0      0      0      0      0      0      0      0      0      0      0      0      0      0      0      0      0      0      5      0      0      0      0      0      0      0      8      3      4      6     13     14      2     22     21     16      2     14     15     21     25      7     16     19     31     11     24     17      3     20     22     32     10     10      5      9     17     22     34     25     16     15      4     15      5      2     16     12      8      0      0      5      6      1     12      0      0      0      1      0      0      0      0      0      2      0      0      0      1      0      0      0      0      0      0      0      0      0      0
      0      0      0      0      0      0      0      0      0      0      0      0      0      0      0      0      0      0      0      0      3      3      0      2     17      1     16      0     15      1     15      1     24      6     18      3      8      4     48     12     28     46     20     16     18     56     26     26     24     19     39     18     25     22     37      5     18      9     18     19     30     27     14     11     10      4     15      1     29      6      3      0      1      0      1      0      0      1      0      0      0      5     10      2      0      0      0      0      0      0      0      0      0      0      0      0      0      0      0      0
      0      0      0      0      0      0      0      0      0      0      0      0      0      6      0      0      0      0      0      1      2      1      6      2      0      3      2      0      8     13      1     19     10     15     17     24     19     15     14     22     21     33     25     32     18     35     44     31     12     20     32     23     25     12     37     13     30     40     41     12     41     12      8     16      0     19     21      0     13      2     13      0      0      6      1      0      3      0      4      3     11      0      3      0      0      0      0      0      0      0      0      0      0      0      0      0      0      0      0      0
      0      0      0      0      0      0      0      0      0      0      0      0      0      0      0      0      0      0      0      0      0      0      0      9      7      7      4      0      5      1      8      7     10      8      9     15     25     33     30     17     16     25     11     30     18     22     22     15     51     23     10     33     48     15     37     18     33     44     26     15     35     26     53     20      3     11      7     18      8      1     13      4      7     12      0      4      0      1      1      0      0      0      7      3      1      0      0      4      0      0      0      0      0      0      0      0      0      0      0      0
      0      0      0      0      0      0      0      0      0      0      0      0      0      0      0      1      0      0      0      3      0      1      4      5      1      0      0     10     13      9     11      8     22     47     11      9     43     36     30      5     40     51     41     29     30     57     25     19     26     20     36     46     29     58     15     21     32     32     30     20     15     34     30     11      5      5      7      9      4     11      0      0      0      3      0      0      2      0      1      0      0      0      0      0      0      0      0      0      0      0      0      0      0      0      0      0      0      0      0      0
      0      0      0      0      0      0      0      0      6      0      0      0      0      0      0      0      0      0      0      0      1      1      6     20      0      8      7      1      1     26     16      5      8     10     15     30     10     74     41     11     35     30     23     22     51     30     17     46    105     42     26     27     45     73     41     29     34     61     25     10     32      7     12     30     10     17     28     11     12      6     21     25      0      1      4      1     12      0      0      9      4      2      0      0      0      0      0      0      0      0      0      0      0      0     15      0      0      0      0      0
      0      0      0      0      0      0      0      0      0      0      0      2      0      0      0      0      0      1      1     17      0      1      1      7      2      0      5      6      2      5     15      3      8     38     13     21     53     28     23     50     44     49     36     26     34     46     26     38     45     22     39     47     18     49     54     21     40     40     39     22     24     12      9     41     17     20     19     18      9     18     16     11      5      6      1      0      9      0      0      2      0      0      0      0      6      2      0      0      0      0      0      0      0      0      0      0      0      0      0      0
      0      0      0      0      0      0      0      0      0      0      0      1      0      0      0      0      0      0      0     11      2      0      1     11      5      4     16      4      8      6      8     11      5     39     54     27     59     31     15     23     32     20     49     53     46     44     19     40     31     64     23     47     44     24     32     70     24     36     10      9     47     60     11     28     13     11     13     10     31     16      9     17      2      7      8      0      8      0      1      1      0      3      0      0      0      0      0      0      0      0      0      0      0      0      0      0      0      0      0      0
      0      0      0      0      0      0      0      0      3      0      3      0      0      0      3      0      0      0      4      0     14      0     21      4     13     10      7      6     17     24     10      8     14     16     23     38     35     53     32     39     34     45     13     40     30     32     42     35     54     67     39     69     35     46     39     17     53     44     41     49     54     16     20     52     19     20     16     20     44      5     20      5     11      6      9      1     14      0      3      5      0      0      0      5      0      0      0      0      0      0      0      0      0      0      0      0      0      0      0      0
      0      0      0      0      0      0      0      0      0      0      0      6      1      0      1      0      0      0      3      0      2      5      3      4      8      6     28      0      0      8      9     24     23     29     20     45     23     52     68     30     22     27     54     55     60     77     51     76     59     38     84     75     58     49     16     99     30     37     49     69     65     19     18     29     21     26     10     25     14      4     12      4     13      1     13      6      0      6      0      0      0      0      0      1      0      0      0      0      0      0      0      0      0      0      0      0      0      4      0      0
      0      0      0      0      0      0      0      0      0      0      0      0      2      0     16      0      2      0      8      2      0      0      2      0      4      0      4      4     24     20     29     24     15     17     22     32     74     44     48     35     53     50     51     41     83     24     17     64     69     36     37     76     48     70    136     88     33     41     37     28     31     25     28     37     26     34     13     34     19      7     18     12     10      5     12      9      0      0      2      2      0     11      7      0      3      0      0      0      0      0      0      0      0      0      0      0      0      0      0      0
      0      0      0      0      0      0      0      0      0      2      0      0      0      0      1      0      0      6      0      6      4      5      1      0      8     44     24      1      9      8     11     29     11     24     29     34     63     40     49     46     46     82     54     79     64     52     61    112     38     96     99     39     69     67     57     59     28     35     41     34     13     25     43     12    103     32     22     35     11     10      6     13      9      0      3      9     11      1      0      1      3      6      0      0      0      0      0      0      0      0      0      0      0      0      0      0      0      0      0      0
      0      0      0      0      0      0      0      0      0      0      0      0      0      0      0      0      0      2      0      8     20      0      2      3      7      1     29     11     15      9     15     22     18     19     36     44     43     39     50     43     68     37     68     32     32     42     79     47     20     72    120     35     47     24     51     45     34     36     34     35     70     52     57     17     52     54      6     20      2     17      6     12      0      4      4     10     10      5      0      1      0      0      1      0      0      0      0      2      0      0      0      0      0      0      0      0      0      0      0      0
      0      0      0      0      0      0      0      0      0      0      0      0      0      0      6      0      6      0      4      0      3      0      1     12      3     15     23      9     20     22     36     25     40     20     23     37     28     86     63     45     54     50     60     91     26     55     83     77     42    101     50     81     63     91     56     59     65     18     40     50     33     39     42     35     35     10     10     11     29     12     23      5     16     11     20      0     11      3      2      6      2      8      0      2      0      0      0      0      0      0      0      0      0      0      0      4      0      0      0      0
      0      0      0      0      0      0      0      0      0      0      0      0      0      0      4      0      0      4      0      4      2      0      1      4      4      6     30      2     47     47      8     60     69     19     51     64     33     40     41     53     33     30     40     80     62     51     72     77     87     50     86     61     86    109     39     39     69     39     26     52     37     28     45     28     65     32     13     40     19     17     14      3     10     20     14      8      0     20      7      6      4      1      0      0      0      1      0      1      0      0      0      0      0      0      0      0      0      0      0      0
      0      0      0      0      0      0      0      0      0      0      0      0      0      0      0      0      7     14      4      1     18      4      3     10      9     11      5     13     12     10     12     35     16     21     39     39     64     57     67     75     56     52     69     99     73    129    105     75     82     80     91     83     52    117     69     95     71     65     50    103     52     89     65     25     32      6     33     37     35     21     17     31     11      5     14     20      1      9      4      0      2      0      5      0      8      0      0      0      0      0      0      0      0      0      0      0      0      0      0      0
      0      0      0      0      0      0      0      0      0      0      0      0      0      0      2      0      6      0     11      1      9     14      9     26     17      9     31      9     16     29     28     36     25     32     49     30     77    110     43     41     84     60     61     74     74    130     63     83     81     46     67    112    127    107     72     53     63     65    133     43     45     42     26     33     41     31     23     30     42     35     15      8      2     19     17     32     20     17      0      0      5      6      6      0      0      0      0      0      0      0      0      0      5      0      0      0      0      0      0      0
      0      0      0      0      0      0      0      6      3      0      0      0      0      0      5      0      0      0      6      0      3      8      3      5      0      6      6     22      2     36     36     43     25     44     27     79     64     40     54     74     81     83     49     89     46     91     96     62    114     62    116    107    107    172     61    118     66     62     50     77     55     91     73     79     61     14     34     16     44      9     16     10     92      7     10     19      7      2      5      3     11     11      0      0      0      0      0      0      0      0      0      0      0      0      0      0      0      0      0      0
      0      0      0      0      0      0      0      0      0      0      0      0      0      0      0      8      0      0      0     16      2      2     12      4     11     33      7     12     32     17     40     22     27     35     81     26     49     46     93     56    101     79     41     53     91    122     67    120    105    105    101     90     62    105     88     86     44    111     57     75     56     50     80     25     96     77     68     26     17     15     16     12     47      6      0      7      3      8      2     31      0      0      0      0      0      0      4      0      0      0      0      0      0      0      0      0      0      1      0      0
      0      0      0      0      0      0      0      3      0      0      0      0      0      0      0      3      0      0      3     13      0      2     17      3     56      1     11     14     11     28     52     16     17     46     27     17     41     49     84     68     49     48     82     81     85    108    108     62     71     94     77     94    102     70     90     92     56     58     58     79     67     43     43     24     52     24     71     25     46     12     10     14      6     12      6      8     16     16      2      0      5      0      2      1      0      0      0      0      0      2      0      0      0      0      0      0      0      0      0      0
      0      0      0      0      0      0      0      0      0      0      0      0      0      0      0      0      5      0      9      0      2      4      8      3      5     14      0     23     44     20      6     25     35     50     48     66     55     68     51     57     60     73     98     48     71     73    110     78     92     85     55     23    104     76     81    149     57     50     78     94     37     72     31     47     44     34     19     37     10      9     33     16     12      5      4      8      6      9      2     29      0      6      3      0      0      0      8      0      0      0      0      0      0      0      0      0      2      0      0      0
      0      0      0      0      0      0      0      0      2      0      0      0      8      0      0      0      1      1      1      2      1      0     11      5     14     13     36      4     25      3     24     18     32     25     40     46     61     31     81     72     53     60     76    100     60     97     95     85     72     47     63     84     72     64     64    119     78     34     97     23     59     34     50     40     30     28     30     46     14      4     16     22     18     13     27      4     15     10      7      1      1      0      0      4      3      2      0      0      0     12      0      0      0      0      0      0      0      0      0      0
      0      0      0      0      0      0      0      0      0      7      0      0      0      0      1      0      8      7      1      4      5      0      2      3      3     11      6      5     41     30     11     18     43     37     67     34     60     15     55     47     71     68     73    123    201     54    118     67     65     90     98     83    107     65     98    117     73    140     76     47     10     22     50     52     44     42     59      8     31     17     19      6      5     30      0     18     10      9      4      0      0      8      0      1      0      0      1      0      1      0      0      0      6      0      0      0      0      0      0      0
      0      0      0      0      0      0      0      0      0      1      0      0      0      7      0      6      4      0      0      7      1      8      2     20      5     16     10     17     24     40     37     29     15     29     30     77     73     76     61     52     71     56     70    115     84     96    107     23    110    117     92    109    144     57     91     90     42     51     72     28     57    119     52     64     64     55     42     32     18     16     45     47     27     11     15     14      0      0     10      5      2      0     12      7      0      6      0      1      0      0      0      0      0      1      0      0      0      0      0      0
      0      0      0      0      0      0      0      0      4      0      5      0      0      0      0      8      7      0      7      0      2     20      2     10     10     17     18     17     15     36     14     11     37     40     47     14     43     40     52     38     93     42     93    145     72     79     90    115    156     95     53    116    152     89     37     53     74     52     65     41     49     45     67     44     16     30     28     39     24     40     32      8     20     24     15      6     13      8      5     22      1      1      4      1      1      0      2      0      0      0      0      0      0      0      0      3      0      0      0      0
      0      0      0      0      0      0      0      0      0      0      0      0      0      0      0      0      1      3     14      6      1      0      5      3      2     16      7     17     13     37     18     24     27     50     20     68     51     58     48     92     77     55     51     74     74    143     51     71    106     85    109     96    128    100     98    110     75     57     76     84     32     26     21     56     32     83     57     32     30     32     13     17     17     31     14      2      6      0      9      0      4      0      0      7      1      0      0      2      0      0      0      4      0      0      0      0      0      0      0      0
      0      0      0      0      0      0      0      0      0      0      0      0      0      0      0      0      0      0      3      1     12      2     12     14     23      7      6     28     29     12     35      9     25     23    119     46     46     43     35     73     92     88     45     55     65     65     70     79    118     99    147     96     46     47    101    113     31     83    112     50     87     72     39     27     31     54     39     35     15     48     15     35     10     14      8      4      2      0      3      1      1      0      2      4      0      0      8     10      0      0      0      0      0      0      0      0      0      0      0      0
      0      0      0      0      0      0      0      0      0      0      0      0      0      2      0      0      6      0      0      5     11     15      6      0      5      8      6     14     27     33     27     35     45     21     53     36     29     41     28     61     59    114     40     88     31     69     82     64     84     93     53    101     83     63     46     82     87     73     33     41     72     52     31     27     44     26     33      8     35     23      5      7      3      0      9      0      7      9      5      0     19     11      3      0      0      0      0      0      0      0      0      0      0      0      0      0      0      0      0      0
      0      0      2      0      0      0      0      0      0      0      4      0      0      0      0      0      0      0      1      9      2      7      7     26      9      9     16      2      8      9     41     48     51     40     12     32     49     46     52     73     68     60     45     60     81     63     58     68     75     96    136    120     92     94     92     76    144     93     67     99     82     23     72     36     67     10     24     22     23     46     35      7     25     12      3     13      8      9      0      2      5      3      1      6      0     10      0      0      3      0      0      0      0      0      0      0      0      0      0      0
      0      0      0      0      0      0      0      0      0      0      0      0      0      0      3      1      0      5      8      1      1     20      9      6     11      4     17     15     14     16     10     24     17     50     55     42     66     32     49     18     47     64     62     42     94    109    113    116     80     66     33     66     61    129     92     84     77     58     41     39     76     35     61     38     13     26     36     18     19     36     33     16      9      9      4      5      4      9      0      3     16      3      0      3      0      0      2      0      0      0      0      0      0      0      0      0      0      0      0      0
      0      0      0      0      0      0      0      0      0      0      0      0      0      0      0      1      5      0      3      1      2      0      5      3      5      7     15     20      9     14     44     20     41     46     66     51     24     24     43     26     33     43    113     86     39     78     64     92     95     36     61    105     32     54     46     46     64     26     56     46     88     23     60     39     42     31     25      5      8     10      1      1     16     10     24     14      3      1      0      6      0     10      0      2      5      2      1      0      0      0      0      8      0      4      0      0      0      0      0      0
      0      0      0      0      0      0      0      0      0      0      0      0      0      0      8      0      1      3      2      1     12     10      4      2      8     19     13     11      0     15     13     30     29     28     23     28     44     46     28     55     31     41     63     91     35     88     52     81     90     23     48     67     41     55     50     37     43     41     52     53     42     38     26     26     32     17     14      7     26     22     13      7     30      4      5      6     19      2      9      7      0      0      3      0      0      0      0      2      0      0      4      6      0     26      0      0      0      0      0      0
      0      0      0      6      0      0      0      0      0      0      0      0      0      0      0     12      3      0     11      1      3      1     14     10      4     18      2     10     34     36     18     31      9     26     46     47     36     53     10     80     23     23     51     67     34     92     88     51     42     53     28     59     43     18     31     60     31     42     32     51     25     48     21     10     31     30     38      6     10      8     22      3     24     10      8      3     14     18     15      0      4      0      1      0     10      0      6      1      0      0      2      0      1      0      0      0      0      0      0      0
      0      0      0      0      0      0      0      0     12      0      0      0      0      4      0      0      0      0      2      0      0      0      2      7      3      2      0      6     26      3     13     18      8     12     19     37     49     33     42     63     24     68     20     76     14     87     60     54     60     39     26     62     53     45     55     41     19     64     51     48     23     33     31     28     20     17     37     17     37     31      1      4     16     13      1     10      2      0      9      5      0      0      0      2      0      1      0      0      0      0      0      0      0      2      0      0      0      0      0      0
      0      0      0      0      0      0      0      0      0      0      0      0      0      0      0      0      9      4      0      0      6      0      0      5      1      6      3     14     12     24     24      8     21     60     18     16     42     27     39     36     34     25     64     62     97     44     51     74     80     30     57     95     74     54     57     42     67     65     32     48     18     42     16     37     18     30     19     33     22     38     28     31      2     25      2      5      8      2      0     15      0      0      1      3      0      0      0      0      0      1      0      0      0      0      0      0      0      0      0      0
      0      0      0      0      0      0      0      0      0      0      2      0      3      0      0      1      0      0      0      0      0      0      2      6      0     11      3     19      9     22      3     18     30     37     13     23     14     34     20     19     88     59     55     31     37     71     57     30     50     72     70     59     61     83     15     43     59     43     39     44     16     22     31     11     15     14      8     18      5     26      4      7      0      4      0      0      0      0      5      0      3      7      0      0      3      0      0      0      0      0      0      0      0      0      0      0      0      0      0      0
      0      0      0      0      0      0      0      0      0      1      0      0      7      0      0      0      0      0      2      0      0      2      0      0      4      7      1      9     13     15      7      6     28     11     13     13     25     48     19     25     29     50      5     37     28     81     27     51     47     29     42     40     22     22     22     88     17     44     34     50     32     12     33      9     17      1     16     15      3     19     18      8      0     10      4      6      0      0      0      0      0      0      0      7      0      0      0      0      0      0      0      0      0      0      0      0      0      0      0      0
      0      0      0      0      0      0      0      0      0      0      0      0      0      1      0      0      0      0      0      5     14      8      0     18      0      5      4      6      3     36      0      8     13     11     14     33     21     13     24     38     13     24     18      6     28     24    110     39     41     41     64     35     40     39     72     31     45     53     30     17     32      7     22     43      5     11     27      8     24      8      0      2      7      0      3      0      3      5      0      0      0      0      0      0      0      0      0      0      0      0      0      0      0      0      0      0      0      0      0      0
      0      0      0      0      0      0      0      0      0      0      0      0      0      0      0      0      0      0      6      0     10      0      0      1      8     11      5      7      5     30     14     20     11     13     14     29     34     48     21     39     24     22     50     30     42     28     27     14     58     39     41     30     37     31     32     14     46     33     26     23     17     15     25      1     15      0     21     20      7     12     20      5      6      4      0      9     10      1      0      0      0      3      0      0      0      0      0      0      0      0      0      0      0      0      0      0      0      0      0      0
      0      0      0      0      0      0      0      0      0      0      0      0      0      0      0      0      0      1      1     11      0      0      2      3      8     25      9      4      0      7      9     19      8      1     22     30     10     21     29     24     18     48     57     27     31      7     10     27     26     31     37     10     41     23      9     21     21      6     10     40     26     14     54     23      2     22     24      0      4      7     15     28      0      9      4      4      4      1      0      5      0      0      0      0      0      0      0      0      0      0      0      0      0      0      0      0      0      0      0      0
      0      0      0      0      0      0      0      0      0      0      0      0      0      0      0      0      0      0      0      0      0      0      5      0      0      5      2      9     14      5     14      7      0     26     16     34     20     13     39     22      7     15     17     18     17     20     16     72      7     44     52     35     16     35     28     44     11     14     16     35     13     15     18      0      9     30      5      8     15      0      0      0     13     13      1      0      0      1      1      3      1      0      0      0      0      0      0      0      0      0      0      0      0      0      0      0      0      0      0      0
      0      0      0      0      0      0      3      2      0      0      0      0      0      0      0      0      0      0      0      6      0      0      0      0     13      2      0      2      0     15      0      3      9     31      6     41      6     40     12     13     17     32     23     37     47     11     34     32     19     21     32     11     15     15      9     12     25     24     10     16     21     33     21     24      6     21     15      7      8     12      6      2      2      0     24      1     10      0      0      0      0      1     11      0      0      0      0      0      0      0      0      0      0      0      0      0      0      0      0      0
      0      0      0      0      0      0      0      0      0      0      0      0      0      0      0      0      0      0      0      2      0      0      4      5      0      0      2      1      8      4      0      0      2      0     10     14      4     11     22     11      2     22     19     20     14     23     21     17     42     30     31     46      8      9      4      1     29      8     12     30      9      1      8      5      3     24     20      1     11      0      3      1     15      5      8      0      0      0      2      0      5      1      0      0      0      0      0      0      0      0      0      0      0      0      0      0      0      0      0      0
      0      0      0      0      0      0      0      0      0      0      0      0      0      0      1      0      0      0      0      6      0      0      0      1      0     11      0      0      4     18      2      0      5     23     17     29      9      4      0     30      4     23     23      8     21     10      2     23     44     16     14     35     10      4     17     42      7     12     56      6     16      3     10      0      4      2     12     30      6      0      0      0      0      1      0      2      0      1      3      0      0      0      0      0      1      0      0      0      0      0      0      0      0      0      0      0      0      0      0      0
      0      0      0      0      0      0      0      0      0      0      0      0      0      0      0      0      0      0      3      2      5      0      0      1      3      0      0      0     16      0      8      5      3      7      4     23     12     15      5     23      3     10     12      9     34     15     10     10     17     12     10     21      6     15     23     11      5     12     28     14      4     13      5     11      0      4      0      6      2      2      2      1      1      0     30      1      0      3      0      0      0      0      0      0      0      0      0      0      0      0      0      0      0      0      0      0      0      0      0      0
      0      0      0      0      0      0      0      0      0      0      0      0      1      0      0      0      0      4      0      0      4      0      0      0      0      5      0      2      9      0      6     27      0      0      6     19      1     14      9      2      7     14      1     10      3     22      4     10     26     11     11      7     15     20      1      0      5     14      6      8      6      0      4     10      3      4      0      0      0     20      5      1      5     10      0     16      8      0      9      0      0      7      8     23      0      0      0      0      0      0      0      0      0      0      0      0      0      0      0      0
      0      0      0      0      0      0      0      0      0      0      0      0      0      0      0      0      0      0      0      2      0      0      0      0      0      6      1      0      0      4      0      9      0     10      5      2      7      0     13      6     16     16      6      8      4      4      8      6      0     13      0     11     10      7     26      0     10     18      5      0      0      4      2      2      9      0      0      4      0      0      7      0      0      1      0      0      1      0      0      0      1      0      0      0      0      0      0      0      0      0      0      0      0      0      0      0      0      0      0      0
      0      0      0      0      0      0      0      0      0      0      0      0      0      0      0      0      0      0      1      1      0      0      0      0      0      0      0      8      0      6      5      5      8      8     10      4      8     10      1     10      9     13      5      3      4      8      7      1     11     11     16      8      2      4      7      3      0      7      5      6     18     10      5      1      0      0      0      4      7      3      0      0      0      0      0      0      0      1      1      0      0      0      0      0      0      0      0      0      0      0      0      0      0      0      0      0      0      0      0      0
      0      0      0      0      0      0      0      0      0      0      0      0      0      0      0      0      0      0      1      0      0      0      0      0      0      0      0      0      1      2      0     13      3      0      2      8      2      2     10      2      7      1      1     24     11     12     15      5      8      0      0     10      1      4      1      1      7      4     18     10      5     11      3      0      1      3      3      1      0      0      0      1      2      2      3      3      0      0      0      0      0      0      0      0      0      0      0      0      0      0      0      0      0      0      0      0      0      0      0      0
      0      0      0      0      0      0      0      0      0      0      0      0      0      0      0      0      0      0      0      4      0      0      0      1      0      1      0      1      2      0      0      0      0      3     12     10      2      7      7     15      5      0     19      3      5      7      3      3      8      1     11      3      8      6      0      0      0     16      7      2     11      3      2      4      1      4      1      0      0     11      5      5      0      2      2      0      0      0      0      0      3      0      4      0      0      0      0      0      0      0      0      0      0      0      0      0      0      0      0      0
      0      0      0      0      0      0      0      0      0      0      0      0      0      0      0      0      0      0      0      0      0      0      0      0      0      0      0      5      0      0      0      0     12      0      0     11      0      2      2     12      1      0      9     10      0      7      1      5      6     17      0     10      1      0      1      3      0      9      5     13      3      0     20     31      1      0     18      0      1      0      3      0      3      0      0      0      2      0      0      0      0      0      0      0      0      0      0      0      0      0      0      0      0      0      0      0      0      0      0      0
      0      0      0      0      0      0      0      0      0      0      0      0      0      0      0      0      0      0      1      0      0      0      0      0      0      0      0      0      0      0      0      6      2      0      4      0      4      1      3      0      1     12      0     13     12      4      3      6      4      0      7      4      3      5      0      4      3      4      0      0      0      9      0      2      0      4      0      0      0      0      0     10      3      0      1      3      3      0      0      0      0      0      0      0      0      0      0      0      0      0      0      0      0      0      0      0      0      0      0      0
      0      0      0      0      0      0      0      0      0      0      0      0      0      0      0      0      0      0      0      0      0      0      0      0      0      0      0      0      0      0      0      2      6     10      0      1      5      7      4      8      1      0      6      0      2      0     13     15      0      1      0      0      0     23      0      1      4      2      0      0      5      0      0     11      0      0      0      2      1      2      0      0      0      0      0      0      0      0      0      0      0      0      0      0      0      0      0      0      0      0      0      0      0      0      0      0      0      0      0      0
      0      0      0      0      0      0      0      0      0      0      0      0      0      0      0      0      0      0      0      0      0      0      0      0      0      0      0      0      0      0      0      2      0      0      0      7      0      3      3      0      1      8     10      0      7      2     15      0      0      7      0      0     13      0      1      5      1     28      0      0      1      1      0      7      0      0      0      1      3      0      0      3      3      4      0      0      0      0      0      0      0      0      0      0      0      0      0      0      0      0      0      0      0      0      0      0      0      0      0      0
      0      0      0      0      0      0      0      0      0      0      0      0      0      0      0      0      0      0      0      0      0      0      0      0      0      0      0      0      0      0      0      0      0      0      8      0      0      0      0      0      0      0     10      0      1      0      1      2      0      0      0      2      0      8      1     14      1      0      2      9      0      1      0      5      0      4      0      0      3      0      4      0      0      0      0      0      0      0      5      0      0      0      0      0      0      0      0      0      0      0      0      0      0      0      0      0      0      0      0      0
      0      0      0      0      0      0      0      0      0      0      0      0      0      0      0      0      0      0      0      0      0      0      0      0      0      0      1      0      0      0      0      0      0      0      0      0      3      5      3      0      4      0      0      0      0      3      3      0      0      0      0      0      4      0      0      0      0      1      0      1      5      5      0      0      0      0      2      0      2      0      0      0      0      0      0      0      0      0      0      0      0      0      0      0      0      0      0      0      0      0      0      0      0      0      0      0      0      0      0      0
      0      0      0      0      0      0      0      0      0      0      0      0      0      0      0      0      0      0      0      0      0      0      0      0      1      0      0      0      0      0      0      5      0      1      0      5      0      7      0      0      0      0     12      0      0      2      0      3      0      4      6      0      3      4      0      8      0      0      5      1      0      1      0      0      5      0      0      0      0      0      0      0      0      0      0      0      0      0      0      0      0      5      0      0      0      0      0      0      0      0      0      0      0      0      0      0      0      0      0      0
      0      0      0      0      0      0      0      0      0      0      0      0      0      0      0      0      0      0      0      0      0      0      0      0      0      0      0      0      0      0      0      0      0      0      0      0      4      0      0      0      0      1      0      0      0      0      0      0      0      0      0     16      0      0      1      1      2      3      0      0      0      0      0      0      0      0      0      0      0      0      0      0      0      0      0      0      0      0      0      0      0      0      0      0      0      0      0      0      0      0      0      0      0      0      0      0      0      0      0      0
      0      0      0      0      0      0      0      0      0      0      0      0      0      0      0      0      0      0      0      0      0      0      0      0      0      0      0      0      0      0      0      0      0      0      0      1      0      0      0      0      0      0      1      0      0      0      0      0      2      4      0      0      0      0      6      0      3      0      3      8      0      4      0      3      0      0      0      0      0      0      0      0      0      0      0      0      0      0      0      0      0      0      0      0      0      0      0      0      0      0      0      0      0      0      0      0      0      0      0      0
      0      0      0      0      0      0      0      0      0      0      0      0      0      0      0      0      0      0      0      0      0      0      0      0      0      0      0      0      0      0      0      0      0      5      1      1      0      0      0      0      1      0      3      0      6      0      0      1      0     25      0      0      1      0      0      0      0      0      0      0      0      0      1      0      0      0      0      0      0      0      0      0      0      0      0      0      0      0      0      0      0      0      0      0      0      0      0      0      0      0      0      0      0      0      0      0      0      0      0      0
      0      0      0      0      0      0      0      0      0      0      0      0      0      0      0      0      0      0      0      0      0      0      0      0      0      0      0      0      0      0      0      0      0      0      3      0      0      0      0      0      0      0      0      0      0      0      0      0      0      0      0      0      0      0      0      0      0      0      0      0      0      0      0      0      0      0      0      0      0      0      0      0      0      0      0      0      0      0      0      0      0      0      0      0      0      0      0      0      0      0      0      0      0      0      0      0      0      0      0      0
      0      0      0      0      0      0      0      0      0      0      0      0      0      0      0      0      0      0      0      0      0      0      0      0      0      0      0      0      0      0      0      0      0      0      0      0      0      0      0      0      0      0      0      0      0      0      0      0      0      4      0      0      0      0      0      0      0      0      0      0      6      3      0      0      0      0      0      0      0      0      0      0      0      0      0      0      0      0      0      0      0      0      0      0      0      0      0      0      0      0      0      0      0      0      0      0      0      0      0      0
      0      0      0      0      0      0      0      0      0      0      0      0      0      0      0      0      0      0      0      0      0      0      0      0      0      0      0      0     14      0      0      0      0      3      0      0      0      0      0      0      0      0      0      0      0      0      0      0      0      0      0      0      0      0      0      0      0      1      2      0      0      0      0      0      0      0      0      0      1      0      0      0      0      0      0      0      0      0      0      0      0      0      0      0      0      0      0      0      0      0      0      0      0      0      0      0      0      0      0      0
      0      0      0      0      0      0      0      0      0      0      0      0      0      0      0      0      0      0      0      0      0      0      0      0      0      0      0      0      0      0      0      1      0      0      0      0      0      0      0      4      0      0      0      0      3      0      0      0      0      0      0      0      0      0      0      0      0      0      0      0      0      0      0      0      0      0      0      0      0      0      0      0      0      0      0      0      0      0      0      0      0      0      0      0      0      0      0      0      0      0      0      0      0      0      0      0      0      0      0      0
      0      0      0      0      0      0      0      0      0      0      0      0      0      0      0      0      0      0      0      0      0      0      0      0      0      0      0      0      0      0      0      0      0      0      0      1      0      0      0      0      0      2      0      0      0      0      0      0      0      0      0      4      1      0      0      0      0      0      0      4      0      0      0      0      0      0      0      0      0      0      0      0      0      0      0      0      0      0      0      0      0      0      0      0      0      0      0      0      0      0      0      0      0      0      0      0      0      0      0      0
      0      0      0      0      0      0      0      0      0      0      0      0      0      0      0      0      0      0      0      0      0      0      0      0      0      0      0      0      0      0      0      0      0      0      0      0      0      0      0      0      0      0      0      0      0      0      0      0      0      0      0      0      0      0      0      0      0      0      0      0      0      0      0      0      4      0      0      0      0      0      0      0      0      0      0      0      0      0      0      0      0      0      0      0      0      0      0      0      0      0      0      0      0      0      0      0      0      0      0      0
      0      0      0      0      0      0      0      0      0      0      0      0      0      0      0      0      0      0      0      0      0      0      0      0      0      0      0      0      0      0      0      0      0      0      0      0      0      0      0      0      0      0      0      0      0      0      0      0      0      0      0      0      0      0      0      0      0     10      0      0      0      0      0      0      0      0      0      0      0      0      0      0      0      0      0      0      0      0      0      0      0      0      0      0      0      0      0      0      0      0      0      0      0      0      0      0      0      0      0      0
      0      0      0      0      0      0      0      0      0      0      0      0      0      0      0      0      0      0      0      0      0      0      0      0      0      0      0      0      0      0      0      0      0      0      0      0      0      0      0      0      0      0      0      0      0      0      3      0      0      0      0      0      0      0      0      0      0      0      0      0      0      0      0      0      0      0      0      0      0      0      0      0      0      0      0      0      0      0      0      0      0      0      0      0      0      0      0      0      0      0      0      0      0      0      0      0      0      0      0      0
      0      0      0      0      0      0      0      0      0      0      0      0      0      0      0      0      0      0      0      0      0      0      0      0      0      0      0      0      0      0      0      0      0      0      0      0      0      0      0      0      0      0      0      0      0      0      0      0      0      0      0      0      0      0      0      0      0      0      0      0      0      0      0      0      0      0      0      0      0      0      0      0      0      0      0      0      0      0      0      0      0      0      0      0      0      0      0      0      0      0      0      0      0      0      0      0      0      0      0      0
      0      0      0      0      0      0      0      0      0      0      0      0      0      0      0      0      0      0      0      0      0      0      0      0      0      0      0      0      0      0      0      0      0      0      0      0      0      0      0      0      0      0      0      0      0      0      0      0      0      0      0      0      0      0      0      0      0      0      0      0      0      0      0      0      0      0      0      0      0      0      0      0      0      0      0      0      0      0      0      0      0      0      0      0      0      0      0      0      0      0      0      0      0      0      0      0      0      0      0      0
      0      0      0      0      0      0      0      0      0      0      0      0      0      0      0      0      0      0      0      0      0      0      0      0      0      0      0      0      0      0      0      0      0      0      0      0      0      0      0      0      0      0      0      0      0      0      0      0      0      0      0      0      0      0      0      0      0      0      0      0      0      0      0      0      0      0      0      0      0      0      0      0      0      0      0      0      0      0      0      0      0      0      0      0      0      0      0      0      0      0      0      0      0      0      0      0      0      0      0      0
      0      0      0      0      0      0      0      0      0      0      0      0      0      0      0      0      0      0      0      0      0      0      0      0      0      0      0      0      0      0      0      0      0      0      0      0      0      0      0      0      0      0      0      0      0      0      0      0      0      0      0      0      0      0      0      0      0      0      0      0      0      0      0      0      0      0      0      0      0      0      0      0      0      0      0      0      0      0      0      0      0      0      0      0      0      0      0      0      0      0      0      0      0      0      0      0      0      0      0      0
