\ 
\ Covariance Function Histogram Table
\ 
\ X Parameter: Systemic Velocity
\ X Abbrev   : gamma
\ X Units    : m/s
\ X Items    : 100         
\ 
\ Y Parameter: Stellar Mass
\ Y Abbrev   : M*
\ Y Units    : Msun
\ Y Items    : 100         
\ 
|col000|col001|col002|col003|col004|col005|col006|col007|col008|col009|col010|col011|col012|col013|col014|col015|col016|col017|col018|col019|col020|col021|col022|col023|col024|col025|col026|col027|col028|col029|col030|col031|col032|col033|col034|col035|col036|col037|col038|col039|col040|col041|col042|col043|col044|col045|col046|col047|col048|col049|col050|col051|col052|col053|col054|col055|col056|col057|col058|col059|col060|col061|col062|col063|col064|col065|col066|col067|col068|col069|col070|col071|col072|col073|col074|col075|col076|col077|col078|col079|col080|col081|col082|col083|col084|col085|col086|col087|col088|col089|col090|col091|col092|col093|col094|col095|col096|col097|col098|col099|
|int   |int   |int   |int   |int   |int   |int   |int   |int   |int   |int   |int   |int   |int   |int   |int   |int   |int   |int   |int   |int   |int   |int   |int   |int   |int   |int   |int   |int   |int   |int   |int   |int   |int   |int   |int   |int   |int   |int   |int   |int   |int   |int   |int   |int   |int   |int   |int   |int   |int   |int   |int   |int   |int   |int   |int   |int   |int   |int   |int   |int   |int   |int   |int   |int   |int   |int   |int   |int   |int   |int   |int   |int   |int   |int   |int   |int   |int   |int   |int   |int   |int   |int   |int   |int   |int   |int   |int   |int   |int   |int   |int   |int   |int   |int   |int   |int   |int   |int   |int   |
      0      0      0      0      0      0      0      0      0      0      0      0      0      0      0      0      0      0      0      0      0      0      0      0      0      0      4      0      0      0      0      0      0      0      0      0      0      0      0      0      0      0      0      0      0      0      0      0      0      0      0      0      0      0      0      0      0      0      0      0      0      0      0      0      0      0      0      0      0      0      0      0      0      0      0      0      0      0      0      0      0      0      0      0      0      0      0      0      0      0      0      0      0      0      0      0      0      0      0      0
      0      0      0      0      0      0      0      0      0      0      0      0      0      0      0      0      0      0      0      0      0      0      0      0      0      0      0      0      0      0      0      0      0      0      0      0      2      0      0      0      0      0      0      0      0      0      0      0      0      0      0      0      0      0      0      0      0      0      0      0      0      0      0      0      0      0      0      0      0      0      0      0      0      0      0      0      0      0      0      0      0      0      0      0      0      0      0      0      0      0      0      0      0      0      0      0      0      0      0      0
      0      0      0      0      0      0      0      0      0      0      0      0      0      0      0      0      0      0      0      0      0      0      0      0      0      0      0      0      0      0      0      0      0      0      1      0      0      0      0      0      0      0      0      0      0      0      0      0      0      0      0      0      0      0      0      0      0      0      0      0      0      0      0      0      0      0      0      0      0      0      0      0      0      0      0      0      0      0      0      0      0      0      0      0      0      0      0      0      0      0      0      0      0      0      0      0      0      0      0      0
      0      0      0      0      0      0      0      0      0      0      0      0      0      0      0      0      0      0      0      0      0      0      0      0      0      0      0      0      0      0      0      0      0      0      0      0      0      0      0      0      0      0      4      0      2      0      0      0      0      0      0      0      0      3      0      2      0      0      0      0      0      0      0      0      0      0      0      0      0      0      0      0      0      0      0      0      0      0      0      0      0      0      0      0      0      0      0      0      0      0      0      0      0      0      0      0      0      0      0      0
      0      0      0      0      0      0      0      0      0      0      0      0      0      0      0      0      0      0      0      0      0      0      0      0      0      0      7      0      0      0      0      2      0      0      0      0      0      0      0      0      0      3      0      0      0      0      0      0      0      0      0      0      0      0      0      0      0      0      0      0      0      0      0      0      0      0      0      0      0      0      0      0      0      0      0      0      0      0      0      0      0      0      0      0      0      0      0      0      0      0      0      0      0      0      0      0      0      0      0      0
      0      0      0      0      0      0      0      0      0      0      0      0      0      0      0      0      0      0      0      0      0      0      0      0      0      0      0      0      0      0      0      0      0      0      0      1      0      0      0      0      0      0      0      0      0      0      0      0      0      0      0      0      0      0      0      0      0      0      0      0      0      0      0      0      0      0      0      0      0      0      0      0      0      0      0      0      0      0      0      0      0      0      0      0      0      0      0      0      0      0      0      0      0      0      0      0      0      0      0      0
      0      0      0      0      0      0      0      0      0      0      0      0      0      0      0      0      0      0      0      0      0      0      0      5      0      0      0      0      0      0      0      0      0      0      0      0      0      0      0      0      0      0      0      1      1      0      0      2      3      0      0      0      0      0      0      0      0      0      0      0      0      0      0      0      0      0      0      0      0      0      0      0      0      0      0      0      0      0      0      0      0      0      0      0      0      0      0      0      0      0      0      0      0      0      0      0      0      0      0      0
      0      0      0      0      0      0      0      0      0      0      0      0      0      0      0      0      0      0      0      0      0      0      0      0      0      0      0      0      0      0      0      0      0      0      0      0      0      0      0      0      0      0      0      0      0      0      0      0      0      0     11      0      0      0      0      3      0      0      0      0      3      0      0      0      0      0      0      0      0      0      0      0      0      0      0      0      0      0      0      0      0      0      0      0      0      0      0      0      0      0      0      0      0      0      0      0      0      0      0      0
      0      0      0      0      0      0      0      0      0      0      0      0      0      0      0      0      0      0      0      1      0      0      0      0      0      0      0      0      0      0      0      0      0      0      0      0      0      0      0      0      0      0      0      0      0      0      0      0      0      4      0      0      0     11      0      0      0      0      5      0      0      0      0      0      0      0      0      0      0      0      0      0      0      3      0      0      0      0      0      0      0      0      0      0      0      0      0      0      0      0      0      0      0      0      0      0      0      0      0      0
      0      0      0      0      0      0      0      0      0      0      0      0      0      0      0      0      2      0      0      0      0      0      0      0      0      0      8      0      0      0      0      1      0      0      0      0      1      0      0      0      0      2      1      1      0      0      0      0      0      0      0      0      0      0      0      0      0      0      0      0      0      0      0      0      0      0      0      0      0      0      0      0      0      0      0      0      0      0      0      0      0      0      0      0      0      0      0      0      0      0      0      0      0      0      0      0      0      0      0      0
      0      0      0      0      0      0      0      0      0      0      0      0      0      0      0      0      0      0      0      0      0      0      0      0      0      0      0      0      0      0      0      0      0      0      0      0      0      0      0      0      0      0      0      2      1      0      0      0      0      0      0      6      2      0      0      0      0      0      0      0      0      0      0      0      0      0      0      0      0      0      0      0      0      1      0      0      0      0      0      0      0      0      0      0      0      0      0      0      0      0      0      0      0      0      0      0      0      0      0      0
      0      0      0      0      0      0      0      0      0      0      0      0      0      0      0      6      0      0      0      0      9      0      0      0      1      0      0      0      0      0      0      0      1      0      0      0      0      0      0      0      0      0      0      1      0      0      0      4      0      0      1      0      0      0      0      0      0      1      0      0      4      0      0      0      0      0      0      0      0      0      0      0      0      0      0      0      0      0      0      0      0      0      0      0      0      0      0      0      0      0      0      0      0      0      0      0      0      0      0      0
      0      0      0      0      0      0      0      0      0      0      0      0      0      0      0      0      0      0      0      0      0      0      0      0      0      0      0      0      7      0      0      0      0      4      6      0      0      0      0      0      2      0      0      1      0      0      0      3      0      0      0      0      7      0      0      0      0      0      0      0      0      0      0      1      0      0      0      0      0      0      0      0      0      0      0      0      0      2      0      0      0      0      0      0      0      0      0      0      0      0      0      0      0      0      0      0      0      0      0      0
      0      0      0      0      0      0      0      0      0      0      0      0      0      0      0      0      0      0      0      0      0      0      0      0      2      2      0      0      0      0      3      0      0      0      0      2      0      0      0      0      0      1      0      3      0      0      0      0      0      0      0      7      5      0      0      0      6     13      0      1      0      2      0      0      0      0      0      0      0      0      0      0      0      0      0      0      0      0      0      0      0      0      0      0      0      0      0      0      0      0      0      0      0      0      0      0      0      0      0      0
      0      0      0      0      0      0      0      0      0      0      0      0      0      0      0      0      0      0      0      0      0      0      0      0      0      0      0      0      0      3      0      0      0      1      0      0      0      0      0      0      0      0      5      0      0      5      0      0      1      0      2      0      5      1      0      9      0      0      0      0      0      0      0      0      2      0      5      0      0      0      0      0      0      0      0      0      0      0      0      0      0      0      0      0      0      0      0      0      0      0      0      0      0      0      0      0      0      0      0      0
      0      0      0      0      0      0      0      0      0      0      0      0      0      0      0      0      0      0      0      0      0      0      0      1      0      0      0      0      1      0      0      0      0      0      0      0      0      0      0      1      0      4      0     20      1      0      3      0      0      0      0      0      0      4      0      1      0      0      0      0      2      1      0      5      0      0      1      0      0      0      0      0      3      0      0      0      0      0      0      8      0      0      0      0      0      0      0      0      0      0      0      0      0      0      0      0      0      0      0      0
      0      0      0      0      0      0      0      0      0      0      0      0      0      0      0      0      0      0      0      0      0      0      0      0      0      0      0      0      4      0      0      0      4      0      0      0      0      5      0      0      9      0      0      8      1      0      2      0      0      0      0      1     15      0      0      0      6      0      0      0      5      3     26      0      0      1      0      0      0      0      0      0      0      0      0      0      0      0      0      0      0      0      0      0      0      0      0      0      0      0      0      0      0      0      0      0      0      0      0      0
      0      0      0      0      0      0      0      0      0      0      0      0      0      6      0      0      0      0      0      0      0      3      0      0      0      0      0      0      0      0      0      1      0      0      0      0      0      0      0      0      0      6      0      0      5      0      0      7      0      9      6      1      8      6      4      3      2     11      0     22      2      4      0      1      0      3      0      0      0      1      0      7      0      0      0      0      0      0      0      0      0      0      0      0      0      0      0      0      0      0      0      0      0      0      0      0      0      0      0      0
      0      0      0      0      0      0      0      0      0      0      0      0      0      0      0      0      0      0      0      0      0      0      0      0      0      0      0      0      0      0      0      2      0      0      2      0      0      0     13      0      0      5      3      1      0     21      7      7      0      0      6      9      0      1      0     37     12      4      3      0      1      4      9      0      2      0      2      0      0      2      0      0      0      0      1      2      0      0      0      0      0      0      0      0      0      0      1      0      0      0      0      0      0      0      0      0      0      0      0      0
      0      0      0      0      0      0      0      0      0      0      0      0      0      0      0      0      0      0      0      0      0      0      0      0      0      0      0      0      0      0      0      0      2      0      3      0      0      5      6      8      0      5      0      0      2      7      9      3      0      6      0      5     14      0     10      5     12     14      0     13      2      7      5      1      1      2      0      0      0      0      0      4      0      1      1      0      0      0      0      0      1      0      0      0      0      1      0      0      0      0      0      0      0      0      0      0      0      0      0      0
      0      0      0      0      0      0      0      0      0      0      0      0      0      0      0      0      0      0      0      0      0      0      1      3      0      0      1      2      1      0      5     10      0      4      0      0      1      2      0      0      0      3      7      3      0      1      4     20      0      0      2      1      6      9      1      0      2     12      5      1      6     11      4      1      0      5      0      0      5      0      0      0      2      0      0     12      0      0      7      0      0      0      0      0      0      0      0      0      0      0      0      0      0      0      0      0      0      0      0      0
      0      0      0      0      0      0      0      0      0      2      0      0      0      0      0      0      2      0      0      0      0      0      0      0      0      1      0      1      0      3      3      0      1      3      0      0      1      0      0      8      2      3      5      3     16      5      9      2      7      6      0      0     15      2      4      2      4      1      1      1     10      0      4      3     10      2      3      0      0      1      0      0      0      0      0      6      0      0      0      0      0      0      0      0      0      4      0      0      0      0      0      0      0      0      0      0      0      0      0      0
      0      0      0      0      0      0      0      0      0      0      0      0      0      0      0      0      0      0      0      0      0      0      0      0      0      0      1      1      0      0      1      4      0      1      7      0      7      4      7      1      0      0      1      2      9      5      2      1      5      7      9      2      4     23      6     15     11     12      0     23      7      6      1      0      0      6      2      3      7      7      4      2      0      0      0      0      0      0      0      0      0      0      0      0      0      0      0      0      0      0      0      0      0      0      0      0      0      0      0      0
      0      0      0      0      0      0      0      0      0      0      0      0      0      0      0      0      0      0      0      0      0      0      1      0      0      0      0      4      4      1      7      0      0      2     11      0      1      2      1      2      0      9     11     24     12      2      2     30      0     17      6     15      8      1     12      2      9     19     13     12      0     15     29     16      0      0      6      5      0      0      3      0      2      0      0      0      0      0      0      0      0      2      0      4      0      0      0      0      0      0      0      0      0      0      0      0      0      0      0      0
      0      0      0      0      0      0      0      0      0      0      0      0      0      0      0      0      2      0      0      0      0      0      0      0      5      2      6      3      4      2      0      0      4      5      0      4     21      9      4      3     23      2      6      0     22      4     15      1      9      1      9     11     27      3      7      3     26      4      4      9      5      1      8      5     11      8     14      6      0      0      0      0      4      0      0      0      0      0      0      0      0      0      0      0      0      0      0      0      0      0      0      0      0      0      0      0      0      0      0      0
      0      0      0      0      0      0      0      0      0      0      0      0      0      0      0      0      0      0      0      0      1      2      1      0      0      3     13     11      4      0      0      3      1      3      5     21      5      4      9      5      2      0     14      6      2      0     12     11     14      8     12     17     23     14      8      4      0     18      6      6      9      6      5      1     11      3      4      6      2      0      2      3      0      0      0      0      2      0      0      0      0      0      0      0      0      0      0      0      0      0      0      0      0      0      0      0      0      0      0      0
      0      0      0      0      0      0      0      0      0      0      0      0      0      0      0      6      1      0      0      0      4      0      8      2      6      0      1      4      7     17      1      3      1     10      0      3     26      6      5      2      5     27     14     15      9     15     31     43      4     28     25      7     15     18     12      8     12      2      6     13     12      7     10     13      6      8      2      1      5      0      1      1     14      4      0      0      0      0      2      0      0      0      0      0      0      0      0      0      0      0      0      0      0      0      0      0      0      0      0      0
      0      0      0      0      0      0      0      0      0      0      0      0      0      0      0      0      0      0      0      3      0      2      3      0      0      4      4      4      6      0      6      0     25     11      8      5     14      4     25     16      5     12     19      8     22     13     38      8     28     25     11     44      9      2      8     24      4     16     14      6      7     14      8      6      5      8     14      7     12      0      2      0      0      0      0      6      5      9      2      0      0      0      0      0      0      0      0      0      0      0      0      0      0      0      0      0      0      0      0      0
      0      0      0      0      0      0      0      0      0      0      0      0      0      0      0      0      0      0      0      0      0      0      0      0      5      5      0     10      0     22      3     16      5     18      0     10      1      2     26     16     14      9     17     16     38     10     50      8     31     16     28     11     20      8      3     18     22     11     31     15     15     24     16     13     26      0      5      1      0      3      1      3      6      4      9      0      0      1      0      0      0      0      1      0      0      0      3      0      0      0      0      0      0      0      0      0      0      0      0      0
      0      0      0      0      0      0      0      0      0      0      0      0      0      0      3      0      0      0      0      0      0      0      6      5     17      8      6     14      1     16     19     17     11      8     19      7     23     20     28     13     12     21     12     30     20     28     26     25     25     22     23     23     20     49     10     23     42      6     34     23     15      3     20      6      9      8     10      5     10      0     13      5      5     10     11      8      0      0      2      0      1      0      0      0      0      0      0      0      0      0      0      0      0      0      0      0      0      0      0      0
      0      0      0      0      0      0      0      0      0      0      0      0      0      0      0      0      6      0      0      8      0      5      1      9      0      2      1      1      0      3      3      8      7     23     31     31     48     14     14     15     20     24     23     18     25     32     29     36     18      4     43     36     23     27     11     18     35     34      8     24     20     21     22     13     28     21     19      5      2      2     15     13      0      1      6      3      1      0      0      0      0      2      0      0      0      0      0      0      0      0      0      0      0      0      0      0      0      0      0      0
      0      0      0      0      0      0      0      0      0      0      0      0      0      0      0      0      0      0      3      0      6      3      0      1      4      2      0      3      3     14      0     24     17      4     27     10     14     22     18      5     15     17     51     22     20     11     37     32     27     10     28      9     24     41     37     77     66      4     11     15     18     29      8     20      4     29     12     17     20      9     12     11      0      0      9      0      2      0      0      2      0      3      0      0      0      0      0      0      0      0      0      0      0      0      0      0      0      0      0      0
      0      0      0      1      0      0      0      0      0      0      0      0      0      0      0      0      0      0      0      2      0      4      1      1      4      3     14     17      2     12     10     11      6     33     15     53     29     25     24     18      6     38     21     37     10     49     24     36     21     41     40     59     15     44     50     30     33     19     23      9     23     30      6     32     19      1     22      0      8      9      1      2      3      8      2      0      3      0      0      1      3      0      0      0      0      0      0      0      0      0      0      0      0      0      0      0      0      0      0      0
      0      0      0      6      0      0      0      0      0      0      1      0      0      0      0      0      0      1      0      0      6      0      0      0     10     12      3      3      7      9     20     43     31     14      8     20     32     22     26     11     16     26     25     35     52     36     56     44     54     75     47     22     22     26     29     45     41     39     29     27     26     12     33     24     51     23     27     15      6     18      1      5     12      0     13      3     22      0      0      0      0      4      0      0      0      0      0      0      0      0      0      0      0      0      0      2      0      0      0      0
      0      0      0      0      0      0      0      0      0      2      0      0      0      0      0      0      0      0      2      0      0      1      0      7      8     13      0      0     15      7     21     18      7     14     16      8     41     53     23     72     39     17     26     38     21     31     55     37     19     48     51     55     42     34     27     30     39     19     19     30     30     19     38     17     42     12     17      9      4     20      4      9     28      7      4      0      0      6      0      1      0      0      3      5      0      0      2      0      0      0      0      0      0      0      0      0      0      0      0      0
      0      0      0      0      0      0      0      0      0      0      0      0      0      0      0      0      4      2      0      4      0      0      7      7      0     14      5      4      0     17     11     21     28     22     22     23     17     59     27     36     24     45     34     78     25     45     32     37     32     18     39     65     39     57     32     36     36     14     48     21     48     47     14     27     30     22      4      5      5      2     17      6      7      6      0      1     14      2      0      0      0      0      0      0      0      1      4      0      3      2      0      0      0      0      0      0      0      0      0      0
      0      0      0      0      0      0      0      3      0      0      3      0      0      0      0      0      2      6      3      2      0      4      0     16     20     30     10      9     25      5      5     19     10     14     33      8     55     51      8     42     51     27     62     52     40     57     45     71     37     50     12     57     45     23     31     45     39     56     38     33     28     43     13     15     33     38     13      5      9     17     19      4      0      4     14     30      0      4      9      3      4      0      4      0      0      2      1      0      0      0      0      0      0      0      0      0      0      0      0      0
      0      0      0      0      0      0      0      0      1      0      0      0      0      0      3      5      0      0     11      4      0      2      3      2      0      7     15      7     21     34     23     32     19     51     44     35     31     41     36     11     29     93     23     95     42     82     49     30     33     93     82     34     21     39     65     59     72     64     51     24     29     26     21     12     39     30     15      3      2     14      7     10      8      9      7      1      1      0      1      7      0      0      0      6      4      0      0      0      0      0      4      0      0      0      0      0      0      0      0      0
      0      0      0      0      0      0      0      0      0      0      0      0      0      0      0      0      0      1      1      5     20      0      2      4      1      3      4      6      9     17      3     31     20      9     27     33     36     16     49     37     51     34     66     37     63     87     18     58     66     70     48    103     78     47     63     65     37     72     36     28     34     27     33     36     13     14     34     25     14     48     28      7      6      4      4      8     10     18      0      6      0      0      0      5      6      0      0      0      0      0      4      0     11      0      0      0      0      0      0      0
      0      0      0      0      0      0      0      6      0      0      0      0      0      0      1      0      0      0      2      0      0      4      7     12     23      4     14     25     13     10      3     38     16     21     20     23     48     46     74     27     21    102     61     68     52     66    112     53    111     66     46    100     33     66     44     72     35     94     52      9     42     23     67     56     30     18      7     10     12      5      4     16      4      2      7      0      7      2      0      0      2      0      8     13      0      0      0      0      0      0      0      0      0      0      0      0      0      0      0      0
      0      0      0      2      0      0      0      0      0      0      0      0      8      0     15      2      0      0      2      2      1      7      8      1     14      4      3      9     13     19     24     18     24     22     19     21     26     48     10     71     63     61     81     56     50     37     52     31     78     79     79     64     38     45     44     48     39     42     42     33     40     37     35     49     17     19     14     15     25     16     10     23      2      4     10      4      1      1      2      2      1      0      4      1      4      0      0      0      0      3      0      0      0      2      0      0      0      0      0      0
      0      0      0      0      0      0      0      0      0      0      0      0      0      0      1      0      0      1      6      5      2      3     10      4      3     40     16      3     15     51     13     27      8     41     53     39     18     34     39     66     46     36     27     60     50     61     84     77     65     37     82     54    122     54     80     40     75     66     25     60     61     30     22     18     42     25     19     13     21     13      9     48     13      9     11      2      2      7     10     13      4      6      1      1      1      0      0      0      5      0      3      0      0      0      0      0      0      0      0      0
      0      0      0      0      0      0      0      0      0      0      0      0      0      0      0      0      0      0      4     11     10      5      6      1      7     23     24      4     20     50     40     42     15     25     12     32     45     25     39     59     77     43     72     79     33     64     68     77     46     52     44     61     83     85     77     55     60     80     75     31     70     53     11     30     31     19     34      8     30     23     36     11     23      6      0      9      9      9     14      0      9      5      0      3      2      0      0      4      0      2      2      0      0      0      0      0      0      0      0      0
      0      0      0      0      0      0      0      0      0      0      0      1      1      1      4     15      0      2      0      8      0     16      9      6     11      5      6     10     25     19     20     20     18     14     38     28     24     64     73     82     52    114     45     94     71    147     57     59     70    120     57     81     60    101     66     84     50     91     52     95     65     97     55     30     43     47     42     23     42     35      7     10     26     31      3      1     14      5      2      0     12      2      1      5      0      0      0      0      0      0      0      0      0      0      0      0      0      0      0      0
      0      0      0      0      0      0      0      0      0      0      0      0      0     11      0      0      0     12      8      6     11     15      7      9      0     27     42     27     26     21     62     44     34     38     31     39     23     44     60     91     75     50     60     90    108     63    126     87     30    117     87     80    106     57    135     34     89     36     51     59     73     48     29     18     62     50     29     23     15     33     14      9     12     24     22     15      1     16      0      1      4      1      3      3      0     12      9      0      4      0      0      0      0      0      0      0      0      0      0      0
      6      0      0      0      0      5      0      0      0      0      0      0      0      0      6      3      0      0      0     10      0      0      8     13      4     12     16     11     20     30      6     21     34     19     55     51     57     71     33     69     44     32    120     86    138    116     72    102     77    123    105     97     60     76    111     73     38     89    104     85     74     98     45     44     52     62     66     18     13     22     19     23     33     22     19     12      6     16     12      4      1      0      0      0      6      0      0      0      0      0      0      0      0      0      0      0      0      0      0      0
      0      0      0      0      0      0      0      0      0      0      0      0      0      0      2      0      3      4      2      2      6     10     15     31      5      9      7     21     13     55     63     40     32     44     21     28     46     47     51     37     59     93     82     97     84     84     75     87     80    136    127    124     75     86     51     60     71     48     75     70     61     61     64     48     93    115     48     48     43     16     20     10     19      6      2     27      3     11      9      5      2      2      0      0      0      0      4      3      3      0      0      0      0      0      0      0      0      0      0      0
      0      0      0      0      0      0      0     11      0      0      3      0      0      2      0      2      5      0      2      6      0      4     13      6     18     13      7      4     15     16     38     50     52     22     55     19     19     55     34     71     63     51     69     72     98     56    146     65     97     91    102     75    132     69     63     63     32     86     59    109     99     35     47     42     37     41     22     14     17     33     15      8      3     12     10     28     18      5     10      4      0      0      2      1      0      5      0      5      0      0      0      0      0      0      0      0      0      0      0      0
      0      0      0      0      0      0      0      0      0      0      0      0      0      0      0      7      0      9      3      5      0      3     14     26      3      6      1     13     25     11      7     24     55     60     37     70     40     48     50     34     42     90     82     54    111     79     58     77    111     87     67     73     80     67    130     85    113     43    107     74     68     40     26     66     57      9     18     16      3      8     12     20     26      6     11     16     12      6      2      1      1      0      0      0     12      0      0      0      0      0      0      0     19      0      0      0      0      0      0      0
      0      0      0      0      0      0      2      0      0      0      0      0      0      0      0      0      0      7      3     12      1      5      9     22      6      2     12     22     17     25      3     35     38     18     25     26     48     18     82     80     78     81     83     50     81     63    105     48    121     66    105    104     84     72     51     58     63     57     22     47     53     70     46     60     28     31     32     34     31     26     16     11     10      2     15     12     20      5      1      0      0      1      0      1      6      2      2      0     15      0      0      1      0      0      0      0      0      0      0      0
      7      0      0      0      0      0      0      0      0      0      1      0      1      0      0      2      2      8      0      5      0      1      2      2     13     20     18     20     28     17     32     35     18     15     21     25     83     65     73     36     49     74     76     89    129    107     85    119     73     82    126     60     89     74     83     61    127     88     57     75     75    116     40     29     30     15     42     20     14      9     20     50     10     14     11     11      2     10      6      5      1      0      0      0      0      2      0      0      0      0      0      2      0      0      0      0      0      1      0      0
      0      0      0      0      0      0      0      0      0      1      0      9      0      0      0     20      0      6      4      0     11      1      4      7      7      4      3     42     49     13     20     41     30     25     38     44    110     62     24     45     52     83    135     79     95     84    100    111     90    100     88     68     40     92     62     96    126     40     61    129     80     74     55     91     73     19     18     31     23     13     35     47     12     15      9      3      2      8      7      7      2      1      7      4      0      6      0      0      1      0      0      0      0      0      0      0      0      0      0      0
      0      0      0      0      0      0      0      0      0      0      0      0      0      0      0      9      7      8      0      1     11      4     23      9     12     21     26     35     17     34     13     11     34     52     19     20     69     30     59     60     42     94     70     93     89    136    108     76     77     52     97     44     63     93    100     84     73     56     73     86     72     34     35     44     88     44     28     31     27     36     25      9     20     18     13      4     17      3     19      0      2      0     10      0      0      0      0      0      2      0      3      0      0      0      0      0      0      0      0      0
      0      0      0      0      0      0      0      0      0      0      0      3      5      0      0      0      0      0      7      6      5     12      8      2      0     11     22     29     18     20     39     26     32     50     34     44     47     61     70     61     69    125     92     90     50     44     90    113     93    158    113     88    101     76    104     73     39     46     65     36     53     40     53     26     34     52     37     36     22     23      3     25     36     24     14      2     31     23      4      0      2      6      0      0      4      0      0      0      1      0      0      0      0      1      0      0      0      0      0      0
      0      0      0      0      0      0      0      0      0      0      0      0      4     16      0     11      3      0      0      2      6      4      6      9     17      0      1      2     18     30     11     35     27     29     33     30     26     87     45     55     47     85     85     89     65     48    109     79    103    151     78    111    123     52    156    105    125     68     78     75     86     36     58     35     30     19     32     46      8      4     22      6      2      0      1      7      2      2      0     10      0      4      6      0      0      0      2      0      6      0      3      0      0      0      0      0      0      3      0      0
      0      0      0      0      0      0      0      0      0     12      0      0      0      0      0      0      4      0      2      0      5     13      4     13      9      3     19     10     23     39     19      9     21     23     47     47     37     42     46     76     64     39     36     46     93    110     69     77     34     71     95     51     82     85     54     49     99     63     38     30     54     72     31     39     51     46     46     27     14     18     37      3     18      3     12     12      1      5      0      8     19      0      5      0      0      0      0      0      0      0      0      0      0      0      0      0      0      0      0      0
      0      0      0      0      0      0      0      2      0      0      0      0      0      8      0      0      0      2      4      5      8     16      0     17      6     16      1     29     12     32     42     48     27     47     47     55     55     38    113     33     85     66     67     57     75     80     81     54    144     99    106     91     55     71     18     64    140    103     21     72     89     54     71     48     23     42     36     15      4      7     35     32     22      7     23     14      3      2     21      0      4      3     18      0      0      0      2      2      0      0      0      0      0      0      0      0      0      0      0      0
      0      0      0      0      0      1      0      0      5      0      0      1      0      0      0      2      0      8     12      1      0      3      7     24     16      8     13      2     51     53     15     37     40     10     24     28     59     33     70    108     53     37     75     69    124     50     77     67     63    121     25     40     54     86     74    115     37     73     73     72     28      7     49     39     44     39     25     18     23     16     26     22      6      8      9     15      3      8      0      4     15     11      0      0      0      1      2      0      0      0      1      0      6      0      0      0      0      0      0      0
      0      0      0      0      0      0      0      0      0      0      0      0      0      0      0      0      0      1      5      0      4      5      3      3     23      7     23     14     21     16     55     37     41     26      7     53     31     39     33     33     79     42     66     55     34     79     79     34     37     69     46     90     77     92     35     53     78     84     32     45     45     64     46     14     14     27     29     23     47     14     17     32      6     12      7      0     14      0      1      0      9      0     13      0      3      0      0      0      0      0      0      0      4      0      0      2      0      0      0      0
      0      0      0      0      0      0      0      0      0      0      0      0      0      0      0      0      0      0      4      0      0      3      3     15     18      2      7      0      1     13     20     39     48     28     46      9     57     36     71     34     67     41     66     45     49     83     52     62     49     89     57     60     83     32     56     24     85     16     46     19     47     30     36     37     23     38     15     17      1      3      6     15      2      7      4     11      2     19      0     15      7      0      2      0      0      4      2      6      2      0      0      0      0      0     22      0      0      0      0      0
      0      0      0      0      0      0      0      0      0      0      0      1      0     10      0     12      0      0     11      3      6     15     15      7     20      4     10     16     22     15     33     13     23     26     24     33     55     32     47     46     68     62     43     39     27     65     63     36     36     59     63     84     53     57     24     27     40     53     41     13     45     16     21     22     12     59     15     26     25      5     12      9      4     10     13      0     28      8      3      0      1      0     13      2      0      0      0      0      0      0      0      0      0      0      0      0      0      0      2      0
      0      0      0      0      0      0      0      0      0      0      0      0      0      0      0     12      0      0      0      0      3      3      4     15      2      1     15      8     14     18      1     23     48     26     23     38     24     13     36     48     27     60     56     28     52     76     36     74     52     94     55     40     44     54     32     46     35     43     35     47     42     31     50     14     17     26     17     20     18     17      9     14      9     11      4      0      0      2      0      2      0      0      2      0      0      0      0      1      0      0      0      0      0      0      0      0      0      0      0      0
      0      0      0      0      0      0      0      0      0      0      0      4      8      0      0      0      0      1      1      3      5      1      0      0      7      3      0      5      7     13     24     35     35     31     39     10     13     32     65     25     77     57     33     43     91     82     95     80     68     23     56     50     31     39     52     79     59     25     42     25     46     24     21     37     41     65     60     14     33     17     20     27      0      4      5     10      3      1      2      8      0      3      0      8      0      0      0      0      0      0      0      0      0      0      0      0      0      0      0      0
      0      0      0      0      0      0      0      0      0      0      0      0      0      0      0      1      0      5      0      0      0      8     10     17      2      0      4      0     12     14      7      6      4     28     29      9     29     52     59     20     97     52     54     20     66     94     33     27     64     96     39     40     39     47     15     39     23     66     28     38     35     12     36     13     30     22     28     24     13     12      5      3      7      2      5      3      0      5      0      2      1      0      2      0      0      1      0      0      0      0      0      0      0      0      0      0      0      0      0      0
      0      0      0      0      0      0      0      0      0      0      0      0      0      0      1      4      3      3      1      0      0      4      0      1      1      3      2      6     22     18     18     12     16     17     17     27     23     10     15     37     47     14     35     44     27     13      9     22     94     37     32     47     42     26     77     67     30     35     17     23     32     21     15     19     34      7      5     15     20      9     13     10     18      0      0      2      1      0      2      2      0      0      0      0      0      0      0      0      0      7      0      0      0      0      0      0      0      0      0      0
      0      0      0      0      0      0      0      0      0      0      0      0      0      0      6      5      8      0      4      0      7      1      3      1      9     13      3     20      8      4     15     16      7     10      1     16     10     33     26     39     22     41     30      6     39     40     72     53     49     30     22     52     26     62     37     27     19     77     40     43     24      5     30     13     31      9     24     11      7      0     24      5      2      2      3      0      4      1      0      0      0      5      0      0      0      0      0      0      0      0      0      0      0      0      0      0      0      0      0      0
      0      0      0      0      0      8      0      0      0      0      0      0      0      0      0      0      0      0      0      0      0      3      5      8     19      9      0     15     22      4     19     20     11     10     20      8     23     30     40     45     45     70     32     50     24     43     15     29     37     10     31      9     31     15     41     28     47     35     32     19      5     20     26     23     18     12     31     31      2     10      1      1      3      5      2      0      1     10      0      0      0      1      0      0      0      0      0      0      0      0      0      0      0      0      0      0      0      0      0      0
      0      0      0      0      0      0      0      0      0      0      0      0      0      0      0      0      0      0     11      0      1      0      2      0      2      8      2      6      1     30     21     20     11     11     22     22     19     32      5     28     19     37     20     25     39     14     13     30     36     28     41     23      8     38      8     40     17     25     21      8     30     28      1     35      8     23      4      4     10      6     43      1      9      8      0     13      0     13      0      5      1      0      0      0      4      0      0      0      0      0      0      0      0      0      0      0      0      0      0      0
      0      0      0      0      0      0      0      0      0      0      0      0      0      0      0      0      0      0      0      0      0      2      0     22      1      0      9      0      2      0     27     43      8     19     13     28     27      8     13     31     18     10     17     15     25     23     20     27     22     20     18     27     48     21     36     23     38      6      6     12     18     34     46      4     30      7     20     13      5      1      4      8      4      0      5      3      2      2      1      0      0      0      1      0      0      0      3      0      0      0      0      0      0      0      0      0      0      0      0      0
      0      0      0      0      0      0      0      0      0      0      0      3      0      0      0      0      9      2      0      0      2      0      0      0      2      4      0     14      7      4     14      0      7      4     21     22     43     11     28     32     11      8     25      5     31     26     11     46     22     39     31     18     11     34     30     17      7      8     51     41      9     11      5      1     33     32     15     16      3      9      3      3      0      4     13      0      0     11      0      0      0      0      0      2      0      0      0      0      0      0      0      0      0      0      0      0      0      0      0      0
      0      0      0      0      0      0      0      0      0      0      0      0      0      0      4      0      0      0      1      0      0      6      0      0      0      2      2      0      0      2      4      6      1     29     24     12     18     11     29     10      3     10     21     24     18     24     12      5     14     34     42      7      4     10     23     18     10      9     22     12      8      6      9     16      0     13      2     25      0      4      0      4     21      0      6      4      2      0      0      0      0      2      0      0      5      0      0      0      0      0      0      0      0      0      0      0      0      0      0      0
      0      0      0      0      0      0      0      0      0      0      0      0      0      5      0      6      0      0      0      0      1     11      0      0      0      0      1      3      0      0      5      0      1      6     13     10     21     28     30     15     24     42     11     28      8     10     12     12     43     23     16      8     18     30      6      6     18     24      4     10      1      2     33     16     12      4      8     13      4      0      0      0      2      7      5      2      0      6      0      3      0      0      0      0      0      0      0      0      0      0      0      0      0      1      0      0      0      0      0      0
      0      0      0      0      0      0      0      0      0      0      0      0      0      0      0      0      0      0      0      0      2      0      0      0      3     26      3      4      0      8      8      1      7      7     13      1     14     15      3     20     19      6     23      4      9      6     14     16     18     33      8     12      6     25      0     16      9      8      5     20      9     10      7      3     14      3     17     28      5      3      0      0      0      0      0      0      1      0      0      0      3      1      0      1      0      0      0      0      0      0      0      0      0      0      0      0      0      0      0      0
      0      0      0      0      0      0      0      1      0      0      0      0      0      0      0      0      4      0      0      0      0      0      2      0      0      0      9      4     11      0      0      2      7     30      2     15      1     15      1      0     21     10      3      0      5     17     13      0     32      5      2      5     13      4     25     20      1     10     26     10     15      8     27      8      1      7     11      1      1      6      7      3      9      4      0      0      0      0      0      0      0      0      9      0      0      0      0      0      0      0      0      0      0      0      0      0      0      0      0      0
      0      0      0      0      0      0      0      0      0      0      0      0      0      0      0      1      0      0      0      0      0      1      1      0      0      3      0      2      0      1      5      0      4      6     13     16     11      4      2      2      7     19      6     10      4      1     15      5      7      8      8      3     10      0      0      1      6      3      1     24      6      3      4      2      0      0     13      0     19      0      0      0      1      0      0      5      0      0      0      0      1      0      0      0      0      0      0      0      0      0      0      0      0      0      0      0      0      0      0      0
      0      0      0      0      0      0      0      0      1      0      0      0      0      0      6      0      0      0      0      0      0      0      1      6      0      2      1      2      6      0      9      0      5      9     12      2      0     13      0      1      6     18     19      5     17      7      7     10      3      5      4      0      4     27      4      2      9     13      6      6      0      0      1      0      4      0      0      5      0      0      1      0      0      0      1      0      0      0      0      0      0      0      5      0      0      0      0      0      0      0      0      0      0      0      0      0      0      0      0      0
      0      0      0      0      0      0      0      0      0      0      0      1      1      0      0      0      0      0      0      0      0      5      0      0      0      6      0      0      8      0      1      0      0      0      7      1      6     12      3      6      6      3      6     21      1      4      9      1     17      7      3      4     15      9      7      0      0      0      2      4      3     10      9      2      0      1      3      0      0      3      0      0      0      8      0      3      3      0      1      0      0      0      0      0      0      0      0      0      0      0      0      0      2      0      0      0      0      0      0      0
      0      0      0      0      0      0      0      0      0      0      0      0      0      0      0      0      0      0      0      0      0      0      0      0      2      7      1      0      3      1      0      2     13     11      3      5     13      0      3      3      0     15      7      1      7     12     23      6      6      7      1      7      0      2     12      0      5      0     12      1      3      0      7      0      0      0      5      4      7      0      0      3      0      0      0      5      0      0      0      0      2      3      0      0      0      0      0      0      0      0      0      0      0      0      0      0      0      0      0      0
      0      0      0      0      0      0      0      0      0      0      0      0      0      0      0      0      0      0      0      0      0      0      0      0      0     12      0      0      0      0      1      1     12      2      0      0      0     11      0      0      0      3      0     18      0      5      9      6      7     13      0     12      8      4     15      1      0     12     14      0     19     13      3      3      0      5      1      0      0      0      5      3      4      0      0      0      0      0      0      0      0      2      0      0      0      0      0      0      0      0      0      0      0      0      0      0      0      0      0      0
      0      0      0      0      0      0      0      0      0      0      0      0      0      0      0      0      0      0      0      0      1      0      0      0      0      0      0      0      6      0      1      2      0      4      3      4      0     18     10      4      5      9      0      6      3      2      0      4      0      4      5      6      4      5      0      0      3      0      7      0      3      1      1      0      0      5      0      0      3      0      0      0      0      0      9      0      0      0      0      3      0      0      0      0      0      0      0      0      0      0      0      0      0      0      0      0      0      0      0      0
      0      0      0      0      0      0      0      0      0      0      0      0      0      0      0      0      0      0      0      0      0      0      0      1      0      0      0      0      0      0      0      0      0      0      2      8     16      5      0     13      0      6      5      0      0      0      1      8      0     14     12      0      9      1      1      0      5      0      3      9      0      1      0      0      0     10      0      0      2      0      0      0      0      0      0      0      0      0      0      0      0      0      0      0      0      0      0      0      0      0      0      0      0      0      0      0      0      0      0      0
      0      0      0      0      0      0      0      0      0      0      0      0      0      0      0      0      0      0      0      0      0      0      0      0      0      0      0      0      0      2      0      0      0      0      7      2      0     10      0      1      0      3     14      0      0      7      0     15      4     10      7      0      5      9      2      0      0      8      0      0      9      4      0      8      0      4      0      0      3      0      0      0      1      0      0      0      0      0      1      0      0      0      0      0      0      0      0      0      0      0      0      0      0      0      0      0      0      0      0      0
      0      0      0      0      0      0      0      0      0      0      0      0      0      0      0      0      0      0      0      0      0      0      0      0      0      0      0      0      0      0      0      0      0      8     10      0      0      0      4      0      0      1      0      0      0      0      1      0      7      0      5      1      2      6      8      3      1      0      0      2      6      0      0      0      6      0      0      4      0      1      0      0      0      0      0      0      0      0      0      0      0      0      0      5      0      0      0      0      0      0      0      0      0      0      0      0      0      0      0      0
      0      0      0      0      0      0      0      0      0      0      0      0      0      0      0      0      0      0      0      0      0      0      0      0      0      0      0      2      0      0      0      0      1      6      0      0      0      0      0      3      0      0      0      4      3      0      0      3      0      0      2      0      5      0      1      0      0      0      4      0      0      5      0      0      0      0      2      0      1      0      0      0      0      0      0      0      0      0      0      0      0      0      0      0      0      0      0      0      0      0      0      0      0      0      0      0      0      0      0      0
      0      0      0      0      0      0      0      0      0      0      0      0      0      0      0      0      0      0      0      0      0      1      0      0      0      0      0      0      0      7     17      0      5      0      0      0      0      0      3      1      3      1      0      0      0      0      8      0      0      0      0      4      0      0      0      0      4      5      0      0      8      5      5      0      0      0      0      0      1      0      0      0      0      0      0      0      0      0      0      0      0      0      0      0      0      0      0      0      0      0      0      0      0      0      0      0      0      0      0      0
      0      0      0      0      0      0      0      0      0      0      0      0      0      0      0      0      0      0      0      0      0      0      0      0      0      0      0      0      0      0      0      0      0      0      4      0      0      0      0      0      0      0      0      0      1      0      0      0      1      0      3      0      0     18      0      0      1      0      0      0      0      0      0      0      0      0      0      0      0      0      0      0      0      0      0      0      0      0      0      0      0      0      0      0      0      0      0      0      0      0      0      0      0      0      0      0      0      0      0      0
      0      0      0      0      0      0      0      0      0      0      0      0      0      0      0      0      0      0      0      0      0      0      0      0      0      0      0      0      0      0      0      0      0      0      0      0      1      0      0      2      1      0      0      0      0      2      0      0      0      0     10      0      3      0      0      0      3      4      0      6      0      0      0      0      0      0      0      0      0      0      0      0      0      3      0      0      0      0      0      0      0      0      0      0      0      0      0      0      0      0      0      0      0      0      0      0      0      0      0      0
      0      0      0      0      0      0      0      0      0      0      0      0      0      0      0      0      5      0      0      0      0      0      0      0      0      0      0      0      0      0      0      0      1      0      0      3      1      0      0      0      0      0      0      0      0      1      0      2      0      6      0     25      0      0      0      0      0      0      0      0      1      0      0      0      0      0      0      0      0      0      0      0      0      0      0      0      0      0      0      0      0      0      0      0      0      0      0      0      0      0      0      0      0      0      0      0      0      0      0      0
      0      0      0      0      0      0      0      0      0      0      0      0      0      0      0      0      0      0      0      0      0      0      0      0      0      0      0      0      0      0      0      0      0      0      0      0      3      0      0      0      0      0      0      0      0      0      0      0      0      0      0      0      0      0      0      0      0      0      0      0      0      0      0      0      0      0      0      0      0      0      0      0      0      0      0      0      0      0      0      0      0      0      0      0      0      0      0      0      0      0      0      0      0      0      0      0      0      0      0      0
      0      0      0      0      0      0      0      0      0      0      0      0      0      0      0      0      0      0      0      0      0      0      0      0      0      0      0      0      0      0      0      0      0      0      0      0      0      0      0      0      0      0      0      0      0      0      0      0      0      0      0      0      6      0      0      0      0      0      0      3      0      0      0      0      4      0      0      0      0      0      0      0      0      0      0      0      0      0      0      0      0      0      0      0      0      0      0      0      0      0      0      0      0      0      0      0      0      0      0      0
      0      0      0      0      0      0      0      0      0      0      0      0      0      0      0      0      0      0      0      0      0      0      0      0      0      0      0      0     14      0      0      0      0      0      0      0      0      0      0      3      0      0      0      0      0      0      0      0      0      0      0      0      2      0      0      1      0      0      1      0      0      0      0      0      0      0      0      0      0      0      0      0      0      0      0      0      0      0      0      0      0      0      0      0      0      0      0      0      0      0      0      0      0      0      0      0      0      0      0      0
      0      0      0      0      0      0      0      0      0      0      0      0      0      0      0      0      0      0      0      0      0      0      0      0      0      0      0      0      0      0      1      0      0      0      0      0      0      0      0      0      0      0      0      0      4      0      0      0      0      0      0      0      0      3      0      0      0      0      0      0      0      0      0      0      0      0      0      0      0      0      0      0      0      0      0      0      0      0      0      0      0      0      0      0      0      0      0      0      0      0      0      0      0      0      0      0      0      0      0      0
      0      0      0      0      0      0      0      0      0      0      0      0      0      0      0      0      0      0      0      0      0      0      0      0      0      0      0      0      0      0      0      0      0      0      0      0      1      0      0      0      0      0      0      0      0      2      0      0      0      0      1      2      0      0      0      0      0      4      0      2      0      0      0      0      0      0      0      0      0      0      0      0      0      0      0      0      0      0      0      0      0      0      0      0      0      0      0      0      0      0      0      0      0      0      0      0      0      0      0      0
      0      0      0      0      0      0      0      0      0      0      0      0      0      0      0      0      0      0      0      0      0      0      0      0      0      0      0      0      0      0      0      0      0      0      0      0      0      0      0      0      0      0      0      0      0      0      0      0      0      0      0      0      0      0      0      4      0      0      0      0      0      0      0      0      0      0      0      0      0      0      0      0      0      0      0      0      0      0      0      0      0      0      0      0      0      0      0      0      0      0      0      0      0      0      0      0      0      0      0      0
      0      0      0      0      0      0      0      0      0      0      0      0      0      0      0      0      0      0      0      0      0      0      0      0      0      0      0      0      0      0      0      0      0      0      0      0      0      0      0      0      0      0      0      0      0      0      0      0      0      0      0      0      0      0      0      0      0      0      0      0      0      0      0     10      0      0      0      0      0      0      0      0      0      0      0      0      0      0      0      0      0      0      0      0      0      0      0      0      0      0      0      0      0      0      0      0      0      0      0      0
      0      0      0      0      0      0      0      0      0      0      0      0      0      0      0      0      0      0      0      0      0      0      0      0      0      0      0      0      0      0      0      0      0      0      0      0      0      0      0      0      0      3      0      0      0      0      0      0      0      0      0      0      0      0      0      0      0      0      0      0      0      0      0      0      0      0      0      0      0      0      0      0      0      0      0      0      0      0      0      0      0      0      0      0      0      0      0      0      0      0      0      0      0      0      0      0      0      0      0      0
      0      0      0      0      0      0      0      0      0      0      0      0      0      0      0      0      0      0      0      0      0      0      0      0      0      0      0      0      0      0      0      0      0      0      0      0      0      0      0      0      0      0      0      0      0      0      0      0      0      0      0      0      0      0      0      0      0      0      0      0      0      0      0      0      0      0      0      0      0      0      0      0      0      0      0      0      0      0      0      0      0      0      0      0      0      0      0      0      0      0      0      0      0      0      0      0      0      0      0      0
      0      0      0      0      0      0      0      0      0      0      0      0      0      0      0      0      0      0      0      0      0      0      0      0      0      0      0      0      0      0      0      0      0      0      0      0      0      0      0      0      0      0      0      0      0      0      0      0      0      0      0      0      0      0      0      0      0      0      0      0      0      0      0      0      0      0      0      0      0      0      0      0      0      0      0      0      0      0      0      0      0      0      0      0      0      0      0      0      0      0      0      0      0      0      0      0      0      0      0      0
      0      0      0      0      0      0      0      0      0      0      0      0      0      0      0      0      0      0      0      0      0      0      0      0      0      0      0      0      0      0      0      0      0      0      0      0      0      0      0      0      0      0      0      0      0      0      0      0      0      0      0      0      0      0      0      0      0      0      0      0      0      0      0      0      0      0      0      0      0      0      0      0      0      0      0      0      0      0      0      0      0      0      0      0      0      0      0      0      0      0      0      0      0      0      0      0      0      0      0      0
      0      0      0      0      0      0      0      0      0      0      0      0      0      0      0      0      0      0      0      0      0      0      0      0      0      0      0      0      0      0      0      0      0      0      0      0      0      0      0      0      0      0      0      0      0      0      0      0      0      0      0      0      0      0      0      0      0      0      0      0      0      0      0      0      0      0      0      0      0      0      0      0      0      0      0      0      0      0      0      0      0      0      0      0      0      0      0      0      0      0      0      0      0      0      0      0      0      0      0      0
