\ 
\ Covariance Function Histogram Table
\ 
\ X Parameter: Systemic Velocity
\ X Abbrev   : gamma
\ X Units    : m/s
\ X Items    : 100         
\ 
\ Y Parameter: Equilibrium Temperature
\ Y Abbrev   : Teq
\ Y Units    : K
\ Y Items    : 100         
\ 
|col000|col001|col002|col003|col004|col005|col006|col007|col008|col009|col010|col011|col012|col013|col014|col015|col016|col017|col018|col019|col020|col021|col022|col023|col024|col025|col026|col027|col028|col029|col030|col031|col032|col033|col034|col035|col036|col037|col038|col039|col040|col041|col042|col043|col044|col045|col046|col047|col048|col049|col050|col051|col052|col053|col054|col055|col056|col057|col058|col059|col060|col061|col062|col063|col064|col065|col066|col067|col068|col069|col070|col071|col072|col073|col074|col075|col076|col077|col078|col079|col080|col081|col082|col083|col084|col085|col086|col087|col088|col089|col090|col091|col092|col093|col094|col095|col096|col097|col098|col099|
|int   |int   |int   |int   |int   |int   |int   |int   |int   |int   |int   |int   |int   |int   |int   |int   |int   |int   |int   |int   |int   |int   |int   |int   |int   |int   |int   |int   |int   |int   |int   |int   |int   |int   |int   |int   |int   |int   |int   |int   |int   |int   |int   |int   |int   |int   |int   |int   |int   |int   |int   |int   |int   |int   |int   |int   |int   |int   |int   |int   |int   |int   |int   |int   |int   |int   |int   |int   |int   |int   |int   |int   |int   |int   |int   |int   |int   |int   |int   |int   |int   |int   |int   |int   |int   |int   |int   |int   |int   |int   |int   |int   |int   |int   |int   |int   |int   |int   |int   |int   |
      0      0      0      0      0      0      0      0      0      0      0      0      0      0      0      0      0      0      0      0      0      0      0      0      0      0      0      0      0      0      0      4      0      0      0      0      0      0      0      0      0      0      0      0      0      0      0      0      0      0      0      0      0      0      0      0      0      0      0      0      0      0      0      0      0      0      0      0      0      0      0      0      0      0      0      0      0      0      0      0      0      0      0      0      0      0      0      0      0      0      0      0      0      0      0      0      0      0      0      0
      0      0      0      0      0      0      0      0      0      0      0      0      0      0      0      0      0      0      0      0      0      0      0      0      0      0      0      0      0      0      0      0      0      0      0      0      0      2      0      0      0      0      0      0      0      0      0      0      0      0      0      0      0      0      0      0      0      0      0      0      0      0      0      0      0      0      0      0      0      0      0      0      0      0      0      0      0      0      0      0      0      0      0      0      0      0      0      0      0      0      0      0      0      0      0      0      0      0      0      0
      0      0      0      0      0      0      0      0      0      0      0      0      0      0      0      0      0      0      0      0      0      0      0      0      0      0      0      0      0      0      0      0      0      0      0      0      1      0      0      0      0      0      0      0      0      0      0      0      0      0      0      0      0      0      0      0      0      0      0      0      0      0      0      0      0      0      0      0      0      0      0      0      0      0      0      0      0      0      0      0      0      0      0      0      0      0      0      0      0      0      0      0      0      0      0      0      0      0      0      0
      0      0      0      0      0      0      0      0      0      0      0      0      0      0      0      0      0      0      0      0      0      0      0      0      0      0      0      0      0      0      0      0      0      0      0      0      0      0      0      0      0      4      0      0      0      0      3      0      2      0      0      2      0      0      0      0      0      0      0      0      0      0      0      0      0      0      0      0      0      0      0      0      0      0      0      0      0      0      0      0      0      0      0      0      0      0      0      0      0      0      0      0      0      0      0      0      0      0      0      0
      0      0      0      0      0      0      0      0      0      0      0      0      0      0      0      0      0      0      0      0      0      0      0      0      0      0      0      0      0      0      0      0      7      0      0      0      0      0      2      0      0      0      0      0      0      0      0      0      3      0      0      0      0      0      0      0      0      0      0      0      0      0      0      0      0      0      0      0      0      0      0      0      0      0      0      0      0      0      0      0      0      0      0      0      0      0      0      0      0      0      0      0      0      0      0      0      0      0      0      0
      0      0      0      0      0      0      0      0      0      0      0      0      0      0      0      0      0      0      0      0      0      0      0      0      0      0      0      0      0      0      0      0      0      0      1      0      0      0      0      0      0      0      0      0      0      0      0      0      0      0      0      0      0      0      0      0      0      0      0      0      0      0      0      0      0      0      0      0      0      0      0      0      0      0      0      0      0      0      0      0      0      0      0      0      0      0      0      0      0      0      0      0      0      0      0      0      0      0      0      0
      0      0      0      0      0      0      0      0      0      0      0      0      0      0      0      0      0      0      0      0      0      0      0      0      0      5      0      0      0      0      0      0      0      0      0      0      0      0      0      0      0      0      3      0      0      0      4      0      0      0      0      0      0      0      0      0      0      0      0      0      0      0      0      0      0      0      0      0      0      0      0      0      0      0      0      0      0      0      0      0      0      0      0      0      0      0      0      0      0      0      0      0      0      0      0      0      0      0      0      0
      0      0      0      0      0      0      0      0      0      0      0      0      0      0      0      0      0      0      0      0      0      0      0      0      0      0      0      0      0      0      0      0      0      0      0      0      0      0      0      0     11      0      0      0      0      0      0      0      3      0      0      0      0      0      0      0      0      0      0      0      0      0      0      0      0      0      0      3      0      0      0      0      0      0      0      0      0      0      0      0      0      0      0      0      0      0      0      0      0      0      0      0      0      0      0      0      0      0      0      0
      0      0      0      0      0      0      0      0      0      0      0      0      1      0      0      0      0      0      0      0      0      0      0      0      0      0      0      0      0      0      0      0      0      0      0      0      0      0      0      0      0      0      0      0      0      0      0      4      0     11      0      0      0      0      0      0      0      0      0      0      0      5      0      0      0      0      0      0      0      0      0      0      0      0      0      0      3      0      0      0      0      0      0      0      0      0      0      0      0      0      0      0      0      0      0      0      0      0      0      0
      0      0      0      0      0      0      0      0      0      2      0      0      0      0      0      0      0      0      0      0      0      0      0      0      0      0      0      0      8      0      0      0      0      0      0      0      0      1      0      1      2      0      0      1      1      0      0      0      0      0      0      0      0      0      0      0      0      0      0      0      0      0      0      0      0      0      0      0      0      0      0      0      0      0      0      0      0      0      0      0      0      0      0      0      0      0      0      0      0      0      0      0      0      0      0      0      0      0      0      0
      0      0      0      0      0      0      0      0      0      0      0      0      0      0      0      0      0      0      0      0      0      0      0      0      0      0      0      0      0      0      0      0      0      0      0      0      0      0      0      0      0      0      1      0      6      0      0      0      0      0      2      0      0      0      2      0      0      0      0      0      0      0      0      0      0      0      0      1      0      0      0      0      0      0      0      0      0      0      0      0      0      0      0      0      0      0      0      0      0      0      0      0      0      0      0      0      0      0      0      0
      0      0      0      0      0      0      0      0      0      6      0      0      0      0      9      0      0      0      0      0      0      0      0      0      0      0      0      0      0      0      2      0      0      0      0      0      0      0      0      0      4      0      0      0      0      0      0      1      1      0      0      0      2      0      0      0      0      1      0      2      0      0      0      0      0      0      0      0      0      0      0      0      0      0      0      0      0      0      0      0      0      0      0      0      0      0      0      0      0      0      0      0      0      0      0      0      0      0      0      0
      0      0      0      0      0      0      0      0      0      0      0      0      0      0      0      0      0      0      0      0      0      0      0      0      0      0      0      0      7      0      0      6      0      0      0      0      2      0      0      0      0      4      0      0      3      1      0      0      0      7      0      0      0      0      0      0      0      0      0      0      0      0      1      0      0      0      0      0      0      0      0      0      0      0      0      0      0      0      0      0      0      0      0      0      2      0      0      0      0      0      0      0      0      0      0      0      0      0      0      0
      0      0      0      0      0      0      0      0      0      0      0      0      0      0      0      0      0      0      0      0      0      0      0      0      2      0      0      0      2      3      0      0      0      0      0      0      0      1      3      0      0      0      2      0      0      2      0      0      0      1      0      0      7     13      6      0      0      2      0      0      0      0      3      0      0      0      0      0      0      0      0      0      0      0      0      0      0      0      0      0      0      0      0      0      0      0      0      0      0      0      0      0      0      0      0      0      0      0      0      0
      0      0      0      0      0      0      0      0      0      0      0      0      0      0      0      0      0      0      0      0      0      0      0      0      0      0      0      1      0      3      0      0      0      0      0      0      0      5      0      0      0      0      2      0      1      0      0      0      0      1      0      2      0      2      0      5      0      1      0      0      0      0      9      1      0      0      0      0      0      0      2      0      4      0      0      0      0      0      0      0      0      0      0      0      0      0      0      0      0      0      0      0      0      0      0      0      0      0      0      0
      0      0      0      0      0      0      0      0      0      0      0      0      0      0      0      0      0      0      0      0      0      0      0      0      0      0      0      0      0      1      0      0      1      0      0      0      0      0      0      8      0      1      0      4      9      4      1      0      1      0      2      0      4      0      1      0      0      2      0      0      0      0      0      0      5      0      3      8      0      0      1      0      0      0      0      0      0      0      0      0      0      0      0      0      0      0      0      0      0      0      0      0      0      0      0      0      0      0      0      0
      0      0      0      0      0      0      0      0      0      0      0      0      0      0      0      0      0      0      0      0      0      0      0      0      0      0      0      0      0      0      0      0      0      0      0      4      0      0      4      0      5      3      8      1      0      0      9      4      1      0      5      0      2      0      0      3      8      0      0      0      0      6      1      0      0      0     25      0      1      0      0      0      0      0      0      0      0      0      0      0      0      0      0      0      0      0      0      0      0      0      0      0      0      0      0      0      0      0      0      0
      0      0      0      0      0      0      0      0      0      0      0      0      0      0      6      0      0      0      0      0      0      0      0      0      0      3      0      0      0      0      0      0      0      0      0      1      0      0      0      0      0      0      2      0      0      1      5     10      5     11      0      2      5      4     10      8     12     16     11      0      0      1      0      1      3      0      0      0      0      1      0      0      0      0      0      0      0      0      0      0      0      0      0      0      0      0      0      0      0      0      0      0      0      0      0      0      0      0      0      0
      0      0      0      0      0      0      0      0      0      0      0      0      0      0      0      0      0      0      0      0      0      0      0      0      0      0      0      0      0      0     12      2      0      1      0      1      1      0      0      2      3      0      2     16      5      0     10     13      0      1      1      2      8      0     11      9      0     28     11      0      2      0      1      0      0      5      0      0      0      4      0      4      0      0      0      0      0      0      1      0      0      0      0      0      1      0      0      0      0      0      0      0      0      0      0      0      0      0      0      0
      0      0      0      0      0      0      0      0      0      0      0      0      0      0      0      0      0      0      0      0      0      0      0      0      0      0      2      0      0      0      0      0      0      0      6      0      0      1      7      4      4      1     10      4      0      4      3      0      6      8      7      0     19      1      3      4     14      1     10      8      6      4      9      0      1      2      0      0      2      0      0      0      2      0      0      0      0      0      0      1      0      0      0      0      0      0      0      0      0      1      0      0      0      0      0      0      0      0      0      0
      0      0      0      0      0      0      0      0      0      0      0      0      0      0      0      0      0      0      0      0      0      0      1      0      0      2      4      1      4      3      7      0      0      1      4      0      1      3      1      0      6      3      5      2      5      1     10      1      9      3      1      1      8      0      2      1      3      0      5      7      0     12      4     13      0      2      0      0      0      0     12      0      0      0      0      0      0      0      0      0      0      0     12      0      0      0      0      0      0      0      0      0      0      0      0      0      0      0      0      0
      0      0      0      0      0      0      0      0      0      0      0      0      0      0      0      2      0      2      0      0      0      0      0      0      0      0      0      0      0      1      0      0      0      8      0      0      6      0      0      1      0     13     19      3      5      3      3      2      6     11      4      1      7      6      8      0      0     14      3      2      3      4      0      6      0      0      0      0      1      1      1      0      0      0      4      0      6      0      0      0      0      0      0      0      0      0      0      0      0      0      0      0      0      0      0      0      0      0      0      0
      0      0      0      0      0      0      0      0      0      0      0      0      0      0      0      0      0      0      0      0      0      0      1      0      0      0      0      0      0      0      3      0      3      1      5      0      0      0      1      2      9      3      2      2     10      3      5     17      2      4     11      4      2      4     15      4      6     18     26      6      0     15      6      5      7      3      2      2      0      0      7      0      0      0      0      0      0      0      0      0      0      0      0      0      0      0      0      0      0      0      0      0      0      0      0      0      0      0      0      0
      0      0      0      0      0      0      0      0      0      0      0      0      0      0      0      0      0      0      0      0      0      0      0      0      0      2      0      0      0      1      2      0      4      8      6      2      0      0     14     19      5      8      3     11      6      6     10      1     13     40      6      3      3     34      8      8      0      3     15      8     14     13      0     16      8      0      3      2      0      7      2      0      2      2      0      0      0      4      0      0      0      0      0      0      0      0      0      0      0      0      0      0      0      0      0      0      0      0      0      0
      0      0      0      0      0      0      0      0      0      0      2      0      0      0      0      2      0      0      0      0      0      0      0      2      0      0      0      3      4      0      3      4      3      5      3      4     14     14      5      5     36      2     14      1      2      8      5     41      9      3      5      0      7      2     20      3      9      1      3     19     10     10      1      7      2     16      0      6      0      0      7      0      0      0      0      0      0      0      0      0      0      0      0      0      0      0      0      0      0      0      0      0      0      0      0      0      0      0      0      0
      0      0      0      0      0      0      0      0      0      0      0      0      0      0      0      2      0      0      0      1      0      0      5      2      0      0      0      3     16      9      3      1      0      5      7      0     12      1     22      0     24     10     20      1      5     23      1      7     11      3      6     17     12     11     10      3      6      4      7      7      9     17      5      0      2      6      1      0      0      0      1      0      2      0      2      0      0      0      0      0      0      0      0      0      0      0      0      0      0      0      0      0      0      0      0      0      0      0      0      0
      0      0      0      0      0      0      0      0      0      0      0      0      0      0      0      0      0      1      6      3      2      0      5      2      0      0      8      0      2      0      6     14      6     12      0      5     10     11      5      6     19     15      4     21     16     20      7      8     48     44     25     20      0     10     22     21      9     17     18      7      2     10      8      4      3      0      2      9      0      4      3      0      0      0      0      0      2      4      0      2      0      0      0      0      0      0      0      0      0      0      0      0      0      0      0      0      0      0      0      0
      0      0      0      0      0      0      0      0      0      0      0      0      0      0      2      0      0      0      2      0      0      1      3      0      8      0      9      1     15      5      5     12     15      0      0      3     14     17      4     31     24      6     11      7     26     18     16     16     11     46      7     21     21     25     13     11     16     15      8      9      0      0     21      6     11      5      3      6     10      8      1      1      0      0     10      0      0      0      0      5      0      0      0      0      0      0      0      0      0      0      0      0      0      0      0      0      0      0      0      0
      0      0      0      0      0      0      0      0      0      0      0      0      0      0      0      0      0      0      0      0      0      1      2      9      0      0      5     14      7      6      0      8     13     10      6      1      7     11     25     24     18     16      6     18      9     31     37     20     19     37     22     12     27     19     24     26     11     24     13     13      2     17     13     12      7      4      0      2      0     10      0      2      4      2      0     11      5      0      0      0      0      0      0      3      1      0      0      0      0      0      0      0      0      0      0      0      0      0      0      0
      0      0      0      0      0      0      0      0      0      0      0      0      0      0      0      0      0      3      0      0      0      0      5      0      7      4     13     17      5     14      4     14     15     14     18     11     25     13     25     27     18     24      5     40     17     26     61     21     15     17     40     26     25     18     17     29     21     29     22     16     23     10      4      7      3      4      1     14     25      5      0     13      1     12      0      0      0      0     12      0      0      0      0      0      0      0      0      0      1      0      0      0      0      0      0      0      0      0      0      0
      0      0      0      0      0      0      0      0      0      0      0      0      0      0      6      0      0      0      0      2      0      2      0      4      8      0      1     14      3      1      5      2     10      7     37     19      6     42     30     29      8     47     32     43     14      6     31     50     19     27     36     19     45     26     14     21     12     15     19     21     34     12     16      0     36     15     21      9      6      0      5      0      6      7     11      1      0      0      0      0      0      0      0      0      0      0      0      0      0      0      0      0      0      0      0      0      0      0      0      0
      0      0      0      0      0      0      0      0      0      0      0      0      0      0      3      0      0      0      0      6      0      0      5      0      1      5     13      3      8      0     11     10     12     24     22     13      3      3      9     28     42     20     29     31     13     23     17     13     29     55     18     35     23     37     17     40     15     30     34     27     17     14      8     21     35     40     28      5      2     14      3      9      5      7      0      4      0      0      0      0      0      0      0      0      0      0      0      0      0      0      0      0      0      0      0      7      0      0      0      0
      0      0      1      0      0      0      0      0      0      0      0      0      0      0      0      0      0      0      4      0      0      1      3      0     10      5      3     14      8     11     12     27     28      7     11     25     12     23     47     18     13     25     23     28     36     23     48     46     60     41     34     17     35     43     44     35     36     30      8     36     10     27     30      9      3     10     14      4      5      4      2      0      2      4      3      0      5      0      0      0      0      0      0      0      0      0      0      0      0      0      0      0      0      0      0      0      0      0      0      0
      0      0      0      0      6      0      0      0      0      0      1      0      0      0      0      0      0      1      1      0      0      0      0     10      2      8      1     39      1      2     10     20      2     18     23     32     12     57     18     14     30     26     30     33     29     52     52     30     20     47     60     41     27     90     35     55     67     49     14     20     24     24     28     32      6     10     13     13      6      1     13      2      1     24      0      0     12      1     15      4      7      0      0      0      0      5      0      0      0      0      2      0      0      0      0      0      0      0      0      0
      0      0      0      0      0      0      0      0      0      0      0      0      2      0      0      0      0      1      0      0      0      0      1      2      1      7      0      5     18      6      7     15     31      3     31     35     13     48     45     40     36     27     43     24     54     17     32     31     22     30     40     38     30     39     35     45     59     40     23     41     51      8      9      6     33     23     14     24     36      8     15     12      6      5      4      5      0      2      0      0      0      0      0      0      1      0      3      0      0      0      0      0      0      0      0      0      0      0      0      0
      0      0      0      0      0      0      0      0      0      0      0      0      0      0      0      0      0      2      0      1      0      5     16      1      5     10     16      1      7     32     19     13     26     19     38      9     40     14     10     50     36     50     35     35     31     45     37     44     50     29     66     23     53     25     59     51     30     44     21     46     29     16     29     28      1     14      7      8      8      6     10     11      2      6      3      8      4      2      0      0      4     11      1      0      0      2      0      0      0      0      0      0      0      0      0      0      0      0      0      0
      0      0      0      0      0      0      0      3      0      0      0      0      0      4      6      0      0      2      4      4      0      0     11     10      4     16     10     35      8      0     21     26     16     30     13     44     19     54     26     38     31     42     63     47     48     54     50     59     52     32     45     41     74     34     53     36     53     30      9     18     35     36     26     36     11      2      7     19      9     15      8     20     14      3     28      3     13      3      0      1      0      1      0      1      0      0      0      0      0      0      0      0      0      0      0      0      0      0      0      0
      0      0      0      0      0      0      0      0      0      0      3      0      0      0      0      1     11      0      0      8      0      0      0      7      2      7      6     15     23     18      5     40     29     35     24     44     25     46     30     29     49     24     58     62     99     84     42     40     31     79     87     24     61     62     48     43     38     44     68     33     47      8     20     49     32     15     15     12      2     12     28      1      6     17      1      5      6      0      0      0      8      2      0      0      0      0      0      0      0      0      4      0      0      0      0      0      0      0      0      0
      0      0      0      0      0      0      0      0      0      0      0      0      0      0      0      1      0      1      8      1      0      1      5      1     16      0      2     10     17      8     30      2     14     26     21     26     36     21     24     44     52     55     52     63     60     60     74     56     76     84     88     98     36     54     38     35     57     39     56     34     31     41     38     44     29     25      7     19     20     10      0     16     22     16     12      6     11      3      6      0      0      0      0      0      0      0     11      0      0      0      1      6      0      0      0      0      0      0      0      0
      0      0      0      0      0      0      1      0      0      0      2      0      2      3      1      0      0      0      0      4      2      0      1     42      8      7     15     11      2      6     10     33     28     18     41     38     68     32     60     33     62     79     62     85    124     65     41     40     45     56     73     88    107     35     26    112     32     44     54     33     26     16     62     51     19     33     12     10     11     23      8      7      0      3      1      0      8      0      0     13      1      0      0      0      0      0      0      0      0      0      0      0      0      0      0      0      0      0      0      0
      0      0      0      0      0      0      0      0      0      0     15      0      2      0      0      8      0      2      0      1      0      8      6     12      9      8      1      3     24     25     24     25     23     38     26      9     36     20     39     53     73     43     52     57     59     15     79     47     52     51     51     81     56     49     25     45     64     92     30     64     58     20     30     33      8     10     19     23      7     11      7     14     13      3     10     11      0      9      0      0      2      0      1      3      0      0      0      0      0      0      0      0      0      0      0      0      0      0      0      0
      0      0      0      0      0      0      0      0      0      1      0      0      0      1      0      0      0      2      2     11      7      6      3     20     14      2     10     28      5     16     51     25     33     29     51     43     17     33     38     36     36     44     47     44     67     77     91     57     80     58     79     77    100     25     88     55     24     37     54     66     58     19     41     53     36     18     13     12     52      5     22     14     16      5      5     10      0      9      3      0      9      2      0      6      0     10      0      0      0      0      0      0      0      0      0      0      0      0      0      0
      0      0      0      0      0      0      0      0      0      0      0      0      0      0      0      0      0      6      0      9      5      1     17      4     11     23      4     32     28     41     16     45     25     43     30     29     75     46     43     78     44     51     42     29     53     56     49     61     43     96     71     61     45     50    139     82     63     22     61     38     39     25     43     44     33     36     42     32     15     36     25     10      4      6     10      1     15      3      0      0      1      6      6      7      1      0      0      0      0      1      0      2      0      4      0      0      0      0      0      0
      0      0      0      0      0      0      0      0      0      0      0      0      1      1     15      0      1      2      8      1      2      4     14      8     14      7      7     23      9     25     14     26     25     35     21     41     58     63     83     41     43     53     80     92     53    105    100     70     66    119     82     84     58     82     69    129     63     50     65     51     82     53     66     29     54     48     46     51     34     20     25      6     19      1     27      9      0      3      4      0     14     23      0      3      2      0      0      0      0      1      1      0      0      0      0      0      0      0      0      0
      0      0      0      0      0      0      0      0      0      0      0      0      3      0     11      6      0      0      9     11      9     19     14     17     32     37      9     19     19     45     23     61     21     39     38     41     43     29     37     54     66     87     77     84    135     99    100     60     84     82    108    109     70    129     77     32     65     58     34     33     78     33     73     44     35     39     31      8     12     20     19     28      4     15     14      1     15      0      5     14     15      9      1      6      0      4      0      0      0      0      0      0      0      0      0      0      0      0      0      0
      6      0      0      0      0      0      5      0      0      0      3      0      0      0      0      0      3      6      3      0     11      2      7      2      3     20     15     27     24     18      5     30     31     30     33     13     30     56     83     47     81     76    110     92     77     57     53     97    134    103    107     99    118    161     58     63     58     26     95    124    138     49     30     55     36     36     31     57     13     40     21     10     43     16     48     14      7      8      4      0      1     13      0      0      0      0      0      3      0      0      0      0      0      0      0      0      0      0      0      0
      0      0      0      0      0      0      0      0      0      0      0      0      2      0      0      3      0      3      6     22     10      2     10     25      4      7     19      3      9     34     55     18     36     23     49     92     83     82     36     53     32     94     22     39     74     91    108    100     88    150     55    112    108     77     77     90     52     70     94    117     40     57     47     67     89     69     21     23     16     35     22     36     16     26     18     14     17      4     13      2      3      0      3      0      0      0      1      0      4      0      0      0      2      0      0      0      0      0      0      0
      0      0      0      0      0      0      0      0     11      0      0      7      0      0      0      5      0      1      1      9      5      3      2      9     32      1      1     18     26     25     19     10     42     51     74     57     24     34     54     49    104     79     71     75    102     70     74    100     60     80     90    141     49     90     67     69     78     45     63     71     40     82     41     46     37     37     22     40      2     27     21     17      5      9     27      0     11      7     11      2      2      8      1      0      0      0      5      0      0      0      0      0      0      0      5      0      0      0      0      0
      0      0      0      0      0      0      0      0      5      0      0      0      0      0      0      2      0     10      3      6     13      2      3      3     12      1      4     33     22     30     18     27     48     50     35     40     68     62     52     86     55     58     56     45     73     86     81     59     68    130     83     80    110     85     64     89    121     45     84     19     66     80     45     43     22     48     61     16      2      6     16      0     10     29     14     16      6      2      1      0      5      0      0      3      0      0      0     19      0      0      0      0      0      0      0      0      0      0      0      0
      0      0      0      0      2      0      0      0      0      0      0      0      0      0      0      1      0      1      9      4      0      5     10      5     32     12      3     19     33     17     11     26     26     38     23     44     26     11     54    103     82    152     63     71     83     51     75     95    125     87     81     59     70     99     38     69     80     52     87     16     42     22     18     29     31     61     40     31     16     17     34     13     16      5      0      6      8     16      2      0     18      0      3      1      0      3      5      0      0      0      0      2      0      0      0      1      0      0      0      0
      0      0      0      0      0      0      0      0      0      0      1      0      0      0      0      0      3     10      0      5      3      0     14      7     19      6      9     11     19     28     39     22     43     25     23     34     81    104     73     91     94     44     82     84     47     58     97    157     88     96     63    100     50     75     78     71     54     78     84     86     92     38     50     66     20     44     31     49     35     11     24     20     14      0      2     14      2      6      0      1     12     10      0      1      2      0      0      0      1      0      0      0      0      0      0      0      0      0      0      0
      0      0      0      0      0      0      0      0     10      1      0      0      3      8      0      6      6      2      0      0      4      2      0     21     12      8      8     17     11     38     23     45     29     20     62     66     47     42     25     43    103    120     81    101     72     54    118     76    101    139    128    121     82     86    122     72     36     72     58     63     62     54     56     72     60     79     25     48     57     20      8      4     22      6      9      8     11     13      4      2      0      2      1      1      0      1      0      0      0      0      0      5      0      0      0      0      0      0      0      0
      0      0      0      0      0      0      0      0      0      0      0      0      0     10      0      0      3      2      4     15      5      0     26      5      8     34     28     25     13      8     32     49     34     21     68     51     28     30     26    100     48     96     82     38     55     77     97    101     91     96     75     78    105    115     46     60     99     95     53     73     41     64     38     58      8     44     35     37     17     29     22     32     43     16     15     22      5      8      4     12     12      0      1      0      2      0      1      0      0      0      0      3      0      0      0      0      0      0      0      0
      0      0      0      0      0      0      3      0      0      0      0      0      0      0      6      0      5      4      4      0      3      1      3      9     15     18     13     10     10     22     38     10     39     71     59     44     45     94     56     43     56     99     75    134    151     95     93     87     69    111    101     53    119     82     85     84     31     26     61     48     43     36     33     24     28     75     65     34     19     32     33     18     16      5     13      0      7     13     13     11      3     10      0      1      0      1      0      0      0     10      0      0      1      0      0      0      0      0      0      0
      0      0      0      0      0      0      0      0      0      0      7      0     10      0      0      4      0      3     11      1     14      4      4      2     22      4      5      6     30     18     12      1     44     49     33     54     56     39     38     49     63     82     91     95    102     68     89     67    109    122     79     94     61    107    102    148     79     73     78     70     63     53     55     72     35     31      7     52     17      7      4     22      4      1      9      7      2      2      0      0      1      4      3      1      0      3      2      0      5      0      0      6      0      0      2      0      0      0      0      0
      0      0      0      0      0      0      0      0      0      0      0      0      0     12      0      0      0     12      0      9      0     17      2      0      8     12      3     13      7     15      6     38     25     34     31     64     41     75     19    100     52     57     50     48     86     71     59     54     98     63     76     65     33    112    100     32     55     31     84     70     18     79     37     70     30     55     26     37      4      8     20     23     11     20      5      4      8     22      0      0      8      0      0      0      0      0      0      0      0      5      0      0      0      0      0      0      0      0      0      0
      0      0      0      0      0      2      0      0      0      0      4      0      0      8      4      0      2      0     11      4      3     12     16      4      5      3     17     18     28     19     37     31     80     32     88     50     38     34     23     69     28     73     83    106     58     90     65     56    108    103     93    124    100     98     99     65     38     84     98     43     70     34     77     69     31     40     11     31     12     10     27     14     15     11     29      5      0     17      3     12      1     10      4      0      0      0      0      0      0      0      0      0      2      0      0      0      0      0      0      0
      0      0      0      0      1      0      0      0      0      0      5      0      3      0      0      0      2      6      1      1     10     11     11      1     19     15     35     24     11     12     60      5     35     62     18     53     70     53     63     80     49     56     78     78     73     82     56     66     54     53     77     83     25     90     87     59     42     56     57    118     56     35     57     29     28     29     30      5     19     24     11     36     26     10      0      6      9      5      6      0      0      1      0      0      2      0      3      0      8      0      0      0      0      0      0      0      0      0      0      0
      0      0      0      0      0      0      0      0      0      0      0      0      0      1      3      5      0      0      1      0      4      0      4      2     12     41      7      2     26      6     33     21     17     32     28     50     45     26     59     44     42     46     44     79     73     46     54     43     59     33     82     69     74     80     58     81     45     40     90     44     31     84     51     33     30     17     20      9     16     36      4     31     25     14     14      2     12     15      7     10      0      0      6      1      0      0      0      2      0      0      0      0      8      0      0      0      0      0      0      0
      0      0      0      0      0      0      0      0      0      0      0      0      0      0      0      0      1      1      0      7      3      1      0      1      0      7     20     22     13     20     13     11     40      7     32     31     50     66     50     39     61     83     66     58    102     37     35     23     65     62     71     48    107     58     38     60     51     16     48     34     35     32     36     25     27     21     24      4     20     12      3     14     14      7      6      8      1     12      9      0      0      6      0      8      2      0      0      0      0      0      0      0      0      2     22      0      0      0      0      0
      0      0      0      0      0      0      0      0      0      0      0      1      0      0      0     14      0     10      2     21     10      0      2      7     12     14     11     14     37      7     26     18     44     29     12     26     25     37     16     46     51     60     53     54     38     87     58     42     62     43     53     49     31     62     48     78     24     41     34     44     31     27     35     30     23     12     26     26     15     11      5     11     16      7     38      0      8      2     18      0      0      4      0      0      0      0      0      3      0      0      0      0      2      0      0      0      0      0      0      0
      0      0      0      0      0      0      0      0      0      0      0      0      0      0      0      0      0      0     24      0      7      0      4      5      0      0      8      9     18      7     20      6     29     35     12     19     55     57     47     27     38     99     59     42     30     59     36     69     32     70     47     59     37     64     47     17     41     18     65     14    111     23     10     17     33     26     16      9     20      6     15      0     15     21      0      0      4      0      0      2      1      0      2      1      0      1      0      0      0      2      0      0      0      0      0      0      0      0      0      0
      0      0      0      0      0      0      0      8      0      0      0      0      0      4      0      0      0      0      0      1      0      1      1      3      2      2     27      1      8      4     26     17      5     42     56     16     29     21     64     77     70     40    122     48     80     33     41     43     75     29     65     46     48     62     16     47     85     21    102     66     49     39     22     41     49     26     22     10     19     20      3     14     10      6      0      8      0      0      7      5      0      0      7      5      2      0      1      1      0      0      0      3      0      0      0      0      0      0      0      0
      0      0      0      0      0      0      0      0      0      0      0      0      0      0      1      0      0      0      0      5     14      8     10      0      1     10      0      0      5      8     20     34     11     26     27      6     11     21     49    105     35     20     87     75     44     67     42     26     34     34     58     71     83     63     45     27     45     37     19     14     19     10     13     14     34     27     31      5     11     23     23     12     12      1      9      0      0      7      0      0      2      0      0      1      2      0      0      0      0      0      0      0      0      0      0      0      0      0      0      0
      0      0      0      0      0      0      0      0      0      0      0      0      0      0      0      4      4      0      2      2      3      0      0      5      1     15      5      7      5      4     14     13     11     24      1     35     36     14     16     15     27     18     22     24     82     51     17     32     56     39     16     67     40     56     63     45     30     25     21     15     24     16      5     41     25     48      8      5     18      5      2     12      0      7      4      1      0     10     10      0      0      1      0      0      0      0      7      0      0      0      0      0      0      0      0      0      0      0      0      0
      0      0      0      0      0      0      0      0      0      0      0      0      0      0      3      1      0      5      5      0     10      0      1      4      5      3      3      7     21     27      4      5     25     15      8      5     25     39     29     27     31     12     19     65     33     56     36     49     31     25     43     38     35     35     29     50     28     39     34     41     54     14     23     32     27      0     18     14     13      3     11     11      8      0      4      3      0      5      0      0      5      0      0      1      0      0      0      0      0      0      0      0      0      0      0      0      0      0      0      0
      0      0      0      0      0      0      8      0      0      0      0      0      0      0      0      0      0      3      0      0      1      0      2      5      5      5     12     16     13     12      7     20     19     36      5     21     11     61     20     35     38     41     28     21     29     38     48     34     47     25     37     15     12     27     30     36     18     27     37     58     19     25     40     14      6     15      2     27      3      8      2      4      8      1      5     12      8      0      0      1      0      0      0      0      0      0      0      0      0      0      1      0      0      0      0      0      0      0      0      0
      0      0      0      0      0      0      0      0      0      0      0      0      0      0      0      0      0      0      0      1      0     11      2      2      0     21      5      0     12     10     13     15      6      2     30     20     19     28     32     26     32     45     21     21     18     29     23     26     25     40     29     40     19     12     18     24      9     18     39     25     49      3      9     14     18     30      5      0      0     26      4     11     38      1      0      0      0      7      6      1      0      0      0      0      0      0      0      0      0      0      0      0      0      0      0      0      0      0      0      0
      0      0      0      0      0      0      0      0      0      0      0      0      0      0      0      0      0      0      0      0      0      0      2      9      6     11      7     10      7      3     25      8     25      4     25     24     18     12     10      3     27     26     11     43     23     26     18     14     26     79     11     17     28     22      7     26      2     30     12     38      1     36      3     21     26      4     25      7      6     15     13      0      4      6     25      2      0      0      3      0      0      3      0      0      0      0      0      1      0      0      0      0      0      0      0      0      0      0      0      0
      0      0      0      0      0      0      0      0      0      0      0      0      3      0      0      0      7      2      2      0      0      2      0      7      2      5     17      5      1      7      6     27      1      6     12     10     10     30     23     32     18      7      7     52     34     21     21     22     16     40     37     14      9     24     71     15     12      9     15     15     10     15     30      7     16     14      4     11      4     30     17      0     12      6      0      3      9      0      0      4      0      1      0      0      0      0      2      0      0      0      0      0      0      0      0      0      0      0      0      0
      0      0      0      0      0      0      0      0      0      0      0      0      0      0      0      4      1      0      0      0      0      0      0      1      0      0      5      2      0      2      0     13      4     23     16     10     10      8     18     20     12     22     24     20     15     14     15     57     10     12     13      2     12      8      4     54     14      8     21     11      9      4     11      5      4     16     24     13      3     12      4      0      6      1      2      0      0      0      6      0      0      0      0      0      0      5      0      0      0      0      0      0      0      0      0      0      0      0      0      0
      0      0      0      0      0      0      0      0      0      0      0      0      0      0      0      0      0      5      6     11      0      1      0      0      0      0      2      0      0      0      0      2      1      4      9     18     10     23     38     11     22      7     28      5     54     28      8     13     21     16      4     36      5     21     13      1     29     34      9      9      1      4     16      3     42      2      6      6      0      0      5     13      5      6      5      0      2      4      0      0      0      0      0      0      2      1      0      0      0      0      0      0      0      0      0      0      0      0      0      0
      0      0      0      0      0      0      0      0      0      0      0      0      0      0      0      0      0      0      0      0      0      0      0      2      4      0      4      7      2      8     25      4      4     17      4      3     10     28      6     20     13      7     29      2     10      2      9     21      1     13     20     13     19     24      1      9      3      9      4     41      8      7      0      4     19      4      2     14      7      1     10      9      3      2      5      0      0      0      0      0      1      0      1      0      2      0      0      0      0      0      0      0      0      0      0      0      0      0      0      0
      0      0      0      0      0      0      0      0      1      0      0      0      0      4      0      0      0      0      0      0      1      3      0      2      0      3      1     13      1      0     11     22     14      2      1      5      2      1     11      3      0     24      1      2      9     12     14      8     20     13      4     11     15      5      8     19     17     10      5     36      2      9     23     17      9      6      1      2      0      6      2      9      4      0      5      5      0      0      0      0      0      0      0      9      0      0      0      0      0      0      0      0      0      0      0      0      0      0      0      0
      0      0      0      0      0      0      0      0      0      0      0      0      0      0      0      0      0      1      0      1      0      1      0      0      0      2      2      3      0      0      0      1     16     14      1      1     14     12      0      3     12      1     12      2     12     12      7      6      4      8     10      3     12      3      1     13      3      3      4      3      1      8      2      3      0      1     22      5      0      0     12      5      1      1      0      0      0      0      0      0      0      0      0      0      0      0      0      0      0      0      0      0      0      0      0      0      0      0      0      0
      0      0      0      0      0      0      0      0      1      0      0      0      0      0      0      0      0      6      2      0      2      2      1      0      1     11      0      0      0      5      3      0     16      2      4     10      2      6      0      6      5      6      9     17      9      4      6      0     13     10     13     17      9      1      1      6     13      3      3      3      7      0      9      1      1      0      2      8      0      0      0      1      0      0      0      2      0      0      1      0      0      0      0      0      0      0      0      0      0      5      0      0      0      0      0      0      0      0      0      0
      0      0      0      0      0      0      0      0      0      0      0      0      2      0      0      0      0      0      0      0      0      5      0      0      0      0      0      6      9      0      0      4      1      0      5      6      2      0      0     13     16      5     16      2      2      7      8      4      0     24      4      1      5      1     12      0      4      9      2      0      3      8      0     10      0      2      0      2      0      0      1      3      3      6      5      0      3      0      0      0      1      0      0      0      0      0      0      2      0      0      0      0      0      0      0      0      0      0      0      0
      0      0      0      0      0      0      0      0      0      0      0      0      0      0      0      0      0      0      0      0      0      4      2      0      4      0      3      0      5      0      0      0     12      3      7      1      3      0     12     15      0     18      1     10      6      1      6     10      4     14     20      0      1      4      2      5      2      7      7      8      7      1      0      0      1      7      0      3      3      1      0      0      3      1      0      0      0      0      0      0      0      2      0      4      0      0      0      0      0      0      0      0      0      0      0      0      0      0      0      0
      0      0      0      0      0      0      0      0      0      0      0      0      0      0      0      0      0      0      0      0      0      0      0      0      0      0      2      0      1     12     12      1      0      0      0      1      0      0      0     10      4      4      0      0      7      2     13      0     10      0     11     20      5      0     15      1     35      4      4      4      0     11      4      6      4      0      9      0      0      0      5      4      0      1      0      0      0      0      0      0      0      0      2      0      0      0      0      0      0      0      0      0      0      0      0      0      0      0      0      0
      0      0      0      0      0      0      0      0      0      0      0      0      0      0      0      1      0      0      0      0      0      0      4      0      0      0      0      0      0      0      0      3      2      4     10      8      1      4      6      3     14      2      4      3      0      9      0      3     13      1      0      3      1      1      0      2      0      4      8      2      0      2      0      0      8      0      0     12      0      0      0      0      0      3      0      0      0      0      0      0      0      0      0      0      0      0      0      0      0      0      0      0      0      0      0      0      0      0      0      0
      0      0      0      0      0      0      0      0      0      0      0      0      0      0      0      1      0      0      0      0      0      0      0      0      0      0      0      0      0      0      0      0     10      0      7      6      0      2     11      0      5      5      2     13      0     14      0      0      0     11      0      0     10      0      2      4      9      0      4      3     10      0      2      1      0      0      0      0      0      0      0      0      0      0      0      0      0      0      0      0      0      0      0      0      0      0      0      0      0      0      0      0      0      0      0      0      0      0      0      0
      0      0      0      0      0      0      0      0      0      0      0      0      0      0      0      0      0      0      0      0      0      0      0      0      0      0      0      0      0      0      0      0      0      2      0      0     14      0      3      0      2      0      0      0      0      1     29     11     14      0      0      8      6      1      0      7      1      0      4      0      8      0      3     10      0      0      0      3      1      4      3      0      0      1      0      0      0      0      0      0      0      0      0      0      0      0      0      0      0      0      0      0      0      0      0      0      0      0      0      0
      0      0      0      0      0      0      0      0      0      0      0      0      0      0      0      0      0      0      0      0      0      0      0      0      0      0      0      0      0      0      0      0     10      0      0      0      0      8      0      1      0      0      0      0      1      4      4      0      0      3      5     12      1      2      0      1      0      9      0      2      0      0      0      1      2      0      6      0      0      0      4      0      0      0      0      0      0      0      0      0      5      0      0      0      0      0      0      0      0      0      0      0      0      0      0      0      0      0      0      0
      0      0      0      0      0      0      0      0      0      0      0      0      0      0      0      0      0      0      0      0      2      0      0      0      0      0      0      1      0      0      0      0      0      0      0      5      0      4      0      3      0      0      0      1      3      0      0      0      0      2      0      0      0      0      9      0      0      0      4      5      0      0      0      0      0      0      0      0      0      0      3      0      0      0      0      0      0      0      0      0      0      0      0      0      0      0      0      0      0      0      0      0      0      0      0      0      0      0      0      0
      0      0      0      0      0      0      0      0      0      0      0      0      0      0      0      0      0      0      0      0      0      0      0      1      0      0      0     12      0      0      5      0      4      0      2      8      5      1      0      0      0      0      0      0      0      0      2      0      6      0      0      0      1      0      0      4      0      0      4      5      0      4      0      1      8      0      5      0      0      0      0      0      0      0      0      0      0      0      0      0      0      0      0      0      0      0      0      0      0      0      0      0      0      0      0      0      0      0      0      0
      0      0      0      0      0      0      0      0      0      0      0      0      0      0      0      0      0      0      0      0      0      0      0      0      0      0      0      0      0      0      0      0      4      0      0      0      0      0      0      0      0      1      0      0      1      0      0      0      0      3      0      0      0      1     16      0      0      0      0      0      0      2      0      0      0      0      0      0      0      0      0      0      0      0      0      0      0      0      0      0      0      0      0      0      0      0      0      0      0      0      0      0      0      0      0      0      0      0      0      0
      0      0      0      0      0      0      0      0      0      0      0      0      0      0      0      0      0      0      0      0      0      0      0      0      0      0      0      0      0      0      0      0      0      0      0      0      0      0      0      2      1      1      0      2      0      0      0      0      0      0      8      2      0      0      0      3      0      6      3      0      0      0      0      0      4      0      0      0      0      0      0      0      0      3      0      0      0      0      0      0      0      0      0      0      0      0      0      0      0      0      0      0      0      0      0      0      0      0      0      0
      0      0      0      0      0      0      0      0      0      0      5      0      0      0      0      0      0      0      0      0      0      0      0      0      0      0      0      0      4      0      0      0      0      0      0      0      0      0      0      0      0      0      0      0      6      1      1      0      1      0      0      1     25      0      0      0      0      0      0      0      0      0      1      0      0      0      0      0      0      0      0      0      0      0      0      0      0      0      0      0      0      0      0      0      0      0      0      0      0      0      0      0      0      0      0      0      0      0      0      0
      0      0      0      0      0      0      0      0      0      0      0      0      0      0      0      0      0      0      0      0      0      0      0      0      0      0      0      0      0      0      0      0      0      0      0      0      0      0      3      0      0      0      0      0      0      0      0      0      0      0      0      0      0      0      0      0      0      0      0      0      0      0      0      0      0      0      0      0      0      0      0      0      0      0      0      0      0      0      0      0      0      0      0      0      0      0      0      0      0      0      0      0      0      0      0      0      0      0      0      0
      0      0      0      0      0      0      0      0      0      0      0      0      0      0      0      0      0      0      0      0      0      0      0      0      0      0      0      0      0      0      0      0      0      0      0      0      0      0      0      0      0      0      0      0      0      0      0      0      0      0      0      0      0      0      0      3      6      0      0      0      0      0      0      0      0      4      0      0      0      0      0      0      0      0      0      0      0      0      0      0      0      0      0      0      0      0      0      0      0      0      0      0      0      0      0      0      0      0      0      0
      0      0      0      0      0      0      0      0      0      0      0      0      0      0      0      0      0      0      0      0      0      0      0      0      0      0     14      0      0      0      0      0      0      0      0      0      0      3      0      0      0      0      0      0      0      0      0      0      0      0      0      0      0      0      0      1      0      2      0      0      1      0      0      0      0      0      0      0      0      0      0      0      0      0      0      0      0      0      0      0      0      0      0      0      0      0      0      0      0      0      0      0      0      0      0      0      0      0      0      0
      0      0      0      0      0      0      0      0      0      0      0      0      0      0      0      0      0      0      0      0      0      0      0      0      0      0      0      0      0      0      0      1      0      0      0      0      0      0      0      0      4      0      0      0      0      0      0      0      0      0      0      0      0      0      0      0      3      0      0      0      0      0      0      0      0      0      0      0      0      0      0      0      0      0      0      0      0      0      0      0      0      0      0      0      0      0      0      0      0      0      0      0      0      0      0      0      0      0      0      0
      0      0      0      0      0      0      0      0      0      0      0      0      0      0      0      0      0      0      0      0      0      0      0      0      0      0      0      0      0      0      0      1      0      0      0      0      0      0      0      0      0      0      0      0      0      2      0      0      0      0      0      0      2      0      0      0      0      1      0      0      2      4      0      0      0      0      0      0      0      0      0      0      0      0      0      0      0      0      0      0      0      0      0      0      0      0      0      0      0      0      0      0      0      0      0      0      0      0      0      0
      0      0      0      0      0      0      0      0      0      0      0      0      0      0      0      0      0      0      0      0      0      0      0      0      0      0      0      0      0      0      0      0      0      0      0      0      0      0      0      0      0      0      0      0      0      0      0      0      0      0      0      0      0      0      0      0      0      0      0      0      0      0      0      0      0      0      0      0      4      0      0      0      0      0      0      0      0      0      0      0      0      0      0      0      0      0      0      0      0      0      0      0      0      0      0      0      0      0      0      0
      0      0      0      0      0      0      0      0      0      0      0      0      0      0      0      0      0      0      0      0      0      0      0      0      0      0      0      0      0      0      0      0      0      0      0      0      0      0      0      0      0      0      0      0      0      0      0      0      0      0      0      0      0      0      0      0      0      0      0      0     10      0      0      0      0      0      0      0      0      0      0      0      0      0      0      0      0      0      0      0      0      0      0      0      0      0      0      0      0      0      0      0      0      0      0      0      0      0      0      0
      0      0      0      0      0      0      0      0      0      0      0      0      0      0      0      0      0      0      0      0      0      0      0      0      0      0      0      0      0      0      0      0      0      0      0      0      0      0      0      0      0      3      0      0      0      0      0      0      0      0      0      0      0      0      0      0      0      0      0      0      0      0      0      0      0      0      0      0      0      0      0      0      0      0      0      0      0      0      0      0      0      0      0      0      0      0      0      0      0      0      0      0      0      0      0      0      0      0      0      0
      0      0      0      0      0      0      0      0      0      0      0      0      0      0      0      0      0      0      0      0      0      0      0      0      0      0      0      0      0      0      0      0      0      0      0      0      0      0      0      0      0      0      0      0      0      0      0      0      0      0      0      0      0      0      0      0      0      0      0      0      0      0      0      0      0      0      0      0      0      0      0      0      0      0      0      0      0      0      0      0      0      0      0      0      0      0      0      0      0      0      0      0      0      0      0      0      0      0      0      0
      0      0      0      0      0      0      0      0      0      0      0      0      0      0      0      0      0      0      0      0      0      0      0      0      0      0      0      0      0      0      0      0      0      0      0      0      0      0      0      0      0      0      0      0      0      0      0      0      0      0      0      0      0      0      0      0      0      0      0      0      0      0      0      0      0      0      0      0      0      0      0      0      0      0      0      0      0      0      0      0      0      0      0      0      0      0      0      0      0      0      0      0      0      0      0      0      0      0      0      0
      0      0      0      0      0      0      0      0      0      0      0      0      0      0      0      0      0      0      0      0      0      0      0      0      0      0      0      0      0      0      0      0      0      0      0      0      0      0      0      0      0      0      0      0      0      0      0      0      0      0      0      0      0      0      0      0      0      0      0      0      0      0      0      0      0      0      0      0      0      0      0      0      0      0      0      0      0      0      0      0      0      0      0      0      0      0      0      0      0      0      0      0      0      0      0      0      0      0      0      0
      0      0      0      0      0      0      0      0      0      0      0      0      0      0      0      0      0      0      0      0      0      0      0      0      0      0      0      0      0      0      0      0      0      0      0      0      0      0      0      0      0      0      0      0      0      0      0      0      0      0      0      0      0      0      0      0      0      0      0      0      0      0      0      0      0      0      0      0      0      0      0      0      0      0      0      0      0      0      0      0      0      0      0      0      0      0      0      0      0      0      0      0      0      0      0      0      0      0      0      0
