\ 
\ Covariance Function Histogram Table
\ 
\ X Parameter: Stellar Surface Gravity
\ X Abbrev   : logg*
\ X Units    : cgs
\ X Items    : 100         
\ 
\ Y Parameter: Time of Eclipse
\ Y Abbrev   : TS
\ Y Units    : BJD
\ Y Items    : 100         
\ 
|col000|col001|col002|col003|col004|col005|col006|col007|col008|col009|col010|col011|col012|col013|col014|col015|col016|col017|col018|col019|col020|col021|col022|col023|col024|col025|col026|col027|col028|col029|col030|col031|col032|col033|col034|col035|col036|col037|col038|col039|col040|col041|col042|col043|col044|col045|col046|col047|col048|col049|col050|col051|col052|col053|col054|col055|col056|col057|col058|col059|col060|col061|col062|col063|col064|col065|col066|col067|col068|col069|col070|col071|col072|col073|col074|col075|col076|col077|col078|col079|col080|col081|col082|col083|col084|col085|col086|col087|col088|col089|col090|col091|col092|col093|col094|col095|col096|col097|col098|col099|
|int   |int   |int   |int   |int   |int   |int   |int   |int   |int   |int   |int   |int   |int   |int   |int   |int   |int   |int   |int   |int   |int   |int   |int   |int   |int   |int   |int   |int   |int   |int   |int   |int   |int   |int   |int   |int   |int   |int   |int   |int   |int   |int   |int   |int   |int   |int   |int   |int   |int   |int   |int   |int   |int   |int   |int   |int   |int   |int   |int   |int   |int   |int   |int   |int   |int   |int   |int   |int   |int   |int   |int   |int   |int   |int   |int   |int   |int   |int   |int   |int   |int   |int   |int   |int   |int   |int   |int   |int   |int   |int   |int   |int   |int   |int   |int   |int   |int   |int   |int   |
      0      0      0      0      0      0      0      0      0      0      0      0      0      0      0      0      0      0      0      0      0      0      0      0      0      0      0      0      0      0      0      0      0      0      0      0      0      0      0      0      0      0      0      0      0      0      0      0      0      0      0      0      0      0      0      0      0      0      0      0      0      0      0      0      0      0      0      0      0      0      0      0      0      0      0      0      0      0      0      0      0      0      0      0      0      0      0      0      0      0      0      0      0      0      0      0      0      0      0      0
      0      0      0      0      0      0      0      0      0      0      0      0      0      0      0      0      0      0      0      0      0      0      0      0      0      0      0      0      0      0      0      0      0      0      0      0      0      0      0      0      0      0      0      0      0      0      0      0      0      0      0      0      0      0      0      0      0      0      0      0      0      0      0      0      0      0      0      0      0      0      0      0      0      0      0      0      0      0      0      0      0      0      0      0      0      0      0      0      0      0      0      0      0      0      0      0      0      0      0      0
      0      0      0      0      0      0      0      0      0      0      0      0      0      0      0      0      0      0      0      0      0      0      0      0      0      0      0      0      0      0      0      0      0      0      0      0      0      0      0      0      0      0      0      3      0      0      0      0      0      0      0      0      0      0      0      0      3      0      0      0      0      0      0      0      0      0      0      0      0      0      0      0      0      0      0      0      0      0      0      0      0      0      0      0      0      0      0      0      0      0      0      0      0      0      0      0      0      0      0      0
      0      0      0      0      0      0      0      0      0      0      0      0      0      0      0      0      0      0      0      0      0      0      0      0      0      0      0      0      0      0      0      0      0      0      0      0      0      0      0      0      0      0      0      0      0      0      0      0      0      0      0      0      0      0      0      0      0      0      0      0      0      0      0      0      0      0      0      0      0      0      0      0      0      0      0      0      0      0      0      0      0      0      0      0      0      0      0      0      0      0      0      0      0      0      0      0      0      0      0      0
      0      0      0      0      0      0      0      0      0      0      0      0      0      0      0      0      0      0      0      0      0      0      0      0      0      0      0      0      0      0      0      0      0      0      0      0      2      0      0      0      0      0      0      0      0      0      0      0      0      0      0      0      0      0      0      0      0      0      0      0      0      0      0      0      0      0      0      0      0      0      0      0      0      0      0      0      0      0      0      0      0      0      0      0      0      0      0      0      0      0      0      0      0      0      0      0      0      0      0      0
      0      0      0      0      0      0      0      0      0      0      0      0      0      0      0      0      0      0      0      0      0      0      0      0      0      0      0      0      0      0      0      0      0      0      0      0      0      0      0      0      0      0      0      0      0      0      0      0      0      0      0      0      0      0      0      0      0      0      0      0      0      0      0      0      0      0      0      0      0      0      0      0      0      0      0      0      0      0      0      0      0      0      0      0      0      0      0      0      0      0      0      0      0      0      0      0      0      0      0      0
      0      0      0      0      0      0      0      0      0      0      0      0      0      0      0      0      0      0      0      0      0      0      0      0      0      0      0      0      0      0      0      0      0      0      0      0      0      0      0      0      0      0      0      0      0      0      0      0      0      0      0      0      0      0      0      1      0      0      0      0      0      0      0      0      0      0      0      0      0      0      2      0      0      0      0      0      0      0      0      0      0      0      0      0      0      0      0      0      0      0      0      0      0      0      0      0      0      0      0      0
      0      0      0      0      0      0      0      0      0      0      0      0      0      0      0      0      0      0      0      0      0      0      0      0      0      0      0      0      0      0      0      0      0      0      0      0      0      0      0      0      0      0      0      0      0      0      0      0      0      0      0      0      0      0      7      0      0      0      0      0      0      0      0      0      0      0      0      0      0      0      0      0      0      0      0      0      0      0      0      0      0      0      0      0      0      0      0      0      0      0      0      0      0      0      0      0      0      0      0      0
      0      0      0      0      0      0      0      0      0      0      0      0      0      0      0      0      0      0      0      0      0      0      0      0      0      0      0      0      0      0      0      0      0      0      0      0      0      0      0      0      0      0      0      0      0      0      0      0      0      0      0      0      0      0      0      0      0      0      0      0      0      0      0      0      0      0      0      0      0      0      0      0      0      0      0      0      0      0      0      0      0      0      0      0      0      0      0      0      0      0      0      0      0      0      0      0      0      0      0      0
      0      0      0      0      0      0      0      0      0      0      0      0      0      0      0      0      0      0      0      0      0      0      0      0      0      0      0      0      0      0      0      0      0      0      0      0      0      0      0      0      5      0      0      0      0      0      0      6      0      0      0      0      0      0      0      4      0      0      0      0      0      0      0      0      0      0      0      0      0      0      0      0      0      0      0      0      0      0      0      0      0      0      0      0      0      0      0      0      0      0      0      0      0      0      0      0      0      0      0      0
      0      0      0      0      0      0      0      0      0      0      0      0      0      0      0      0      0      0      0      0      0      0      0      0      0      0      0      0      0      0      0      0      0      0      0      0      0      0      0      0      0      0      0      0      0      0      0      0      0      0      0      0      0      0      0      0      3      0      0      0      0      0      0      0      3      0      0      0      0      0      0      0      0      0      0      0      8      0      0      0      0      0      0      0      0      0      0      0      0      0      0      0      0      0      0      0      0      0      0      0
      0      0      0      0      0      0      0      0      0      0      0      0      0      0      0      1      0      0      0      0      0      0      0      0      0      0      0      0      0      0      0      0      0      0      2      0      0      2      0      0      0      0      0      0      3      2      0      0      4      0      0      6      0      0      0      0      0      0      0      1      0      0      0      0      0      0      0      0      0      0      2      0      0      0      0      0      0      0      0      0      0      0      0      0      0      0      0      0      0      0      0      0      0      0      0      0      0      0      0      0
      0      0      0      0      0      0      0      0      0      0      0      0      0      0      0      0      0      0      0      0      0      0      0      0      0      0      0      0      0      0      0      0      0      0      0      0      0      0      0      5      0      0      0      0      0      0      0      0      0      0      4      0      3      0      1      0      0      0      0      0      0      2      0      0      0      0      0      0      0      0      0      0      0      0      0      0      0      0      1      0      0      0      0      0      0      0      0      0      0      0      0      0      0      0      0      0      0      0      0      0
      0      0      0      0      0      0      0      0      0      0      0      0      0      0      0      0      0      0      0      0      0      0      0      0      0      0      0      0      0      0      0      2      0      0      0      0      0      0      0      0      1      0      0      0      4      3      5      3      0      0      3      6      0      8     12      0      0      0     15      0      1      0      1      0      0      0      0      0      0      0      0      0      0      0      0      0      0      5      0      0      0      0      0      0      0      0      0      0      0      0      0      0      0      0      0      0      0      0      0      0
      0      0      0      0      0      0      0      0      0      0      0      0      0      0      0      0      2      0      0      0      0      0      0      0      0      0      0      0      0      4      0      0      0      0      0      1      4      0      0      0      2      0      1      0      1      2      0      0      0      0      0      4      0      3      0     15      0      0      0      0      7      0      0      4      0      5      0      0      0      0      0      0      0      4      0      0      0      0      0      0      0      0      0      0      0      0      0      0      0      0      0      0      0      0      0      0      0      0      0      0
      0      0      0      0      0      0      0      0      0      0      0      0      0      0      0      0      0      0      0      0      0      0      0      0      0      0      0      0      2      0      1      0      2      0      2      0      0      0      2      0      0      0      0      1      0      0      0      1      0     11      0      0      0      3      0      3      0      2      1      0      4      0      3      4      1      0      0      0      0      0      0      0      0      0      0      0      0      0      0      0      0      0      0      0      0      0      0      0      0      0      0      0      0      0      0      0      0      0      0      0
      0      0      0      0      0      0      0      0      0      0      0      0      0      0      0      1      0      0      0      0      0      0      0      0      0      0      5      0      0      0      0      0      0      0      0      0      0      2      6      0      2      8      3      8      0      0      1      3      0      0      0      3     13      5      5      1      0      0      0     10      2      0      0      3      0      0      0      0      0      1      0      1      2      0      0      0      0      0      0      0      0      0      0      0      0      0      0      0      0      0      0      0      0      0      0      0      0      0      0      0
      0      0      0      0      0      0      0      0      0      0      0      0      0      0      0      0      0      0      0      0      0      0      0      0      0      0      0      1      2      0      0      3      0      0      6      0      0      0      4      0      1      0      0      2      0      2      0      1      1      2      4      5      0      9      6      2      1      2      0     19      0      9      0      0      0      0     12      0     14      0      0      6      0      0      0      0      0      0      0      0      0      0      0      0      0      0      0      0      0      0      0      0      0      0      0      0      0      0      0      0
      0      0      0      0      0      0      0      0      0      0      0      0      0      0      0      0      0      0      0      0      0      0      0      0      0      1      0      0      0      0      0      0      0      0      0      0      0      0      2      0      0      0      8      2      5      7      0      0      0     12      0      0      6      0      0      0      4      2      2      7      1      3      0      0      3      0      1      0      0      0      0      0      0      9      0      0      0      0      0      0      0      0      0      0      0      0      0      0      0      0      0      0      0      0      0      0      0      0      0      0
      0      0      0      0      0      0      0      0      0      0      0      0      0      0      0      0      0      0      0      0      0      0      0      0      3      0      5      0      0      0      0      0      6      2      0      3      0      5      0      0      0      4      5      0      5      2      6     16     10      4      5      1      1      3      1      0      7     13      0      7      0      7      0      8     12      6     17      1      0      1      0      0      0      2      0      3      0      0      0      0      0      0      0      0      1      0      0      0      0      0      0      0      0      0      0      0      0      0      0      0
      0      0      0      0      0      0      0      0      0      0      0      0      0      0      0      0      0      0      0      2      0      2      3      3      1      5      0      0      0      0      0      0      0      7      2      1      4      9      2      3      0      3      0      8      2     12     12     13     25     19      1      1      6      1     10      1      9      2      0      5      9      3      2      0      0      0      0      0      0      0      0      0      0      0      3      0      1      0      0      0      0      0      0      0      0      0      0      1      0      0      0      0      0      0      0      0      0      0      0      0
      0      0      0      0      0      1      0      0      0      0      0      0      6      0     10      0      0      0      0      0      0      0      1      0      0      3      0      0      3      3      2      8      1      7     10      0      1      1      0      1     10      0      4      1      2      5      6     11      3     30      9      9      5      0      9      2      1      2     26     19     12      4      4      0      3      1      0      0      2      0      1     20      0      0      0      0      0      0      0      0      0      0      0      0      0      0      0      0      0      0      0      0      0      0      0      0      0      0      0      0
      0      0      0      0      0      0      0      0      0      0      0      0      0      3      0      0      0      0      0      0      0      9      0      0      2      0      5      0      0     11      3      2      9      3      0      9      1      0      8      0      6     12      1     12      7      2      4      1     30      8      8     19      0     32      7      4      1     19      1     10      9      0      0      4      7      2      0      0      0     26      0      2      0      3      7      0      0      0      2      0      0      0      0      0      0      0      1      0      0      0      0      0      0      0      0      0      0      0      0      0
      0      0      0      0      0      0      0      0      0      0      0      0      0      0      0      0      0      0      0      0      0      0      5      0      3      4      4      1      0     10      4      1      2      2      9      4      4      0      9      0      4      1      1      7     25     12     20      9     11      7      0      7      3     18      8     15     18      2      6     35     10      2      4     20      0     14      0      0      0     12      0      8      0      0      0      8      0     11      4      0      4      0      0      0      0      0      0      0      0      0      0      0      0      0      0      0      0      0      0      0
      0      0      0      0      0      0      0      0      0      0      0      0      5      0      0      0      0      0      0      1      0      0      0      7      2      0      2     12      1      0      0      8      4      5      3      1     10      0     11      6      9      7     13      4      9      6     16     29     12      1     17     15      9      7     17     12     11      1      5      9      3      7      2      7      4     25     13      0      2      6      9      0      7     10      0      4      0      0      0      0      0      0      0      0      0      0      0      0      0      0      0      0      0      0      0      0      0      0      0      0
      0      0      0      2      0      0      0      2      0      0      0      5      1      0      2      0      0      0      6      2      2      0      0      3      1      0     20      1      6      3      6      2      5     11      2     11      7      2      5      5     12      6      4      3     17     18      4      8      9      9     22      2     16      0     19     26     32      0      2     16      3      0      2      0     16      0      7     13      0     10      3      1      1      0      1      0      3      0      2      0      0      0      2      0      0      0      0      0      0      0      0      0      0      0      0      0      0      0      0      0
      0      0      0      0      0      0      0      0      0      0      0      0      0      0      0      0      0      0      0      0      0      0      0     10      0      0      0      4      0      0      1      4      0      0      0      4      2      0     11      0     10     23     19     11     18     29     33     14     18     16     19     16     12     11      4     18     13      9      4     28      9     11     26      1     12     15      2     12      2      0      3      2      1      6      6      0      6      0      0      0      0      0      0      0      0      0      0      0      0      0      0      0      0      0      0      0      0      0      0      0
      0      0      0      0      0      0      0      0      7      0      0      0      0      0      0      0      4      4      0      6      3      0      0      0     11      0      6      1     16      2      2      3      0      5     12      6      0      4      4      4      0     13     19     13     13      8     21      8     31      9     35     16     19     24     35     21     38     34      6     12     14     40      0      2      6      5      0      8      0      7      2      0      0      2      5      0      8      0      0      0      6      0      0      0      1      0      0      0      0      0      0      0      0      0      0      0      0      0      0      0
      0      0      0      1      0      0      0      0      0      0      0      2      0      0      0      5      0      5      0      0      0      0      0      0      9      0      1      1      0     14      5      2      1      2     26      3     16      7      6     21     12      1     12     34      2     10     14     35     33      5     38     14     50     28      6     25     20     12     39     21      7     12      9      8     11     14      7      3      7      4      0      0      8      2     10      0      1      0      0      0      0      0      0      0      0      1      0      0      0      0      0      0      0      0      0      0      0      0      0      0
      0      0      0      0      6      0      0      0      5      0      2      0      0      0      1      0      5      2      2     15      0      6      1      0      2      8      0      4      9     10      4     17      4     13      2     17     11      6      7      5     12      2      3      7     28     29      6     31     26     16     50      4     20     13     32     27      8     29     18     32     34     19      5     20     37     17      7      0      3     31      0      0      0      0      0      6      0      0      0      0      0      5      0      0      0      0      0      0      0      0      0      0      0      0      0      0      0      0      0      0
      0      0      0      0      0      0      0      0      0      7      0      0      0      0      5      0      0      0      1      1      0      0      2      4      0      9      7      7      5      2      1      0     16      8     11      1     16     12      4     15     44     32     14     16     41     29     30     24     24     24     78     57     13     15      6     30     43     16     59     14     24     30     31      6     17     21      8      3     20     10      0     10      1     10      2      0      8      0      3      0      0      0      5      0      0      0      0      0      0      0      0      0      0      0      0      0      0      0      0      0
      0      0      0      0      0      0      2      0      0      0      0      0      0      0      0      0      0      6      0      2      4      2      0      0      9      0      4      9      7      4      4      1      9      8      5      7      5     12     52      2     22      3     26     11     53     30      8     27     27     33     38     28     22     49     27     32     15     53     16     21     31      9     12      6     44     22     48      0     12     15      4     24      7      0      5      3      0      0      3      4      0      0      0      0      0      0      0      0      0      0      0      0      0      0      0      0      0      0      0      0
      0      0      0      0      1      0      0      0     11      1      0      0      0      4      7      1      0      6     24      0      6      4      6      0      7      1      1     16      5     27     17      0      4      7     12      6     29     12     13      8      9      5     20     28     55     21     29     18     28     10     34     39     55     19     19     67     16     22     57     18     21      6     12     25     53     21     11     13     11      4      5     17      0      1      0      0      2      4      5      0      3      0      0      0      0      0      0      0      0      0      0      0      0      0      0      0      0      0      0      0
      0      0      0      0      0      0      3      8      0      0      0      0      0      2      5      0      0      0      2      0      7      0      0      4     11     11      4      2      0      3     35      8      3     23     20     33      3     11      4     18     17     17     26     23     26     66     33     43     43     61     20     21     81     29     23     26     67     37     34     20     41     15     12     48     15     24     25     28     16     22      6     32      7      7      0      2      5      1      2      0      0      1      0      1      0      0      0      0      0      0      0      0      0      0      0      0      0      0      0      0
      0      0      0      0      0      0      7      0      0      0      0      5      2      0      0      0      2      0      0      0      1      0      0      5      5     10      1     23      8      4     24      6      6      6     19     13     23     18     41     15     43     34     29     20     30     19     57     18     49     37     61     47     49     33     65     63     21     35     28     45     16     43     44     21     33     13      9      9     17     20     18      6     17      0      2      2      3     20      2      2      0      0      0      0      0      0      0      0      0      0      0      0      0      0      0      0      0      0      0      0
      0      0      0      0      0      0      0      0      5      1      2      0      0      0      3      0      4      5      2      1     14     13      2      8      0     11      7     10      3     13     10     27      4     11      3     40     27     40     41     43     51     44     14     40     29     25     90     51     32     46     63     38     48     85     55     52     86     22     41     52     20     21     30     29     20     16     11     18      2     21     29     10      8      5     17      0      7      0      3      5      4      0      0      0      5      1      0      0      0      0      0      0      0      0      0      0      0      0      0      0
      5      0      0      0      0      0      1      0      7      2      0      1      1      0      2      0      0      2      2      1      0      1      6      4      2      6     12      0      3      3      5     13      5     23      5     17     13     17     36     30     35     83     53     52     47     30     57     43     64     46    128     69     78     51     95     47     53     63     27     46     22     74     33     30     27     53      4     22     30     20      8      6      9      1     14      5      0      0      3      2      0      0      0      0      0      0      0      0      0      1      0      0      0      0      0      0      0      0      0      0
      0      0      0      0      2      0      0      0      0      0      3      1      0      0      3      0      1      1      3      3      0      4      4      3      2      1      1      2     14      0     14     18     16     19     26     34     16     23     29     24     41     23     83     35     51     53     29     56     42     43     70     59     61     46     42     39     43     51     21     64     47     19     27     23     32     21     16     43     21      4     10      9     17      8      0      2      0     24      1      3      0      0      0      4      0      0      0      0      0      0      0      0      0      0      0      0      0      0      0      0
      0      0      0      0      0      1      1      0      0      0      3      0      1      3      0      0      0      9      0      5      1      3      2      0     28      5      5     12     11     17     29     22     26      9     13     22     19     32     16     84     51     28     60     41     55     61     63     54     94     65     40     87     58     54     66     64     60     67     80     31     66     34     11     25     22     14      7      7     60     44     33     27     32      3      6      0      0      5      4      9      5      0     11      0      0      0      0      0      0      0      0      0      0      0      0      0      0      0      0      0
      0      0      0      0      0      0      0      0      0      0      1      4     13      0      0      0      0     11      2      8      1      4      0      0      9     22      2      2      6      6     21     53      5     14     25     23     25     57     57     35     20     40     85     22     54     67     56     44     64     54     71     35     63     18     69     57    100     41     31     35     29     49     50     47     29      5     20     16     26     19      2     17     32     28     14     10      3      5     11      0      2      1      0      9      0      0      0      8      0      0      0      0      0      0      0      0      0      0      0      0
      0      0      0      0      0      1      0      0      3      0      0      2      0      0     13      4      0      2      2      5      6      8      0      9      0     25      3      9      3      9     27     20     60     11     24     37     48     44     41     34     30     39     48     47     75     70     65     65     49    100     37     62     88     81     59     66     84     83     39     89     47     36     40     30     20     17     18     33     29     16      0      6      6     14     45      3      6      0      1      7      0      0      8      0      0      0      0      0      0      0      0      0      0      0      0      0      0      0      0      0
      0      0      0      0      0      0      0      0      1      0      0      3      0      3      0      9     15      4      4      4      2     13     23     12      6      5      8      5      2     10     30     39     23     17     10     52     60     40     29     37     31     34     29     21     43     40     66    118     78     44     74     70     62     38     89     91     96    107    103     60     68     57     40     18     89     47     36     10     25     12     57      2     41     22      7     13      1     21      1      5      5      0      4      1      3      0      2      5      0      0      0      0      0      0      0      0      0      0      0      0
      0      0      0      0      0      1      0      6      0      0     13      0      0      0      5      0      4      2      7      4      1      3      7      2      0      2     13     20     26     11     49     27      2     21     44     18     50     50     43     47     48     33     45     49     41     99     19     81     98     80     56     99     91     63     98    118     49     56    110    106     41    100     46     47     46     80     21     72     17     30     44     51     16      0     11     11      4     13     11      7      4      3      0      0      4      0      0      0      0      0      0      0      0      0      0      0      0      0      0      0
      0      0      0      0      0      0      0      0      0      0      0      0     14      1      0      3      2      0      6      0      3      9     11      7     11     13      7     12     13     19     48     38     38     38     35     34     29     30     64     57     36     60     53     43     89     82     85    100     77     83     78     54     20     64     86     95    131    135     69     49     62     29     90     22     94     25     22     28     48     20     22     12     24     16      1     21      2      1     28      7      0      2      0     15      0      0      0      0      0      0      0      0      0      0      0      0      0      0      0      0
      0      0      0      0      0      0      0      0      1      2     11      7      7      1      0     11      5     12      5      2     14      0      0      7      9     10      7      3     27     22     12     17     19     18     53     33     46     73     48     37     63     28    123     74     97     82     77     50     58    124     71     91     51     76     88    120     67     52    105     41     48    107     54     57     91     18     22      4     44     31     27     45     29     11     11     11      4     37      9      0      0     11      5      6      0      6      0      0      4      0      0      0      0      0      0      0      0      0      0      0
      0      0      0      0      0      4      0      2      0      0      4      7      1      2      1     18      8      5      2      4     17      2      0      5     29     17      9      3     14      9     13     28     15     24     31     38     52     57     46     90     50     40     38     73     94     71     99     46     61    126     84    153     69    129     60    104    102     35     55    130     84     37     55     82     51     29     42     36     46     22     31     14     29     13     19     10      2     10      2      0      0      0      0      5      2      0      4      0      0      0      0      0      0      0      0      0      0      0      0      0
      0      0      0      0      0      0      0      0      2      1      0      0      0      2      0      0     14      2      3      7     19      4     13      1     11      3      7      8     10     49     45     20     34     21     25     32     28     42     58     53     24     50     70     98     89     91     89     75     59     46    113     61     78    103     64     68     86     52     85     52     63     45     67     58     88     17     43     43     52     51     39     10      4     18      6      9     14     10      9      5      0      1     11      0      0      0      0      0      0      0      0      0      0      0      0      0      0      0      0      0
      0      0      0      1      0      0      0      0      5      3      0      0      1     12      1     23      4      0      0      7      7      8      5     35      5     11     10      8     15      5     14     36      6     32     23     34     47     34     84     76     53    134     57     57     84    106    109     52     88    105     98     68    138    111     64     51     56     79     64     61     77     19     79     38     72     76     43     41     62     21     26      8     19     16     20      7      8      6      0      6      0      0      0      0      0      0      0      0      0      0      2      0      0      0      0      0      0      0      0      0
      0      0      0      0      0      0      0      0      0      0      0      0      4      0      7      0      5      9      1      1      8     18      3     12      6      9     24      6      3     14     27     23     11     14     22     36     25     49     30     38     37     36     82     81     66    127     50     86     70     84     36    119     62     78    120     47    119    116     63     57     74    140     93     49     81     28     24     47     23     23     35     13     30     22     12      8     18      1      5      5      0      4      6      4      0      0      9      0      0      0      0      0      0      0      0      0      0      0      0      0
      0      0      0      0      0      0      0      0      0      8     17      0      0      7      0      2      2      3      1      1      5      2     13      3      4      9      7     10      7     18     30     12     29     30     26     60     38     50     78     93     46     75     54     58    116     60     86    129     88     55     89     61    117     69     58     83    112     82    102     64     71    118     52     79    115     42     39     58     30     47     24     20     14     16      2     21     14      4      6      2     10      4      0      0      0      0      0      0      0      0      0      0      0      0      3      0      0      0      0      0
      0      0      0      0      0      0      0      0      3      0      9      4      6      8      3      3      8     11      0      0      6      5      1      6      7     12      9     36     10     12     13     26     36     30     30     29     49     50     58     90     36     47     67     99     65     83    125     68     72    117    145    115     87    122     96     78     88     58     82    104     81     75     36     88     31     34     25     24     29     19     36     19      6     13      9     16     11      0      0      0     11      2      0      1      0      0      6      0      0      0      0      0      0      0      0      0      0      0      0      0
      0      0      0      0      0      0      0      0      7      0      6      0      0      4      0      8      3      6      0      4      8     10      8      6      5     12      7     14     15      7     22     37     50     59     11     27     20     73     51     49     44     59     61     64     74     58     43     73     81     97    182     59     54     97     94    120     59     85     51     39     68     46     83     52     68     27     53     56     29     28     14     23      6     16     10     14     18      9      0      3     15      0      0      0      1      0      0      0      0      0      0      0      0      0      0      0      0      0      0      0
      0      0      0      0      0      0      0      0     12      2      0      2      0      5      9      0      2      3      4      1      0     10     13      8      7     10      5     21     11     36     13     29     39     43     51     43     57     61     20     56     73    129     36     77     70     88     78     56     81    104    107     81     98    130    117     43    133     76     65     82     28     39     89     40     21     52     46     41     48     23     12     11      1     49      0     30      5      9     12     13      0      5      0      2      0      0      0      0      0      0      0      0      0      0      0      0      0      0      0      0
      0      0      0      0      0      0      0      0      0      0      0      0      8      3      0      0      0      4      0      7      7      4      4     10      1     21      4      8     42      3     12     34     47     47     46     16     31     36     62     56     60     47     84    104    125    110     56     42     65     89     70     78    119    126     84    103     69     42     60     78     64     40     53     26     64     35     43     30     24      7      8     20     14     30      5     13      0      2      8      5     12      8     10      0      0      1      0      0      0      0      0      0      0      0      0      0      0      0      0      0
      0      0      0      0      0      0      0      0      0      0      0      6      6      0      3      0      0     12      2      7      2      0      1      3     16      8     15     16     18     16      6     17     34     15     16     34     51     64     39     33     92     82     51     63     79     49     76     67     89    130     83     58     48    101     61     78     44     45     77    102     58     68     99    101     46     41     23     21     68     34     18     16      9     10      1      2     26      0     14      0     30      5      0      0      1      0      0      0      0      0      0      0      0      0      0      0      0      0      0      0
      0      0      0      0      0      0      0      6      0      7      1      0     15      0      1      0      1      7      0      8      1     11      0      4      7      5      9     20     13     28     14     28      8     34     41     33     53     24     19     49     65     29     95     76     71     59     84     47     25     58     76     66     87     54     89     76    109     49     56     52     97     33     62     88     88     60     64     13     37     27     45     65     21     14      8     10      8     11      0      3      0      4      9      0      9      0      0      0      0      7      0      0      0      0      0      0      0      0      0      0
      0      0      0      0      0      0      0      0      2      0      0      0      0      2      0      2      3      2      3      4      6      3      2      3     14      4     24      1     10     22     33     33     20     43     43     11     35     25     55     39     66     28     38     84     54     64     73     53    117     61    115    120    106     95    106     68     50     49     31    140     37     27     28     48     70     13     32     14     14      1      2      8     15     18     17     10      4     25      3      5      4      0      5      2      0      3      0      0      0      0      0      0      0      0      0      0      0      0      0      0
      0      0      0      0      0      0      0      0      0      3      0      3      0      0      2      3      3     13      0     10     16      0     11      2     14     10      6     25     15      7     33     16     19     12     30      6     32     11     29     30     50     82     82     40     47     46    115     78     75    121    124     65     72     50     70     31     73     31     71     25     30     68     19     39     48     11     89     36     13      4     11     35     27      2     10     14      3      3      7      2      0      0      0      2      0      0      0      1      0      0      0      0      0      0      0      0      0      0      0      0
      0      0      0      0      0      0      0      0      0      5      7      0      0      1      5      5      9     21      0      7     17      2      0     10     14     22     14      3      5     25     11     36     13      6     23     53     51     32     23     88     50     43     42     73     58     59     65     67     67     54     11    104     76     49     59     84     22     69     97     22     58     79     26     61     48     34     28     32     15     21      4      1      2     13     10     22      7      0      8     15     15      0      0      1     11      0      0      1      0      7      0      0      0      0      0      0      0      0      0      0
      0      0      0      0      0      0      0      0      4      2      0      1      0      0      0      2      0      1      0      3      7      1     14     19      0     10      2     25      1     11     22      3     17     45     14     45     19     26     35     27     40     61     95     54     84     27     52     59     52     95     91     48     32     58     42     45     61     63     37     33     73     34     17     26     24     24     11     30     47      6      1      7      5      1      2      6      1      3      0      0      0      1     11      1      0      0      0      1      0      0      0      0      0      0      0      0      0      0      0      0
      0      0      0      0      0      0      0      0      0      0      3      1      0      0      2      0      3      4      0      7      0     16      1     20     12      9     10      3     23     19     38      6     14     33     23     22     24     76     37     54     57     40     27     58     60     95     33     51     91     73     74     61     29     11     27    110     63     27    103     46    108     25     16     33     12     27     19     33     28     18     26     12      7      9      1      8      0      6      4      0     15      0      0      0      0      0      0      0      0      0      0      0      0      0      0      0      0      0      0      0
      0      0      0      0      0      0      0      0      0      0      0      0      5      0      0      0      0      0      0     28     11      9      2      0      4      6      6      7     22     17     14     19      0     18     12      7     41     30     19     14     14     23     27     39     46    120     44     67     37     26     26     65     59     64     22     69     88     68     63     38     16     52     39     21     53     23     28      7     25     18      7     23      7     21      0      3      5      3      6      2      1      0      3      0      0      0      0      0      0      0      0      0      0      0      0      0      0      0      0      0
      0      0      0      0      0      0      4      0      0      0      0      0      0      0      0      0      3      1      0      0      1      9      1      0      0      1     14     13      8     20     19     41     23     17     29     38     28     16     33     27     36     27     20     43     27     47     34     26     35     55     44     43     23     34     50     60     39     24     80     28     36     15     30     65      7     37     22     16     11      6     21     12      3     10      2      3      0      7      8      2     10      0      0      0      0      0      0      0      0      0      0      0      0      0      0      0      0      0      0      0
      0      0      0      0      0      0      3      0      0      0      6      2      0      2      0      0      0      0      0      1      0      5      2      1     11      4      5      9      9     10      3      3     11     10     25     12     22     22     25     49     40     36     26     58     65     28     38     30     47     26     58     26     52     24     67     90     59     47     38     45     18     48     11     36      8     23     15     21     10     21     15     22     10      1      8      0      0      0      0      0      0      0      0      0      0      0      0      0      0      0      0      0      0      0      0      0      0      0      0      0
      0      0      0      0      0      0      0      0      0      0      0      2      0      4      0      0      0      0      4      2      1      2      2      3      2     10      0     14      6     17     12      7     23     14     12     26     18     22     25      7     23     14     51     40     86     23     48     13      3     49     13     39     12     19     92     67     42     43     25     50     51     40     40     22     10     24     12     36      9     14      8     24     18      6     19      0      4      0     11      0      0      3      0      0      0      0      0      0      0      0      0      0      0      0      0      0      0      0      0      0
      0      0      0      0      0      0      0      0      0      0      0      0      0      3      3      7      2      0      3      0      0      0      0      0      3      9     18     10      5      4     14      2     24      4     15     25      6     14     36     22     30     25     27     45     17     36     27     66     42     81     33     48     33     61     32     59     23     25     20     20     19      5     35     27     11     60     20      0      0      9      6      5      0     12      6      2     16      0      0      0      0      0      4      0      0      2      0      0      0      0      0      0      0      0      0      0      0      0      0      0
      0      0      0      0      0      0      0      0      0      0      0      0      0      0      3      2      4      0      7      0      1      0      3      0      3     12      7      0      5      9      3      7     30      2      8     11     26      9     13     12     23     24     11     35     19     40     56     48     38     41     48     67     33     36     14      7     29     50     42     39      2     34     33     12     10      7      7     22     24      7      7      5      0      1      0      4      7      1      2      0      0      0      0      9      3      0      4      0      0      0      0      0      0      0      0      0      0      0      0      0
      0      0      0      0      0      0      0      0      0      0     14      0      0      0      0      0      0      0      0      5      4      0      3      1      1      8      3      1      4      0      3      8     25      8     34     19     11     13      4     21     11     28     21     23     19     59     14     31     24     46     57     13     50     17     26     68      6     31     56     23     10     28     10     13     25     11     17     15     10      9      2      9      7      0      0      2      2      2     10      0      0      1      0      0      0      0      0      0      0      0      0      2      0      0      0      0      0      0      0      0
      0      0      0      0      0      2      0      0      0      0      0      3      0      1      0      1      2      2      2      0     13      4      4      0     12     16     11     11     10      5     15     26     28      3      6     14     16      3     21     21     19     37     30     39     27     31     29     33     27     18     31      7     30     31     39      8      9     45     48     30     22     19     12      2      6     11     15     11     10      8      4     10      3      3      0      0      0      0      0      1      0      7      0      0      0      0      0      0      0      0      0      0      0      0      0      0      0      0      0      0
      0      0      0      0      0      0      0      0      0      2      0      0      5      0      1      0      3      3      0      0      0      2      3      3      4      0      2      0     19      4     10      0      3      8     36     18     11     11      7      6     10     25     20     19      5     20     16     28     43     42     49     27     10     40     13     11      8     19      8     33     13     13     29     23     11     19     10     43      9     10      3      7      8      1      6      1      0      0      0      0      0      0      2      0      0      0      0      0      0      0      0      0      0      0      0      0      0      0      0      0
      0      0      0      0      0      0      0      0      0      0      0      0      0      0      0      0      3      0      0      3      0      9      0      0     10      1      0     13     17      2      9      3     12     14      2      0     11     15     21     13     16     15     17     29      8     14     48     42     11      3     10      4     20     18     17     14     45     36     31      5     29     26     14      1     13     25      9      0      7      0      3      1      5      0      0      0      4      3      0      0      0      0      0      0      0      0      0      0      0      0      0      0      0      0      0      0      0      0      0      0
      0      0      0      0      0      0      0      0      2      0      4      0      0      0      4      0      1      0      0      0      4      1      5      3      1      0      0      5      0      0     17      1     10      9     10     11      0      0      9     18     26     21     19     18     26     18     17     13     32     35      8     30     11      4     49     33     12     34     17     15     11      4     11     14      5      5     18      2      0     11      5      0      0      2      6     11      0      4      0      0      5      0      0      0      0      0      0      0      0      0      0      0      0      0      0      0      0      0      0      0
      0      0      0      0      0      0      0      0      0      0     11      0      0      2      0      0      0      0      0      3      8      3      0      1      0      0      0      0      1      4      2      9      8      1      6      4      1     23      7      5      5      3     20     16     16      5      0      0     19     10      7     21     10      9     21      6     14      8      6     24      9      4      0     26      2      0      7      6      3      0      4      0      1      7      3      1      0      2      6      0      0      0      0      0      0      0      0      0      0      0      3      0      0      0      0      0      0      0      0      0
      0      0      0      0      0      0      1      0      2      1      0      0      0      0      0      0      0      0      0      0      0      5      0      9      7      0     13      0      0      0      0      1     14      3      3      5      6      1      4     14      3     11      9      8      9     11      6     24     25     17     12     22      8      5     30     26      5     12      5     11      7      5      0      6      0      5     16      1      2      6      0     16      0      0      3      5      5      3      0      0      0      0      0      0      0      0      0      0      0      0      0      0      0      0      0      0      0      0      0      0
      0      0      0      0      0      0      0      0      0      0      0      0      0      0      0      0      0      0      0      8      0      0      0      0      3      0      0      0     10      0      0      5      0      8      0      0      2      6     15     12      1     17     20     10     10     12      2     18     13     11      3     22     14      8      0     17     14     21      3      9      5      8      8     20      0      4     10      2      4     11      0      0      0      1      1      1      0      0      0      0      0      0      0      0      0      0      0      0      0      0      0      0      0      0      0      0      0      0      0      0
      0      0      0      0      0      0      0      0      0      0      0      0      0      0      1      0      6      0      1      0      0      0      0      2      0      0      0      1      1      0      0      0      4      0      0     19      0      2      2     10      2      8      4     14      7      3      3      9      1      8     20     10     11     12      0     12     24     12      4      0      6      7      2      0      0      3      0      0      1      4      0      0      0      0      4      0      0      0      0      0      0      0      0      4      0      0      0      0      0      0      0      0      0      0      0      0      0      0      0      0
      0      0      0      0      0      0      0      0      0      0      0      0      1      0      0      0      2      0      0      0      0      2      0      0      0      0      0      3      8      5      0     12      4      0      0      2      3     19     13      4      9      1     18      5      0      2      1      9      5     13      8      2      1     22     17      3     16      5      1      3      5      7      1      3      0      4      0      1      5      6      1     15      2      0      0      0      0      0      0      0      0      1      0      0      0      0      0      0      0      0      0      0      0      0      0      0      0      0      0      0
      0      0      0      0      0      0      0      0      0      0      0      0      0      0      0      0      0      0      0      0      0      2      0      0      6      1      0      0      0      3      0      8      3      5     13      0     14      1      0      0      2      3      4      3      1      4      7      1     10      4      4      3     24      2      0      1      0     28      0      1      5      0      6      5      0      6      0      0      0      1      8      1      0      0      0      4      0      0      0      0      2      0      0      0      0      0      0      0      0      0      0      0      0      0      0      0      0      0      0      0
      0      0      0      0      0      0      0      0      0      0      0      0      0      0      0      0      0      2      0      0      0      0      2      1      0      0      4      0      4      1      0      0      0      0      5      3      3      3      6      8     12      8      0      1      0      4      4     14     13      5     10     10      0      6      2      0      0      4      1      0      3      0      0      0     19      0      0      5      9      0      9      7      1      0      6      0      0      0      0      0      0      0      0     11      0      3      0      0      0      0      0      0      0      0      0      0      0      0      0      0
      0      0      0      0      0      0      0      0      0      0      0      0      0      0      0      0      0      0      0      0      1      0      0      0      0      3      1      0      0     19      5      1      2      3      4      1      1      6      0      3      6      0      4      0      0      0      7      0      4      6      5      2      3      0      2      8      5      0      3     10      0      0      5      6      8      0      0      0      3      0      0      0      0      3      0      0      0      0      0      0      0      0      0      0      0      0      0      0      0      0      0      0      0      0      0      0      0      0      0      0
      0      0      0      0      0      0      0      0      0      0      0      0      0      0      0      0      0      0      0      0      0      3      0      0      0      0      0      0      0      0      3      2      0      0      0      3      0      1      0      0      2      0      3      2      0      1      1      4      1      6      0      0     11      2      0      0      0      0      9      6      0      1     14      6      0      0      8      0      0      5      0      0      1      0      0      0      0      0      0      0      0      0      0      0      0      0      0      0      0      0      0      0      0      0      0      0      0      0      0      0
      0      0      0      0      0      0      0      0      0      0      0      0      0      0      0      0      0      0      0      0      0      0      0      0      0      0      1      0      0      0      0      0      0      0      0      1      0      0      4      6      0      3      4      6     10      1      1      3      5     12      7      0      0      0      4     10      8      1      7      0      0      0      0     12      0      0      0      0      0      0      0      1      0      0      0      0      0      0      0      0      0      0      0      0      0      0      0      0      0      0      0      0      0      0      0      0      0      0      0      0
      0      0      0      0      0      0      0      0      0      0      0      0      0      0      0      0      0      0      0      0      0      0      1      0      0      0      0      0      0      0      0      6      0      0      0      0      0      6      2      0      2      0     14      0      0      0      0      8      0      0      0      1      0      0      0      0      3      0      7      0      0      0      0      0      0      0      0      0      0     11      0      1      0      0      0      0      0      0      0      0      0      0      0      0      0      0      0      0      0      0      0      0      0      0      0      0      0      0      0      0
      0      0      0      0      0      0      0      0      0      0      0      0      0      0      0      0      0      0      0      0      0      0      0      0      8      0      0      0      0      5      0      0      0      3      0      0      0      0      0      0      0      0      0      0      4      0      0      3      7      5      8      0      2     10      0      7      0      5     13      0      0      0      0      5      0      0      0      0      0      0      0      0      0      0      0      0      0      0      0      0      0      0      0      0      0      0      0      0      0      0      0      0      0      0      0      0      0      0      0      0
      0      0      0      0      0      0      0      0      0      0      0      0      0      0      1      0      0      0      0      0      0      0      0      0      0      0      0      0      0      0      0      0      0      0      2      0      0      0      0      0      0      1      5      1      7      2      0      2      0      1      2      0      0      0      2      0      0      0      0      1      1      0      0      0      0      0      1      0      9      0      0      0      0      0      0      0      0      0      0      0      0      0      0      0      0      0      0      0      0      0      0      0      0      0      0      0      0      0      0      0
      0      0      0      0      0      0      0      0      0      0      0      0      0      0      0      0      0      0      0      0      0      0      0      0      0      0      0      0      0      0      0      0      0      0      0      0      0      0      0      1     10      0      0      2      9      0      0      0      0      0      0      0      0      2      0      0      0      0      0      0     10      9      0      0      8      0      0      0      0      0      0      0      0      0      0      0      0      0      0      0      0      0      0      0      0      0      0      0      0      0      0      0      0      0      0      0      0      0      0      0
      0      0      0      0      0      0      0      0      0      0      0      0      0      0      0      0      0      0      0      0      0      0      0      0      0      0      0      2      0      0      0      0      0      0      0      2      0      2      0      0      0      0      2      0      0      0      0      1      0      0      0      0      0      0      0      7      0      6      0      0      0      2      0      0      0      0      0      0      0      0      0      0      2      0      0      0      0      0      0      0      0      0      0      0      0      0      0      0      0      0      0      0      0      0      0      0      0      0      0      0
      0      0      0      0      0      0      0      0      0      0      0      0      0      0      0      0      0      0      0      0      0      0      0      0      0      0      0      0      0      0      0      0      0      4      0      0      0      0      1      0      0      0      0      2      0      0      0      0      0      0      0      0      0      3      0      0      0      0      0      0      2      0      0      0      3      0      0      0      0      0      0      0      0      0      0      0      0      0      0      0      0      0      0      0      0      0      0      0      0      0      0      0      0      0      0      0      0      0      0      0
      0      0      0      0      0      0      0      0      0      0      0      0      0      0      0      0      0      0      0      5      0      0      0      0      0      0      3      0      1      3      0      0      0      0      0      0      5      1      0      0      0      0      0      0      0      0      0      0      0      4      0      0      0      0      0      0      2      0      0      3      0      0      0      0      0      0      0      0      0      0      0      0      0      0      0      0      0      0      0      0      0      0      0      0      0      0      0      0      0      0      0      0      0      0      0      0      0      0      0      0
      0      0      0      0      0      0      0      0      0      0      0      0      0      0      0      0      0      0      0      0      0      0      0      0      0      0      1      0      0      0      0      0      2      0      0      0      0      0      5      0      0      0      0      0      1      0      0      4      0      0      0      0      0      0      0     11      0      0      0      0      0      0      0      3      0      0      0      0      0      0      0      0      0      0      0      0      0      0      0      0      0      0      0      0      0      0      0      0      0      0      0      0      0      0      0      0      0      0      0      0
      0      0      0      0      0      0      0      0      0      0      0      0      0      0      0      0      0      0      0      0      0      1      0      0      0      0      0      0      0      0      0      0      0      0      2      0      0      0      0      0      0      0      0      0      0      4      0      0      0      0      0      0      0      0      1      0      0      0      0      0      0      0      0      0      0      0      0      0      0      0      0      0      0      0      0      0      0      0      0      0      0      0      0      0      0      0      0      0      0      0      0      0      0      0      0      0      0      0      0      0
      0      0      0      0      0      0      0      0      0      0      0      0      0      0      0      0      0      0      0      0      0      0      0      1      0      0      0      0      0      0      0      0      0      0      0      0      0      5      0      0      0      0      0      0      0      0      0      0      4      1      0      0      0      0     14      0      0      0      0      0      0      0      1      0      0      0      0      0      0      0      7      2      0      0      0      0      0      0      0      0      0      0      0      0      0      0      0      0      0      0      0      0      0      0      0      0      0      0      0      0
      0      0      0      0      0      0      0      0      0      0      0      0      0      0      0      0      0      0      0      0      0      0      0      0      0      0      0      0      0      0      0      0      0      0      0      0      0      0      0      0      0      0      7      0      0      0      0      0      0      0      0      0      0      0      2      0      0      0      0      0      1      0      0      0      0      0      0      0      0      0      0      0      0      0      0      0      0      0      0      0      0      0      0      0      0      0      0      0      0      0      0      0      0      0      0      0      0      0      0      0
      0      0      0      0      0      0      0      0      0      0      0      0      0      0      0      0      0      0      0      0      0      0      0      0      0      0      0      0      0      0      0      2      0      0      0      0      0      0      0      0      2      0      0      0      0      5      0      0      0      0      0      0      0      0      0      0      0      0      0      0      0      0      0      0      0      0      0      0      0      0      0      0      0      0      0      0      0      0      0      0      0      0      0      0      0      0      0      0      0      0      0      0      0      0      0      0      0      0      0      0
      0      0      0      0      0      0      0      0      0      0      0      0      0      0      0      0      0      0      0      0      0      0      0      0      0      0      0      0      0      0      0      0      0      0      0      0      0      0      0      0      0      0      0      0      0      0      0      0      0      0      0      0      0      0      0      0      0      0      0      0      0      4      0      0      0      0      0      0      0      0      0      0      0      0      0      0      0      0      0      0      0      0      0      0      0      0      0      0      0      0      0      0      0      0      0      0      0      0      0      0
      0      0      0      0      0      0      0      0      0      0      0      0      0      0      0      0      0      0      0      0      0      0      0      0      0      0      0      0      0      0      0      0      0      0      0      0      0      0      0      0      0      0      0      0      0      0      0      0      0      6      0      0      4      0      0      0      0      0      0      0      0      0      0      0      0      0      0      0      0      0      0      0      0      0      0      0      0      0      0      0      0      0      0      0      0      0      0      0      0      0      0      0      0      0      0      0      0      0      0      0
      0      0      0      0      0      0      0      0      0      0      0      0      0      0      0      0      0      0      0      0      0      0      0      0      0      0      0      0      0      0      0      0      0      0      0      0      0      0      0      0      0      5      0      0      0      0      0      0      0      0      0      0      0      0      0      0      0      0      0      6      0      0      0      0      0      0      0      0      0      0      0      0      0      0      0      0      0      0      0      0      0      0      0      0      0      0      0      0      0      0      0      0      0      0      0      0      0      0      0      0
      0      0      0      0      0      0      0      0      0      0      0      0      0      0      0      0      0      0      0      0      0      0      0      0      0      0      0      0      0      0      0      0      0      0      0      0      0      0      0      0      0      0      0      0      0      0      0      0      0      0      0      0      0      0      0      0      0      0      0      0      0      0      0      0      0      0      0      0      0      0      0      0      0      0      0      0      0      0      0      0      0      0      0      0      0      0      0      0      0      0      0      0      0      0      0      0      0      0      0      0
      0      0      0      0      0      0      0      0      0      0      0      0      0      0      0      0      0      0      0      0      0      0      0      0      0      0      0      0      0      0      0      0      0      0      0      0      0      0      0      0      0      0      0      0      0      0      0      0      0      0      0      0      0      0      0      0      0      0      0      0      0      0      0      0      0      0      0      0      0      0      0      0      0      0      0      0      0      0      0      0      0      0      0      0      0      0      0      0      0      0      0      0      0      0      0      0      0      0      0      0
      0      0      0      0      0      0      0      0      0      0      0      0      0      0      0      0      0      0      0      0      0      0      0      0      0      0      0      0      0      0      0      0      0      0      0      0      0      0      0      0      0      0      0      0      0      0      0      0      0      0      0      0      0      0      0      0      0      0      0      0      0      0      0      0      0      0      0      0      0      0      0      0      0      0      0      0      0      0      0      0      0      0      0      0      0      0      0      0      0      0      0      0      0      0      0      0      0      0      0      0
