\ 
\ Covariance Function Histogram Table
\ 
\ X Parameter: Stellar Surface Gravity
\ X Abbrev   : logg*
\ X Units    : cgs
\ X Items    : 100         
\ 
\ Y Parameter: Time of Periastron
\ Y Abbrev   : TP
\ Y Units    : BJD
\ Y Items    : 99          
\ 
|col000|col001|col002|col003|col004|col005|col006|col007|col008|col009|col010|col011|col012|col013|col014|col015|col016|col017|col018|col019|col020|col021|col022|col023|col024|col025|col026|col027|col028|col029|col030|col031|col032|col033|col034|col035|col036|col037|col038|col039|col040|col041|col042|col043|col044|col045|col046|col047|col048|col049|col050|col051|col052|col053|col054|col055|col056|col057|col058|col059|col060|col061|col062|col063|col064|col065|col066|col067|col068|col069|col070|col071|col072|col073|col074|col075|col076|col077|col078|col079|col080|col081|col082|col083|col084|col085|col086|col087|col088|col089|col090|col091|col092|col093|col094|col095|col096|col097|col098|
|int   |int   |int   |int   |int   |int   |int   |int   |int   |int   |int   |int   |int   |int   |int   |int   |int   |int   |int   |int   |int   |int   |int   |int   |int   |int   |int   |int   |int   |int   |int   |int   |int   |int   |int   |int   |int   |int   |int   |int   |int   |int   |int   |int   |int   |int   |int   |int   |int   |int   |int   |int   |int   |int   |int   |int   |int   |int   |int   |int   |int   |int   |int   |int   |int   |int   |int   |int   |int   |int   |int   |int   |int   |int   |int   |int   |int   |int   |int   |int   |int   |int   |int   |int   |int   |int   |int   |int   |int   |int   |int   |int   |int   |int   |int   |int   |int   |int   |int   |
      0      0      0      0      0      0      0      0      0      0      0      0      0      0      0      0      0      0      0      0      0      0      0      0      0      0      0      0      0      0      0      0      0      0      0      0      0      0      0      0      0      0      0      0      0      0      0      0      0      0      0      0      0      0      0      0      0      0      0      0      0      0      0      0      0      0      0      0      0      0      0      0      0      0      0      0      0      0      0      0      0      0      0      0      0      0      0      0      0      0      0      0      0      0      0      0      0      0      0
      0      0      0      0      0      0      0      0      0      0      0      0      0      0      0      0      0      0      0      0      0      0      0      0      0      0      0      0      0      0      0      0      0      0      0      0      0      0      0      0      0      0      0      0      0      0      0      0      0      0      0      0      0      0      0      0      0      0      0      0      0      0      0      0      0      0      0      0      0      0      0      0      0      0      0      0      0      0      0      0      0      0      0      0      0      0      0      0      0      0      0      0      0      0      0      0      0      0      0
      0      0      0      0      0      0      0      0      0      0      0      0      0      0      0      0      0      0      0      0      0      0      0      0      0      0      0      0      0      0      0      0      0      0      0      0      0      0      0      0      0      0      0      0      0      3      0      0      0      0      0      0      0      0      0      0      0      0      0      0      0      0      0      0      0      0      0      0      0      0      0      0      0      3      0      0      0      0      0      0      0      0      0      0      0      0      0      0      0      0      0      0      0      0      0      0      0      0      0
      0      0      0      0      0      0      0      0      0      0      0      0      0      0      0      0      0      0      0      0      0      0      0      0      0      0      0      0      0      0      0      0      0      0      0      0      0      0      0      0      0      0      0      0      0      0      0      0      0      0      0      0      0      0      0      0      0      0      0      0      0      0      0      0      0      0      0      0      0      0      0      0      0      0      0      0      0      0      0      0      0      0      0      0      0      0      0      0      0      0      0      0      0      0      0      0      0      0      0
      0      0      0      0      0      0      0      0      0      0      0      0      0      0      0      0      0      0      0      0      0      0      0      0      0      0      0      0      0      0      0      0      0      0      0      0      0      0      0      0      0      0      0      0      0      2      0      0      0      0      0      0      0      0      0      0      0      0      0      0      0      0      0      0      0      0      0      0      0      0      0      0      0      0      0      0      0      0      0      0      0      0      0      0      0      0      0      0      0      0      0      0      0      0      0      0      0      0      0
      0      0      0      0      0      0      0      0      0      0      0      0      0      0      0      0      0      0      0      0      0      0      0      0      0      0      0      0      0      0      0      0      0      0      0      0      0      0      0      0      0      0      0      0      0      0      0      0      0      0      0      0      0      0      0      0      0      0      0      0      0      0      0      0      0      0      0      0      0      0      0      0      0      0      0      0      0      0      0      0      0      0      0      0      0      0      0      0      0      0      0      0      0      0      0      0      0      0      0
      0      0      0      0      0      0      0      0      0      0      0      0      0      0      0      0      0      0      0      0      0      0      0      0      0      0      0      0      0      0      0      0      0      0      0      0      0      0      0      0      0      0      0      0      0      0      0      0      0      0      0      0      0      0      0      0      0      0      0      0      0      0      0      0      0      2      0      0      0      0      0      0      1      0      0      0      0      0      0      0      0      0      0      0      0      0      0      0      0      0      0      0      0      0      0      0      0      0      0
      0      0      0      0      0      0      0      0      0      0      0      0      0      0      0      0      0      0      0      0      0      0      0      0      0      0      0      0      0      0      0      0      0      0      0      0      0      0      0      0      0      0      0      0      0      0      7      0      0      0      0      0      0      0      0      0      0      0      0      0      0      0      0      0      0      0      0      0      0      0      0      0      0      0      0      0      0      0      0      0      0      0      0      0      0      0      0      0      0      0      0      0      0      0      0      0      0      0      0
      0      0      0      0      0      0      0      0      0      0      0      0      0      0      0      0      0      0      0      0      0      0      0      0      0      0      0      0      0      0      0      0      0      0      0      0      0      0      0      0      0      0      0      0      0      0      0      0      0      0      0      0      0      0      0      0      0      0      0      0      0      0      0      0      0      0      0      0      0      0      0      0      0      0      0      0      0      0      0      0      0      0      0      0      0      0      0      0      0      0      0      0      0      0      0      0      0      0      0
      0      0      0      0      0      0      0      0      0      0      0      0      0      0      0      0      0      0      0      0      0      0      0      0      0      0      0      0      0      0      0      0      0      0      0      0      0      0      0      0      0      0      0      0      0      0      0      5      0      0      0      0      0      0      0      0      0      0      4      0      0      0      0      0      0      0      0      0      0      0      0      0      0      0      0      0      0      0      0      0      0      6      0      0      0      0      0      0      0      0      0      0      0      0      0      0      0      0      0
      0      0      0      0      0      0      0      0      0      0      0      0      0      0      0      0      0      0      0      0      0      0      0      0      0      0      0      0      0      0      0      0      0      0      0      0      0      0      0      0      0      0      0      0      0      0      0      0      0      0      0      8      0      0      0      0      0      0      0      0      0      0      0      0      0      3      0      0      3      0      0      0      0      0      0      0      0      0      0      0      0      0      0      0      0      0      0      0      0      0      0      0      0      0      0      0      0      0      0
      0      0      0      0      0      0      0      0      0      0      0      0      0      0      0      0      0      0      0      0      0      0      0      0      0      0      0      0      2      0      0      0      0      0      0      0      0      0      0      0      0      0      3      4      0      0      0      0      0      0      0      0      0      2      2      0      1      2      0      1      0      6      0      0      0      0      0      0      0      0      0      0      0      0      0      0      0      0      0      0      0      0      0      0      0      0      0      0      0      0      0      0      0      0      0      0      0      0      0
      0      0      0      0      0      0      0      0      0      0      0      0      0      0      0      0      0      0      0      0      0      0      0      0      0      0      0      0      0      0      0      0      0      0      0      5      0      0      0      0      0      0      0      1      0      0      0      2      0      1      0      0      0      0      0      0      1      1      0      0      0      0      0      1      0      0      0      0      0      0      0      0      4      0      0      0      0      0      0      0      0      0      0      0      0      0      0      0      0      0      0      0      0      0      0      0      0      0      0
      0      0      0      0      0      0      0      0      0      0      0      0      0      0      0      0      0      0      0      0      0      0      0      0      0      0      0      0      0      0      0      0      0      0      0      5      0      0      0      4      1      0      3      0      0      2      0      2      0      0      3      1      1      5      9      0      0     15      0      0      0      0      0      3      9      0      0      0      0      0      0      0      0      0      0      6      0      0      0      0      0      0      0      0      0      0      0      0      0      0      0      0      0      0      0      0      0      0      0
      0      0      0      0      0      0      0      0      0      0      0      0      0      0      0      0      0      0      0      0      0      0      0      1      0      0      0      0      0      4      0      0      0      0      0      0      0      4      0      0      0      0      7      0      0      0      0      0      0      0      0      5      0      0      0      0      0      0      2      4      0      4      0      0     15      0      6      0      0      0      0      0      1      0      3      1      0      0      0      2      0      0      0      0      0      0      0      0      0      0      0      0      0      0      0      0      0      0      0
      0      0      0      0      0      0      0      0      0      0      0      0      0      0      0      0      0      0      0      0      0      0      0      0      3      0      0      0      0      0      0      1      0      2      0      3      0      2      0      0      0      0      0      0      0      3      1      0      1      2      0     11      0      1      0      1      3      0      7      0      1      0      0      0      0      0      0      0      0      0      1      0      0      0      0      0      0      0      0      0      0      0      0      0      0      0      0      0      0      0      0      0      0      0      0      0      0      0      0
      0      0      0      0      0      0      0      0      0      0      0      0      0      0      0      0      0      0      0      0      0      0      0      1      0      0      0      0      0      0      0      7      2      0      0      0      7      6      0      1      8      2      2      6      5      1      2      1      0      0      5      0      0      5      0      1      0      2      0      0     10      0      2      0      0      1      0      0      1      0      3      0      0      0      0      1      0      3      0      0      0      0      0      0      0      0      0      0      0      0      0      0      0      0      0      0      0      0      0
      0      0      0      0      0      0      0      0      0      0      0      0      0      0      0      0      0      0      3      0      0      2      0      0      0      0      0      0      0      0      8      0      0      0      1      0      0      1      3      5      0      1      0      0      0      3      1      0      0      6     11      4      0      4      0      0     23     17      0      0      1      1      4      1      0      0      0      2      0      8      0      2      0      0      0      0      0      0      0      0      2      0      0      0      0      0      0      0      0      0      0      0      0      0      0      0      0      0      0
      0      0      0      0      0      0      0      0      0      0      0      0      0      0      0      0      0      0      0      0      0      0      0      0      0      0      0      0      0      0      0      0      0      0     12      0      2      0      2      0      1      2      0      0      0      0     15      8      3      5      0      1      1      0      8      5      0      4      0      2      0      0      3      0      0      0      0      1      0      0      0      0      0      0      0      0      0      0      0      0      0      0      0      0      0      0      0      0      0      0      0      0      0      0      0      0      0      0      0
      0      0      0      0      0      0      0      0      0      0      0      0      0      0      0      0      1      0      0      0      0      0      0      0      0      0      2      1     15      0      0      0      3      2      0      0      2      2      0      3      5      0      7      0      1      7      4      2      4      0      7      0      5      4      5      9      1      5     16      8     13      1      0      0      2      1      4      7      2     14      4      0      3      0      0      0      0      0      0      0      0      0      0      0      0      0      0      0      0      0      0      0      0      0      0      0      0      0      0
      0      0      0      0      2      0      0      0      0      0      0      0      0      0      0      0      0      4      0      0      0      0      0      0      0      0      0      0      0      0      0      0      0      9      0      3      6     14      3      3      2     13      5     13      5      9      5      2     10      2      1     11      6      2      8      2      2      6      6      6      1      0      6      1      0     11      0      1      0      0      7      0      0      0      0      4      1      0      0      0      0      0      1      0      0      0      0      0      0      0      0      0      0      0      0      0      0      0      0
      6      0      0      0      0      0     11      0      0      0      0      0      0      0      0      0      0      0      0     10      3      0      2      0      5      0      0      1      0      5      0      0      0      0      0      3      5      0      1      7      3     28      0      5     11      2      4      1      7     11      5     13      6      1     34      7     12      7      8      1      0      0      0      2      5      6      0      2      8      2      0      2      0      2      0      0      0      0      1      4      0      0      0      0      0      0      0      0      0      0      0      0      0      0      0      0      0      0      0
      0      0      2      0      0      0      0      5      0      0      0      0      0      0      0      0      0      0      0      0      0      0      0      0      0      0      2      0      0      1      2      0      4      2      0      0      4      1      6     17      3     12      0     17      0     26     31     17      7      7      2      4      8      7      5     10     10      4      0     13      9     17      8      4     15      6      5      0      1      1      0      0      4      2      4      0      0      2      0      2      0      0      0      2      0      0      0      0      0      0      0      0      1      0      0      0      0      0      0
      0      0      0      0      0      0      0      0      0      0      0      0      0      0      0      1      0      4      0      0      0      0      8      0      5      2      0      0      1      0      1      1     19      3      5      0      0      7      9      5     10     11     13      3     28      6      0     18     12      9      0      0     16     14     21      6     15     12     13      5      8     34      0      0     11      5      0      0      2      0     10      0      0      0      4      7      0      3      0      0      0      0      0      0      0      0      0      0      0      0      0      0      0      0      0      0      0      0      0
      0      0      0      0      0      0      0      0      0      0      0      0      0      0      0      0      0      4      6      0      0      0      0      1      1      1      0      9      0      4      3      1      0      2      0      4      3     11      5     13      6      4      6      4      9     10     20      7      7     21     13      7     20      4     26      5      4     23     21     16      5     11     23      6      3      4     13      1      5      3      0      0      3      5      0      3      0      0      0      0      0      0      0      0      0      0      0      0      0      0      0      0      0      0      0      0      0      0      0
      0      0      0      0      0      2      3      0      0      0      0      0      0      0      0      0      0      0      5      0      0      2      0      0      0     14     11      3      6      7      2      4      0      1      0      5      3      4      0     17      5      2      8     15     14      7      7     10     14     27      4     17     23      6     21     12     10     11      3      8     22      1     16      2     14      3      3      4      0      7      7      0      0      1      3      0      4      0      0      0      0      0      0      0      0      0      0      0      0      0      0      0      0      0      0      0      0      0      0
      0      0      0      0      0      0      0      0      3      0      0      0      0      3      0      0      0      0      0      0      0      5      0      0      9      0      5      5      0      2      0      0      3      0     22      7     13      4     16     18      5     18     20      7     13      7      9      6      9     18     12      9     11     19     11      4     33     19      0      6      0     14      8     10      2      6      5     32      2      3      0     12      1      0      5      0      5      3      0      7      0      5      0      0      0      4      0      0      0      0      0      0      0      0      0      0      0      0      0
      0      0      0      0      2      0      0      0      0      0      0      0      7      0      0      2      0      0      0      2      0      0      0      4      1      1      6      8      6      1      6      0     16      3      8     13      5     16      8     16      7     17     35      7     16      9     15     17     15     42     18      9     19      8     17      6      4      2     36      2     22     13     15     26     21     14      5      9      0      2      3      2      2      0      5      1      0      2      0      0      0      0      0      4      0      0      0      1      0      0      0      0      0      0      0      0      0      0      0
      0      0      0      0      0      0      0      0      0      0      0      0      0      0      0      0      0      5      3      0      0      0      0      7      5      1      4      8      4      2      0     23      4     10      3      0      2      7      5      9      4     28     14     12      2      4     21     15     25     22     28     28     11     22      9     27     18     32     35     17      4     20     19     16      3      4      3     34     19      6      9      1      1      9      0      4      0      1      0      0     10      1      0      0      0      0      0      0      0      0      0      0      0      0      0      0      0      0      0
      0      0      0      0      0      0      0      0      0     15      0      0      0      1      6      0      0      0      0      0      0      0      3      0      2      2      3      1      6      3     17     20     16      2     20     15      2      1      1     15      2     19     24     23     10      8     13     27     14     31     24      6     33     50     35     20     12     10     14     17     17     21     49      9     17     13      8      4      5      4      3      5      4      4      0     20      0      0      0      0      0      4      0      0      0      3      0      0      0      0      0      0      0      0      0      0      0      0      0
      0      0      0      0      1      0      0      0      0      0      5      0      0      0      0      0      3      0      0      0      0      3      9      6     28      1      2      0      2      7      5      5     12      3     10     26      8     18     17      6     39     38     14     15      9     14     18     20     36     22     35     66     19     47     48     36     19     24      9     14     14     17      8     28      6     24     26     32     15      2      2     10      8     14      6      5      0      0      0      1      0      4      0      0      0      0      0      0      0      0      0      0      0      0      0      0      2      7      0
      0      0      0      0      0      0      1      0      0      0      0      0      0      0      0      0     21      0      0      0      0      4      0      5      7      0      0      0      1      7     10      0      6     24      9      6     23      9     24     37     23     11     32     11     30     30     56     19     44     14     17     19     25     39     14     31      9     13     43      5     22     18     28     33     49     10      9     23      8      3     13     10      3      0      0      0      3      1      8      8      0      0      0      0      4      0      0      0      2      0      0      0      2      0      0      0      0      0      0
      0      0      0      0      0      0      0      0      0      0      2      0      0      0      0      0      0      1      3      4      5      5     11      3      1      0      0      0     13      4      8      8      0      3      9     13     11      6     14     19     30     16     11     23     65     19     35     29     42      8     29     19     41     41     39     56     68     11     42     12     41      5      7     26     26     18      9      3     10      6      5      6      0      9      2      5     11      1      1      0      0      0      1      0      0      0      0      0      4      0      0      0      0      0      0      0      1      0      0
      0      0      0      0      0      0      2      0      0      0      0      2      0      0      0      0      0      0      0      0      2      3      5      0      6      1      9      0      6      8     14      7      4     18      4     20      4     30     21     55     56     31     27     22     38     21     23     44     36     35     99     50     42      9     54     43     48     15     21     25     28     46     27     27      9     30      0     19     16      1     17      4      1      3     10     12      9      1      2      0      0      0      0      9      4      0      0      0      0      0      0      0      0      0      0      0      0      0      0
      0      0      0      0      0      0      0      0      0      0      0      0      0     12      0      0      0      6      1      8      0      0      2      5      0      3     27     11      4      2      1     14     30     19     25     22     15     21     47     29     29     19     33     30     42     36     35     31     13     76     55     59     29     48     29     17     15     65     54     31     33     18     28     27     33      8      6     16     17     10     19      2      0     11     12      3      4     16      0      5      1      0      1      0      0      1      0      0      2      0      0      0      0      0      0      0      0      0      0
      0      0      0      0      2      0      0      0      0      0      0     11      0      0      0      0      0      7      3      0      6      3     12      0      2      0      9      9      7      9      6      8     13     20     30     44     37     25     31     30     32     37     42     48     42     34     47     54     67     34     24     30     78     51     70     60     32     52     58     54     39     59     34      6      6     30     14     10      5     10     20      8     13      0      2      2      4      1     15      2      0      0      8      0      0      0      2      0      8      0      5      0      0      5      0      0      0      0      0
      0      0      2      0      0      0      0      0      0      0      4      3      0      2      0      0      1      0      0      0      0      1      2      3      6     25      5      1     12      5     21     21     41     13     43     15     25     50     25     17     48     25     56     63     48     39     66     40     76     63     67     60     44     88     36     60     59     60     17     60     27     23     26     20     22     41     25     10     34     16     12     22     10     13      0     10      6      2      3      0      8      4      0      0      0      4      0      0      0      0      0      0      0      0      0      0      0      0      0
      0      0      0      0      0      0      0      0      0      0      0      0      5      0      1      1      1      0     11      4      4     15      0      0      7      1     15     13      6     10     13      3      6      3     20      5     34     27     27     16     34     29     17     35     70     37     62     43     12     44     57     70     32     50     74     35     56     75     51     89     30     30     18     53      6     22     24      9     27      8     17     18     10      2      7     10      0      2      0      8      0     24      0      1      0      0      0      0      1      0      0      0      0      0      0      0      0      0      0
      0      0      0      0      5      0      0      0      1      1      0      0      0      5      5      3      0      9      0      3      6      0      3     21     14      5     17     24     27     21      7     21     16     14     30     23     29     43     30     39     28     24     45     36     33     30     58     45     74     58     70     59     48     87     43     94     35     51     84     56     68     17     81     31     64     48     37     21     26     15     17     17     11      6     15     19      0      1      0      3      0      0      0      0      0      0      1      0      0      0      0      0      0      0      0      0      1      3      0
      0      0      0      1      0      0      0      1      0     10      4      0      0     12      4      2      0      0      0      1      0      0      1      0      6      5     17      4     23     14      8     17     33     57     26     24     22     42     24     23     69     94     34     43     87     90     62     45     55     66     18     36     34     53     48     81     16     31     31      9     54     30     58     43     34     33     29     17      3     25     48     11     29     22      5      5      0      2      0      0      0      0      0      0      0      2      0      0      4      0      0      0     13      0      0      0      0      0      0
      0      0      0      0      0      0      9      0      0      0      0      0      2      4      0      8      2      0      0     13      4      8      4      0      1      5     13      2     23     16     23      7     31     27     29     27     20     19     24     82     61     76     52     62     46     48     47     64     92     51     66     60     40     20     42     99     41     64    124     47     44     12     21     45     25     31     49     26     26     24     19     38     13     11      5     13     21      2      5      2     36      0      6      6      0      0     11      0      0      0      0      0      8      0      0      0      0      4      0
      0      0      0      0     11      0      3     16      0     12      1      1      4      0      0      2      4      0      2      0     20      4      3      6     13      6     19      1      2     21     13     16     27     13     18     28     73     48     50     17     65     95     33     63     85     60     75     77     60     98     79     87     56     71     86     91     43     41     46     67     75     38     36     37     34     38     19     31     22     25     29     21      3     15      9      3      3     17      8      7     10      0      0      4      0      0      0      1      3      0      0      0      3      0      0      4      0      0      0
      0      0      0      2      0      0      0      0      0      1      0      0      0      0      0      0      0      2     12      0     10      1      4      0      1      7     21      5     33     19     26     29     11     40     32     31     63     72     67     16     87     86     45     58     63     75     84     70     57    117     73    104     80    113     91     63     76     48     64     62     60     35    100     73     39     13     37      6     25     20     32      0     38     26     22      9      3      0      0      0      0      0      2     12      0      0      0      0      4      0      0      0      9      4      1      0      0      0      0
      0      0      0      0      2      0      0      0      0      6      0      4      1      0      0      1      0      8      0      1      1      7      0      2      9     13      9     19     17     14     26      5     24     27     24     35     30     58     43     56    101     93     90     64     55     65     93     58    100    129     68     52    109     81     59     40     93     58     55     41     41     61     80     57     39     72     53     47     13     43     50     30      9     10     34     13      5      4      0      1      0      1      0      0      0      0      0      7      0      0      0      0      0      0      0      0      0      0      0
      4      0      0      0      2      0      0      0      2      0      5      1      4      0      4      0      3      0      6     21      2      3      0     25      3     13      8      1     10     18     16     13     15     27     41     19     40     67     62     36     65     38     50     68     76     38     65    103    101    115     87    133    100     84    116    117    100     39     66     45     74     48     52     62     41     56     16     25     39     52     50     16     14     22      5      9     10      7      3      9      0     11      2      0      0      0      0      0      5      0      7      0      0      0      0      0      1      4      8
      0      0      6      0      0     16      0      0      0      0      0      6      0     11      0      1      0      5      0      4      0     22      0     21     18     14      7     34     27     25     20     28     15     12     45     25     38     64     73     43     43     67     62     50     71     69    105     94     32    130     43     73     89    110     70    161    113     83     78     71     72     54     31     66     66     10     22     20     30     42     17     35     16     14     21      9     15     14     14     18      1      0      0      0      0      3      0      0      0      0      0      0      0      0      0      0      0      0      0
      0      0      0      0      0      1      0     26      2      0      0      0      0      1      1      2      0      0      0     12      2      3      4      2      6      8     14     18     19     43     23     20     30     50     28     49     24     23     44     35     72     66     85     55     84     86     85     59     76    110     90     97     45     33     71     77     26     88    100     42     67    100    100     57     42     42     72     27     14     37     19     13     12     13      7      2      8     17      2      1      9      2     17      0      0      2      0      0      3      0      0      0      0      0      0      0      0      0      2
      2      0      0      0      2      6      0      0      0      0      1      0      0     10      0      2      0      1      6      2      0     10      3      3     15     15     22      5     26     13     16     45     79     47     48     39     30     59     60     65     62     59     95     69     61     58     63     98     65    110     85     40    113     66    116     88    119     75     45     80     46     60     59     51     54     45     38     30     32     23     29     13     27      2     14      3     15     17      1      1      4      0      9      5      0      0      5      0      0      0      0      2      0      0      0      0      0      0      0
      8      0      0      0      0      0      0      9      0      0      4      0      0     12      0      0     10      1      7      0     23     14      4      0      4     25     12      9     11     24     33     20     17     22     39     20     50     40     30     58     79     40     43    116     54     98    102    115     79     59     75     74     53     51    116    130     74     61     81     67     83     55     67     60     71     17     47     56     48     29      6      9     14     13      9      4     14      1      0      1      7      0      0      1      0      0      0      5      0      0      0      1      0      0      0      0      0      0      0
      2      0      0      0      0      2      0      0      4      3      7      8      2      4      0      8      3      7      1      0      4     14     11     11      2     17     12     21     17     34     31     20     20     36     30     18     33     17     78     75     57     64     56    105     60    140    107    149    145    112     70     69    103     66     82    143    133     53     85     96     38     47    118     41     23     15     43     57     27      3      9     11      1      9      7      5      2      0     13      9      4      0      0      9      1     14      0      0      0      0      0      0      0      0      0      0      0      0      0
      0      3      0      0      0      0      0      2      0      0      3      3      8      0      0      2      6      5      1      1      0      1     12      2      0     21      5      4      6     19      8     24     10     35      8     58     40     46     52     81     63     42     72     77    140     82     90     52     64    147     86     55    135     85     93     78     62     86    105     98     61     66     61     31     88     26     50     24     57     50     26     13     13     36     27     10      1     36      8      0      8      0      4      0      2      7      0      0      0      0      0      0      0      0      0      0      7      0      0
      0      0      0      2      0      0      0      3      0      0      0      4      7      1      0      8      9      7      0      2      0      0     12      5      6      7     14     11     29     12     19     11     55     19     32     32     83     20     59     29     34     77     67     70     94     72    109     71    151     95     52     79     66     77    112    123     77     89     38     81     75     75     27     67     34     50      9     23     34     32     26      8      8      5      8      4      2     10      3      8      3      0      0      7      0      2      0      0      3      0      6      0      0      0      0      0      0      2      0
      0      0     13      0      0      0      0      0      0      0      2      0      1      0      4      0      0      0      1      4      5      5      0      5      2     14      7     34     10     16     19      8     16     18     11     55     49     22      7     45     72     98     48     73    114     82     97    100    115    110    139     49    155     83     90    149    116    102     47     86     96     46     50     34     62     43     31     34     16     28     19     24     21     29      2      5      7      5      3      0      5      1      0      0      2      2      0      0      0      0      0      0      0      0      0      0      0      0      0
      0      0      0      0      0      0      0      0      0      3      0      3      8      8      1     13     10      0     12      5      1      3     18      2      5     18      3      2     25     17     25      9     16     60     42     41     68     39     75     73     51     35     49     91     66     54     54    115     54     71     57     51     88     96     46     98     92     77     60     56     32     36     51     57     88     60     58     23     57     38     35     34     28      4     11      0     11      4     14      6     11      8      0      7      0      0      0      3      0      0      0      0      0      0      0      0      0      0      0
      0      6      0      0      0      0      0      0      0      0     10      0      3      0      1      0      9      0      2      1      0      0      9     21     15      8      8      7     13      7     12     49     38     25     21     55     62     69     38     39     28     52     86     73     57     67     76     66    145     77     58     86     93    108     90     67     64     53    127     50     51     73     36     81     35     44     23     19     13     49     44      9      1      5      4      2     11      1      3      4     11      0      2      0     14      5      0      9      0      0      0      0      0      0      0      0      0      0      0
      0      0      0      0      0      0      3      0      1      0      3      0      4      4      2      5      4      0      5      2      8     20      2     13      9      2     18     17     16     12     31     17     44     31     16     42     10     73     46     46     32     31     26     54     52     88     96    137     65     65     75     88     75    180     55     77     93     43     78     30     62     72     69     54     61     17     85     21     13     16      6     16     38      1      9     10      0      2     10     11      2      4     15      0      0      0      4      0      2      0      0      0      0      0      0      0      0      0      0
      0      0      0      0      0      0      0      3      0      3      4      0      0      4      0      3      0      1     18      0      2      6      0      2     11      2      7     14     19     17      1      4     40     29     29     10     40     69     36     60     32     35     29     27     61    109     51    110    129    133     45    115     52     60     57    101     68     74     48     50    119     47     43     60     27     19     19     31     30     37     13     13      8     15     10      5     12      3      2     20      9      0      0      0      0      0      0      0      0      2      0      0      0      1      0      0      0      0      0
      0      0      0      0      0      0      0      0      0      0      0      0      0      0      0      5      0      0      3      3      0      7      3      1      6      9     11     15     35     18     26     20     11     25     20     35     51     53     25     44     44     45     47     29     73     93     78     73     67    120    106     76     62     66     75     93     37     82     59     37     48     54     16     47     33     18     22     32     11     18     11     14      7     15      7      0      1      6     10      6      0      0      0      0      9      0      3      2      1      0      0      0      0      0      0      0      0      0      0
      0      0      0      0      0      0      0     17      2      2      0      0      0      0      3      0      0      1      9      9      0      3      4     22      3     13      9     18     19      8     10     13     38     30     38     26     37     27     49     37     45     21     27     42     58     50     46     90     95     78     51    106     83     78     51     56     75     90     53     54     34     63     44     33     41     18     14     26     29     22     46     23     13     10     12     29      2      0      0     11      0      8      4      0      2      0      0      0      5      0      0      0      0      0      0      0      0      0      0
      0      1      9      0      0      0      7      0      0      0      0      0      0      0      0     13     15      0      0      0      0      1      0     16      2     20     13     10     16     10     23     10      4      9     25     19     41     17     44     39     45     59     25     70     45     48     21     33     45     46     82     70     50     60     27     66     33     40     74     34     67     64     29     42     18     33     34     17     24     14     10     12     19     16      7     20     16      7      0      0      1      0      5      0      3      0      0      0      0      0      0     14      0      0      0      0      0      0      0
      0      0      0      0      0      0      0      0      0      0      0      0      2      2      1      8      0      0      9      0      1      7      7     10      2      1     17      5      9      1      7     11     19     23     18     31     70     16     20     44     22     42     85     60     44     30     83     79     86     99     66     56     52     45     41     54     82     61     56     42     28     25     65     39     74     51     49     11     11     20      9      3      7     16     13      5      6      6     16      6      0      0      0      0      4      0     10      0      0      0      0      0      0      0      0      0      0      0      0
      0      0      3      0      0      0      0      0      0      0      0      6      0      1     12      0      2      0      0      0     13      1     11      7      0      2      1      5      7     18     21     27     16     15     25     26     27     25     63     55     50     33     56     40     43     49     33     32     64     54     54     80     72     40     54     70     26     41     34     54     20     27     24     37     16     15     19     30     33      8      6     10     10      0      4     11      0      3      1      2      0     15      0      0      0      0      0      0      0      0      0      0      0      0      0      0      0      0      0
      0      0      0      0      0      0      2      0      0      0      0      1      0      0      2      0      1      3      0      1      0      0      0      0      6      9      3     18      4      6      5     12      5      5     15     14     43     49      9      3     43     57     26     61     42     42     29     38     57     43     80     48     63     62     52     40     36     34     23     40      3     19     43     11     59     41     27     14      1     22     10      1     39      0     12      5      1      2      0      1      0      0      0      0      1      0      0      0      0      0      0      0      0      0      0      0      0      0      0
      0      0      0      0      0      2      0      0      0      0      0      2      0      0      0      0      0      2      3      0      6      1      0      3      0      3      2     11      3      5     12     22      2     11     19     22      5     39     21     18     34     31     19     48     30     39     45     46     54     54     25     51     76     45     21     45     34     54     28     65     26     24     54     31     11     44      8     34     14     25      4     22      0      3     12     14      0     11     14      0      0      2      0      0      2      0      0      2      0      1      0      0      0      0      0      0      0      0      0
      0      0      0      0      0      0      0      0      0      0      0      0      1      5      9      0     10      2      3      0      0     20      0     14      1      3      4      6     18      6      3      2     14     25     18     21     19     21     19     15     49     36     43     16     30     28     41     47     27     59     39     64     51     30     59     33     32     30     34     36     33     49     43     20     21     38     10     22     11      4      6      4      0      0      0      3      2      1      2     12      0      5      0      0      1      3      0      0      1      0      0      0      0      0      0      0      0      0      0
      0      0      0      0      0      0      0      0      0      1      0      0      7      0      0      0      4      0      0      0      0      8      3      0      5      4     14     15      9     13      4     13      5     21      7     21     25     12     28     40     50     32     42     20     26     37     64     49     43     27     32     44     21     20     37      8     50     26     22     33     58     41     14     18     13     16      6     17     27      9     10      5      3      3      8      8      4      3      0      2      0      5      4      0      0      2      0      0      0      0      0      0      0      0      0      0      0      0      0
      0      0      0      0      0      0      0      0      0      0      0      7      7      1      0      0      0      0      0      0      0      4      4      6      0      0     13     12     15      6     10      6      4     13     27     20      9     27      8     38      5     43     12     23     27     32     40     19     33     31     28     51     42     40     61     41     14     51     33     10     24     31     14     25      6      0     12     15     16     14      0     13     15      0      6      1      0      2      1      2      0      0      0      0      0      4      0      0      0      0      4      0      0      0      0      0      0      0      0
      0      0      0      2      0      0      1      0      0      0      0      0      3      0      0      0      0      0      2      0      4      0      0      2      6      4     13      3      7     11     11     26      5      8      5     15      7      5     38     21     11     33     32     37     51     24     18     34     30     21     16     15     36     20     10     38     26     27     16     68     10     59     18     11     11     24      5      4      6      2     12      0      9      4     14     13     13      7      1      0      0      0      1      0      0      0      0      0      0      0      0      0      0      0      0      0      0      0      0
      0      0      0      0      0      0      0      9      2      0      0      0      0      0      0      0      9      6      0      0     21      0      0      3      2      0      3      7      2     17     13      2     13      3     14     48     20     12     46      9     15     46      4     10     27     14     24     24     60     26     14     29     18     47     31     23     52     40     23     17     19     14     20     35     13     10     13      6      3      0      3      0      0      6      0      0      2      0      3      0      0      0      0      0      0      0      4      0      0      0      0      2      4      0      0      0      0      0      0
      2      0      0      0      0      4      2      0      0      0      0      0      0      2      0      0      0      0      0      0      0      6      0      0      1      1      0     10      0      1      5     14     17     13     21      2      5     13      6     19     10     30     13     14     25     31     50     36     28     50     26      5     26     37      6     39     44     36     15     21     22     13      2      6      2      6     16      3      8      4      9      0      1     19      4      9      0      1      0      0      3      0      0      0      0      0      0      1      0      0      0      0      0      0      0      0      0      0      0
      0      0      0      0      0      0      0      0      0      0      0      0      8      0      0      0      0      4      0      0      5      3      1      0      7      1      8      7      0     18      1      1      4      7      6      9      5      8     12     14     13      6      8     23     54     14     16     34     29     15     73     49     10     23     30     12     12     21      5      1     17     17     33      1      7      5      4      4      5      8      3      8      1      2      0      0      0      0      0      9      0      0      0      0      0      0      0      0      0      0      0      0      0      0      0      0      0      0      0
      0      0      0      0      0      0      0      0      0      0      0      0      1      0      0      0      0      5      0      0      0      0      6      9      6      4      4      0      0     14      7      0     16     13      6      7      5      6      8     10      0     12     10     18     28      4     28     30     22     36     18     23     41      9      8     13     39     47     37      5      8     14      7      8     16      7      0      7      0     16      2      1      2     12      0      8      0      0      0      2      0      0      0      2      0      0      0      0      0      0      0      0      0      0      0      0      0      0      0
      0      0      0      0      0      0      0      0      0      0     11      0      0      0      0      0      0      1      6      0      0      0      0      0      5      5      9      0      3      3      1      2      3     14      4      9      9      3     12      4      1     17     15     16      4     19     10     19     11     16      4     24     15      9      2     31      3      6      9     14      8      9      4      3      0     13      3      0      4      5      0      0      0      0      0      0      0      2      0      0      0      0      1      0      0      0      0      2      0      0      0      0      0      0      0      0      0      0      0
      0      0      0      0      0      0      0      0      2      0      0      0      0      1      0      0      3      0      0      0      0      0      0      0      0      3      0      3      8      7     14      2      6      9      0     17      0      2     11     24      6      7      7      2     39      3      1     10     18      9     13      8     33     15     13     11      4     12      7     10      6     21     20      0     10      6      3      4      3      0      2      0      0      1      0      0      9      0      0      1      0      0      0      0      0      0      0      0      0      2      0      0      0      0      0      0      0      0      0
      0      0      0      7      0      0      0      0      0      0      0      0      0      0      1      0      0      3      0      0      0      0      1      4      4      0      0      0     16      0      0      0      0      0      0     14      9     14      3      9      0      3      0      5     21      8      6      7      5      3     25     16      5      9      9      5     10      7     29      0     10      0      1     10     11     18      0     18      0      3     16      0      8      0      0      0      0      0      2      0      0      0      0      9      0      0      0      0      0      0      0      5      0      0      0      0      0      0      0
      0      0      0      0      0      0      0      0      0      0      0      0      0      0      0      0      0      0      0      0      0      0      5      1      0      0      0      0      7      5      0      0     10      2      0      2      2      0      9      1      8      5      5      0      0      1      9     13     19      0      7     18      1      7     19      4      3      4      7     18     11      4      4      0      4     13      0      0      0      6      1      4      0      0      0      0      0      5      0      0      0      0      0      0      0      0      0      0      0      0      0      0      0      0      0      0      0      0      0
      0      0      0      0      0      0      0      0      0      0      0      0      0      0      0      0      0      2      0      0      0      0      6     11      0      0      0      0      0      1      2      2      0      4      2      2      2      5     18      1      9      9      7      0      8      3      2      5     13      7      5      2      3      1      2     15      3     14      4      4      3      9      0     20     15      6      9     15      4      1      0      0      2      6      0      0      0      2      0      0      0      0      0      0      3      0      0      0      0      0      0      0      0      0      0      0      0      0      0
      0      0      0      0      0      0      0      0      0      0      0      0      0      0      0      0      0      0      0      0      0      0      0      0      0      0      0      0      0      1      0     15      0      4     17      0      4      1     10      2      7      2     15      8      0      2      7      2      2      1      2      8      4      0     16      2     11      1     13      2      3      8      5      4      1      9      0      0      1      0      0      0      2      0      4      0      0      0      0      0      0      0      0      0      0      0      0      0      0      0      0      0      0      0      0      0      0      0      0
      0      0      0      0      0      0      0      0      0      0      0      0      0      0      0      0      0      0      0      0      0      0      0      3      0      0      0      2      9      0      0      2      0      4      0      7      0      0     10      4      2      2      2     15      0     12      0      0     12     18      4      0      7      4      3      1      5      4     25      4      9      0      0      2      5      1     11      3      0      0      0      1     11      0      0      0      0      0      0      0      0      0      0      4      0      0      0      0      0      1      0      0      0      0      0      0      0      0      0
      0      0      0      0      0      0      0      0      0      0      0      0      0      1      0      6      3      0      3      0      0      0      0      6      1      0      0      0      0      0      0     19      0      0      1      0      0      9      0      0      6      0      5      3      0      0      5      0      5      4      0      8     11      0      5      0      0      7      1      6      7      7      0      3      0      0      2      1      0      0      0      0      0      0      0      0      0      0      4      0      0      0      0      0      0      0      0      0      0      1      0      0      0      0      0      0      0      0      0
      0      0      0      0      0      0      0      0      0      0      0      0      0      0      0      0      0      0      0      0      0      0      0      0      0      0      0      0      0      0      0      2      1      0      0      0      0      0     10      2      0     10      0      1      0      0      7      0      1      3      2     13      0      2      2      1      0      3      0     13      5      0      0      5      8      2      0      0      0      0      0      0      0      0      0      1      0      1      0      0      0      0      0      0      0      0      0      0      0      0      0      0      0      0      0      0      0      0      0
      0      0      0      0      0      0      0      0      0      0      0      0      0      0      0      0      0      1      0      0      0      0      0      0      0      0      0      0      0      0      4      0      0      1      0      7      1      0      8      0      5      7      2      0      3      2      0      0     25     12      3      4      0      0      0      0      0      4      0      0      1      8      0      0      0      0      0      0      0      0      0      0      0      0      0      0      9      0      0      0      0      0      0      0      0      0      0      0      0      0      0      0      0      0      0      0      0      0      0
      0      0      0      0      0      0      0      0      0      0      0      0      0      0      0      0      0      0      0      0      0      0      0      0      0      0      0      0      0      0      0      0      0      0      0      8      0      0      0      1      0      2      0      2      0      0      0      0      0      1      0      0      0      0      5      0      0     10      0      0     11      0      0      0      5      0      0      0      9      2      0      0      0      0      0      0      0      6      0      0      0      0      0      0      0      0      0      0      0      0      0      0      0      0      0      0      0      0      0
      0      0      0      0      0      0      0      0      0      0      0      0      0      0      0      0      0      0      0      0      0      0      0      0      0      0      0      0      0      0      9      5      0      7      1      1      0      5     10      0      0      1      0      0      0      6      3      5      0      0     11      3      0      0      0      0      0      0      7      0      3      0      0      0      0      0      0      0      0      8      0      0      0      0      0      0      0      0      0      0      0      0      0      0      0      0      0      0      0      0      0      0      0      0      0      0      0      0      0
      0      0      0      0      0      0      0      0      0      0      0      0      0      0      0      0      0      0      0      0      0      0      0      0      0      0      0      0      0     10      1      0      0      1      0      1      0      2      0      0      0      0      0      0      0      0      0      2      3      0      1      0      0      0      2      0      0      0      1      0      1      0      0      5      0      0      6      0      0      0      0      0      2      0      0      0      0      0      0      0      0      0      0      0      0      0      0      0      0      0      0      0      0      0      0      0      0      0      0
      0      0      0      0      0      0      0      0      0      0      0      0      0      0      0      0      0      0      0      0      0      0      0      0      0      0      0      0      0      0      0      1      0      0      0      0      1      0      0      0      2      1      2      0      0      4      0     10      0      3      0      0      0     10      8      0      7      0      0      0      0      2      0      0      0      0      0      0      0      0      0      0      0      0      0      0      0      0      0      0      0      0      0      0      0      0      0      0      0      0      0      0      0      0      0      0      0      0      0
      0      0      0      0      0      0      0      0      0      0      0      0      0      0      0      0      0      0      0      0      0      0      0      0      0      0      0      2      0      0      0      0      0      0      0      0      0      0      6      0      0      0      2      0      2      0      0      0      0      0      0      7      0      2      0      0      0      2      1      0      0      0      0      0      0      0      0      0      0      0      0      0      0      0      2      0      0      0      0      0      0      0      0      0      0      0      0      0      0      0      0      0      0      0      0      0      0      0      0
      0      0      0      0      0      0      0      0      0      0      0      0      0      0      0      0      0      0      0      0      0      0      0      0      0      0      0      0      0      0      0      0      0      0      0      0      0      0      0      0      4      0      0      0      0      0      0      0      0      0      3      0      0      0      2      0      0      3      0      0      0      2      0      0      0      1      0      0      0      0      0      0      0      0      0      0      0      0      0      0      0      0      0      0      0      0      0      0      0      0      0      0      0      0      0      0      0      0      0
      0      0      0      0      0      0      0      0      0      0      0      0      0      0      0      0      0      0      0      0      0      0      0      0      0      0      0      0      0      0      0      0      0      7      0      0      0      3      0      1      0      0      6      0      0      0      0      1      0      0      0      0      0      0      0      0      0      0      0      0      0      0      0      0      4      0      0      0      0      0      5      0      0      0      0      0      0      0      0      0      0      0      0      0      0      0      0      0      0      0      0      0      0      0      0      0      0      0      0
      0      0      0      0      0      0      0      0      0      0      0      0      0      0      0      0      0      0      0      0      0      0      0      0      0      0      0      0      0      0     11      0      0      0      0      0      0      4      0      2      0      0      0      1      0      1      0      0      0      0      1      5      0      0      0      0      0      0      0      0      0      2      0      0      0      0      0      0      0      0      0      0      0      0      0      0      0      0      0      0      0      0      0      0      0      0      0      0      0      0      0      0      0      0      0      0      0      0      0
      0      0      0      0      0      0      0      0      0      0      0      0      0      0      0      0      0      0      0      0      0      0      0      0      0      0      0      0      0      0      0      0      0      0      0      0      0      0      0      0      0      0      1      0      0      0      0      4      0      0      0      0      0      0      0      0      0      1      0      0      0      0      2      0      0      0      0      0      0      0      0      0      0      0      0      0      0      0      0      0      0      0      0      0      0      0      0      0      0      0      0      0      0      0      0      0      0      0      0
      0      0      0      0      0      0      0      0      0      0      0      0      0      0      0      0      0      0      0      0      0      0      0      0      0      0      0      0      0      0      0      0      0      0      0      0      0      0      0      0      5      0      0      0      0      7      1      4      0      2      4      0      0      0      0      0      0      0      0      0      0      0      0      0      2     10      0      0      0      0      0      0      0      0      0      0      0      0      0      0      0      0      0      0      0      0      0      0      0      0      0      0      0      0      0      0      0      0      0
      0      0      0      0      0      0      0      0      0      0      0      0      0      0      0      0      0      0      0      0      0      0      0      0      0      0      0      0      0      0      0      0      0      0      0      0      0      0      0      0      0      0      0      0      0      0      0      0      0      0      0      0      0      0      0      0      0      0      0      0      8      0      0      0      2      0      0      0      0      0      0      0      0      0      0      0      0      0      0      0      0      0      0      0      0      0      0      0      0      0      0      0      0      0      0      0      0      0      0
      0      0      0      0      0      0      0      0      0      0      0      0      0      0      0      0      0      0      0      0      0      0      0      0      2      0      0      0      0      0      0      0      0      0      0      2      0      0      0      0      0      0      0      0      0      0      0      0      0      0      0      0      0      0      0      0      0      5      0      0      0      0      0      0      0      0      0      0      0      0      0      0      0      0      0      0      0      0      0      0      0      0      0      0      0      0      0      0      0      0      0      0      0      0      0      0      0      0      0
      0      0      0      0      0      0      0      0      0      0      0      0      0      0      0      0      0      0      0      0      0      0      0      0      0      0      0      0      0      0      0      0      0      0      0      0      0      0      0      0      0      0      0      0      0      0      0      0      0      0      0      4      0      0      0      0      0      0      0      0      0      0      0      0      0      0      0      0      0      0      0      0      0      0      0      0      0      0      0      0      0      0      0      0      0      0      0      0      0      0      0      0      0      0      0      0      0      0      0
      0      0      0      0      0      0      0      0      0      0      0      0      0      0      0      0      0      0      0      0      0      0      0      0      0      0      0      0      0      0      0      0      0      0      0      0      0      0      0      0      0      0      0      0      0      0      0      0      0      0      0      0      0      0      0      0      0      0      0      0      6      0      0      0      0      0      0      0      4      0      0      0      0      0      0      0      0      0      0      0      0      0      0      0      0      0      0      0      0      0      0      0      0      0      0      0      0      0      0
      0      0      0      0      0      0      0      0      0      0      0      0      0      0      0      0      0      0      0      0      0      0      0      0      0      0      0      0      0      0      0      0      0      0      0      0      0      0      0      0      0      0      0      0      0     11      0      0      0      0      0      0      0      0      0      0      0      0      0      0      0      0      0      0      0      0      0      0      0      0      0      0      0      0      0      0      0      0      0      0      0      0      0      0      0      0      0      0      0      0      0      0      0      0      0      0      0      0      0
      0      0      0      0      0      0      0      0      0      0      0      0      0      0      0      0      0      0      0      0      0      0      0      0      0      0      0      0      0      0      0      0      0      0      0      0      0      0      0      0      0      0      0      0      0      0      0      0      0      0      0      0      0      0      0      0      0      0      0      0      0      0      0      0      0      0      0      0      0      0      0      0      0      0      0      0      0      0      0      0      0      0      0      0      0      0      0      0      0      0      0      0      0      0      0      0      0      0      0
      0      0      0      0      0      0      0      0      0      0      0      0      0      0      0      0      0      0      0      0      0      0      0      0      0      0      0      0      0      0      0      0      0      0      0      0      0      0      0      0      0      0      0      0      0      0      0      0      0      0      0      0      0      0      0      0      0      0      0      0      0      0      0      0      0      0      0      0      0      0      0      0      0      0      0      0      0      0      0      0      0      0      0      0      0      0      0      0      0      0      0      0      0      0      0      0      0      0      0
      0      0      0      0      0      0      0      0      0      0      0      0      0      0      0      0      0      0      0      0      0      0      0      0      0      0      0      0      0      0      0      0      0      0      0      0      0      0      0      0      0      0      0      0      0      0      0      0      0      0      0      0      0      0      0      0      0      0      0      0      0      0      0      0      0      0      0      0      0      0      0      0      0      0      0      0      0      0      0      0      0      0      0      0      0      0      0      0      0      0      0      0      0      0      0      0      0      0      0
