\ 
\ Covariance Function Histogram Table
\ 
\ X Parameter: Log of RV Semi-Amplitude
\ X Abbrev   : logK
\ X Units    : none
\ X Items    : 100         
\ 
\ Y Parameter: Stellar Radius
\ Y Abbrev   : R*
\ Y Units    : Rsun
\ Y Items    : 100         
\ 
|col000|col001|col002|col003|col004|col005|col006|col007|col008|col009|col010|col011|col012|col013|col014|col015|col016|col017|col018|col019|col020|col021|col022|col023|col024|col025|col026|col027|col028|col029|col030|col031|col032|col033|col034|col035|col036|col037|col038|col039|col040|col041|col042|col043|col044|col045|col046|col047|col048|col049|col050|col051|col052|col053|col054|col055|col056|col057|col058|col059|col060|col061|col062|col063|col064|col065|col066|col067|col068|col069|col070|col071|col072|col073|col074|col075|col076|col077|col078|col079|col080|col081|col082|col083|col084|col085|col086|col087|col088|col089|col090|col091|col092|col093|col094|col095|col096|col097|col098|col099|
|int   |int   |int   |int   |int   |int   |int   |int   |int   |int   |int   |int   |int   |int   |int   |int   |int   |int   |int   |int   |int   |int   |int   |int   |int   |int   |int   |int   |int   |int   |int   |int   |int   |int   |int   |int   |int   |int   |int   |int   |int   |int   |int   |int   |int   |int   |int   |int   |int   |int   |int   |int   |int   |int   |int   |int   |int   |int   |int   |int   |int   |int   |int   |int   |int   |int   |int   |int   |int   |int   |int   |int   |int   |int   |int   |int   |int   |int   |int   |int   |int   |int   |int   |int   |int   |int   |int   |int   |int   |int   |int   |int   |int   |int   |int   |int   |int   |int   |int   |int   |
      0      0      0      0      0      0      0      0      0      0      0      0      0      0      0      0      0      0      0      0      0      0      0      0      0      0      0      0      0      0      0      0      0      0      0      0      0      0      0      0      0      0      0      0      0      0      0      0      0      0      0      0      0      0      0      0      0      0      0      0      0      0      0      0      0      0      0      0      0      0      0      0      0      0      0      0      0      0      0      0      0      0      0      0      0      0      0      0      0      0      0      0      0      0      0      0      0      0      0      0
      0      0      0      0      0      0      0      0      0      0      0      0      0      0      0      0      0      0      0      0      0      0      0      0      0      0      0      0      0      0      0      0      0      0      0      0      0      0      0      0      0      0      0      0      0      0      0      0      2      0      0      0      0      0      0      0      0      0      0      0      0      0      0      0      0      0      0      0      0      0      0      0      0      0      0      0      0      0      0      0      0      0      0      0      0      0      0      0      0      0      0      0      0      0      0      0      0      0      0      0
      0      0      0      0      0      0      0      0      0      0      0      0      0      0      0      0      0      0      0      0      0      0      0      0      0      0      0      0      0      0      0      0      0      0      0      0      0      0      0      0      0      0      0      0      0      0      0      0      0      0      0      0      0      0      0      0      0      0      0      0      0      0      0      0      0      0      0      0      0      0      0      0      0      0      0      0      0      0      0      0      0      0      0      0      0      0      0      0      0      0      0      0      0      0      0      0      0      0      0      0
      0      0      0      0      0      0      0      0      0      0      0      0      0      0      0      0      0      0      0      0      0      0      0      0      0      0      0      0      0      0      0      0      0      0      0      0      0      0      0      0      0      0      0      0      0      0      0      0      0      0      0      0      0      0      3      0      0      0      0      0      0      0      0      0      0      0      0      0      0      0      0      0      0      0      0      0      0      0      0      0      0      0      0      0      0      0      0      0      0      0      0      0      0      0      0      0      0      0      0      0
      0      0      0      0      0      0      0      0      0      0      0      0      0      0      0      0      0      0      0      0      0      0      0      0      0      0      0      0      0      0      0      0      0      0      0      0      0      0      0      0      0      0      0      0      0      0      0      0      0      0      0      0      0      0      0      0      0      0      0      0      0      0      0      0      0      0      0      0      0      0      0      0      0      0      0      0      0      0      0      0      0      0      0      0      0      0      0      0      0      0      0      0      0      0      0      0      0      0      0      0
      0      0      0      0      0      0      0      0      0      0      0      0      0      0      0      0      0      0      0      0      0      0      0      0      0      0      0      0      0      0      0      0      0      0      0      0      0      0      0      0      0      0      0      0      0      0      0      0      0      0      0      0      0      0      0      0      0      0      0      0      0      0      0      0      0      0      0      0      0      0      0      0      0      0      0      0      0      0      0      0      0      0      0      0      0      0      0      0      0      0      0      0      0      0      0      0      0      0      0      0
      0      0      0      0      0      0      0      0      0      0      0      0      0      0      0      0      0      0      0      0      0      0      0      0      0      0      0      0      0      0      0      0      0      0      0      0      0      0      0      0      0      0      0      0      0      0      0      0      0      2      0      0      0      0      0      5      0      0      0      0      1      0      0      0      0      0      0      0      0      0      0      0      0      0      0      0      0      0      0      0      0      0      0      0      0      0      0      0      0      0      0      0      0      0      0      0      0      0      0      0
      0      0      0      0      0      0      0      0      0      0      0      0      0      0      0      0      0      0      0      0      0      0      0      0      0      0      0      0      0      0      0      0      0      0      0      0      0      0      0      0      0      0      0      0      0      0      0      0      0      0      0      0      0      0      0      0      0      0      0      0      0      0      0      0      0      0      0      0      0      0      0      0      0      0      0      0      0      0      0      0      0      0      0      0      0      0      0      0      0      0      0      0      0      0      0      0      0      0      0      0
      0      0      0      0      0      0      0      0      0      0      0      0      0      0      0      0      0      0      0      0      0      0      0      0      0      0      0      0      0      8      0      0      0      0      0      0      0      0      0      0      0      0      0      0      0      0      0      0      0      0      5      0      0     10      0      0      1      0      0      0      0      0      0      0      0      0      0      0      0      0      0      0      0      0      0      0      0      0      0      0      0      0      0      0      0      0      0      0      0      0      0      0      0      0      0      0      0      0      0      0
      0      0      0      0      0      0      0      0      0      0      0      0      0      0      0      0      0      0      0      0      0      0      0      0      0      0      0      0      0      0      0      0      0      0      0      0      0      0      0      0      0      0      0      0      0      0      0      0      0      0     12      0      0      0      2      0      0      0      0      0      0      0      0      0      0      0      0      0      0      0      0      0      0      3      0      0      0      0      0      0      0      0      0      0      0      0      0      0      0      0      0      0      0      0      0      0      0      0      0      0
      0      0      0      0      0      0      0      0      0      0      0      0      0      0      0      0      0      0      0      0      0      0      0      0      0      0      0      0      0      0      0      0      0      0      0      0      0      0      0      0      0      0      0      0      3      0      0      2      0      0      0      0      0      0      0      0      0      5      0      0      0      0      0      0      0      0      0      1      0      0      0      0      0      7      0      0      0      0      0      0      0      0      2      0      0      0      0      0      0      0      0      0      0      0      0      0      0      0      0      0
      0      0      0      0      0      0      0      0      0      0      0      0      0      0      0      0      0      0      0      0      0      0      0      0      0      0      0      0      0      0      3      0      0      0      3     10      1      0      3      2      0      0      0      0      0      0      0      0      0      0      0      0      3      2      0     10      0      0      5      0      0      0      1      0      0      0      0      0      3      0      0      0      0      0      0      0      0      0      9      0      0      0      0      0      0      0      0      0      0      0      0      0      0      0      0      0      0      0      0      0
      0      0      0      0      0      0      0      0      0      0      0      0      0      0      0      0      0      0      0      0      0      0      0      0      0      0      0      0      0      0      0      0      0      0      0      0      0      0      0      0      1      0      0      0      0      0      0      0      0      4      1      0      0      0      0      0      2      4      0      1      4      3      0      4      1      0      0      0      0      1      0      0      0      3      0      0      0      0      0      0      0      0      0      0      0      0      0      0      0      0      0      0      0      0      0      0      0      0      0      0
      0      0      0      0      0      0      0      0      0      0      0      0      0      0      0      0      0      0      0      0      0      0      0      0      0      0      0      0      0      0      0      0      0      0      0      0      0      0      0      3      0      0      0      1      5      5      2      0      6      0      2      0      0      0      0      1      0      0      0      0      0      0      1      0      0      0      0      0      0      0      0      0      0      0      0      5      1      0      0      0      0      0      0      0      0      0      0      0      0      0      0      0      0      0      0      0      0      0      0      0
      0      0      0      0      0      0      0      0      0      0      0      0      0      0      0      0      0      0      0      0      0      2      0      0      0      0      0      0      0      0      0      0      0      4      0      0      0      2      0      0      0     10      0      7      0      2      0      0      9      0      0      0      0      0      3      3      1      0      0      0      0      0      0      0      0      3      0      0      0      2      0      0      0      0      0      0      0      0      0      0      0      0      0      0      0      0      0      0      0      0      0      0      0      0      0      0      0      0      0      0
      0      0      0      0      0      0      0      0      0      0      0      0      0      0      0      0      0      0      0      0      0      0      0      0      0      0      0      0      0      0      0      0      0      0      0      0      0      2      1      0      0      0      0      0      0      3      2      0      0      0      2      0      0      2      0      0      0      3      2      0      0      0      2      0      2      0      2      3      0      0      0      0      0      0      0      0      5      0      0      0      0      0      0      0      0      0      0      0      0      0      0      0      0      0      0      0      0      0      0      0
      0      0      0      0      0      0      0      0      0      0      0      0      0      0      0      0      0      0      0      0      0      0      0      0      0      0      0      0      0      1      0      4      0      0      0      0      0      0      0      0      0      3      0      1      0      0      3      0      0      0      9      1      0      2      8      0      0      3      4      0      0      0      0      0      5      0      0      0      0      0      0      0      0      0      0      0      5      0      0      0      0      0      0      0      0      0      0      0      0      0      0      0      0      0      0      0      0      0      0      0
      0      0      0      0      0      0      0      0      0      0      0      0      0      0      0      0      0      0      0      0      0      0      1      0      0      0      0      0      0      0      0      1      0      0      0     11      0      0      0      2      0      4      1      5      0      1      0      7      3      0      0      2      1      0      0      4      0      0      0      4      0      0      0      0      0      0      0      0      0      0      0      0      0      0      0      0      0      0      0      0      0      0      0      0      0      0      0      0      0      0      0      0      0      0      0      0      0      0      0      0
      0      0      0      0      0      0      0      0      0      0      0      0      0      0      0      0      0      0      0      0      0      0      0      0      0      0      0      0      0      0      0      2      0      0      0      4      0      1      3      2      1      0      0      1      2      0      6      0      0      0      0      2      9      0      8      0      0      0      1      4      0      2      1      3      0      0      0      0      0      2      0      0      0      0      0      0      0      0      0      0      0      0      0      0      0      0      0      0      0      0      0      0      0      0      0      0      0      0      0      0
      0      0      0      0      0      0      0      0      0      0      0      0      4      0      0      0      0      0      0      0      0      0      0      0      1      2      0      0      0      2      6      0      0      0      4      4      0     15      5      8      0      0      0      2      1      8     19      5      6      4     14      0      1      0      3      0      4      0      0      4      0     12      0      0     10      1      0      0      0      0      0      0      0      0      0      0      0      0      0      0      1      0      0      0      0      0      0      0      0      0      0      0      0      0      0      0      0      0      0      0
      0      0      0      0      0      0      0      0      0      0      0      0      0      0      0      0      1      0      0      0      0      0      0      0      0      6      0      0      0      0      0      4      0      0      0      1      0      0     13      3     12      7      0      1      0      0      7      9      0     28      8      3      1      4      0      1      0      5      0     12      0      1      2      0      3      0      0     11      0      0      0      0      0      4      0      0      0      0      0      0      0      0      0      0      0      0      0      0      0      0      0      0      0      0      0      0      0      0      0      0
      0      0      0      0      0      0      0      0      0      0      0      0      0      0      0      0      0      0      0      0      0      0      0      0      0      0      0      0      0      0      0      3      0      0      7      0      6      2      1      8      6      0      0      0      0     10      2      1      2      1      8      0      0      1      7     12     10      1      0      6      0      4      1      0      1      0      1      0      0      1      0      0      0      0      1      0      0      0      0      0      0      0      0      0      0      0      0      0      0      0      0      0      0      0      0      0      0      0      0      0
      0      0      0      0      0      0      0      0      0      0      0      0      0      0      0      4      0      0      1      0      1      1      0      0      2      0      7      5      0      0      0     15      4      0      0      6      1      5     14      5      2      4      0      3      8      3      7      3     32     13      2      7      5      0     13      6      5     19      1      5     13      6      4      4      0      5      0      8      1      0      5     15      0      0      8      0      0      0      0      2      0     12      0      0      0      0      0      0      0      0      0      0      0      0      0      0      0      0      0      0
      0      0      0      0      0      0      0      0      0      0      0      0      0      0      0      0      0      0      0      0      0     12      0      0      2      0      0      0      5      0      0      0      8      3      2      1      7      3      1      0     11      3      5      3      6     12      6     10     24      8     21     15      4     30      0      2      6      1      4      9      4      4      1      7      0      7      1      2      5      0      0      0      4      0      0      0      0      0      0      0      0      0      0      0      0      0      0      0      0      0      0      0      0      0      0      0      0      0      0      0
      0      0      0      0      0      0      0      0      0      0      0      0      0      0      0      0      0      0      0      0      2      0      0      0      0      0      0      4      6      0      4      0      1      4     11      2      3      2      4     27      6      6     10      0      4      6      4     12      5      6      5     28      5     13      7      4      4      2      5     24     10     20     11      2      0      7      4      7      0      7      4      1      4      0      0      0      0     11      0      0      0      0      0      0      0      0      0      0      0      0      0      0      0      0      0      0      0      0      0      0
      0      0      0      0      0      0      0      0      0      0      2      0      0      0      0      0      0      6      0      0      0      0      0      0      0      2      0      3      7      0      2      1     10      5      3     11     12      7      6     12     10     10     13      4     15      3     26      7      3     13     10     19      5     20     11     10     16     12     11      7     11     11      2      2      0     10      0      1      1      5      4      3      0      0      0     11      0      0      6      0      0      0      0      2      0      0      0      0      0      0      0      0      0      0      0      0      0      0      0      0
      0      0      0      0      0      0      0      0      3      0      0      0      0      0      0      0      0      0      1      3      1      0      0      4      0      5      0      0      0      4      0      5     11      1      3      3      6      5     18     12      4     12      8      6      3      8      4     26     27     15     18     10      8     22      8      4      6      6     26      6      1      4      2      2     12     13     16      7      5     10      1      3      0      0      0      0      0      0      0      1      0      0      0      0     10      0      0      0      0      0      0      0      0      0      0      0      0      0      0      0
      0      0      0      0      0      0      0      0      0      0      0      0      0      0      0      0      0      0      0      0      0      0      1      0      0      3      5      0      7      2      7      0      5      1      2      4      1      1      7     14      0     11     10     20     21     23     30     20      2     24     30     22      4     16      3      1     16      3     22      3      4     11      0      7      1     17      2      4      0      5     11     22      5      0      0      0      0      0      0      0      0      2      5      0      0      0      0      0      0      0      0      0      0      0      0      0      0      0      0      0
      0      0      0      0      0      0      0      0      0      0      0      0      0      0      0      0      0      0      1      2      8      2      0      6      8      3      5      7     16      0      1      3     35      0      4     24     18     19     18      3     39     17     35     40     15     18     15     20     17      7      4     11      2     20     13     25      9     12      8      7     15     18     23      0     16      4      2      0      4      2      6      1      0      0     11      3      1      0      0      0      2      0      1      0      0      0      0      0      0      0      0      0      0      0      0      0      0      0      0      0
      0      0      0      0      0      0      0      0      0      0      0      0      0      0      0      0      0      0      0      0      0      0      0      4      0      1      0      2      0     10      1      4      4     17     17     15      6      2     13      8     14      8     21     27     22      8     49     22     40     22      8     13      5     36      9     13     19     13     16     13      3     16     36     16      0     14      0      0      0      2      6      4      0      1      0     11      0      5      0      0      1      0      0      0      0      0      0      0      0      0      0      0      0      0      0      0      0      0      0      0
      0      0      0      0      0      0      0      0      0      0      0      0      0      0      0      3      0      3      0      0      3      0      2      1      3      5      1      2      9      6      0     23     36     12     14     10     12     22      9     17     10     41     29     11     26     20     20     42     45     29     42     26     24      0     10     19     31     36      4     38     12     17      6     11     13     10     14      5     25     10      2      3      3      0      0      3      0      0      0      0      0      1      2      0      0      0      1      0      0      0      0      0      0      0      0      0      0      0      0      0
      0      0      0      0      0      0      0      0      0      0      0      0      0      0      0      0      0      2      0      0      0      3      0      0      4      1      0      0      3      3     12     19     19      8     17     21     20      7     43     10      9     35     16     21     44     42     12     29     23     20     15     52      7     17     36     31     20     28      8     37      8     32      4     14     32      3      1      6     22      3     11      0     14      0      0      4      3      0      0      0      0      0      5      2      0      0      0      0      0      0      0      2      0      0      0      0      0      0      0      0
      0      0      0      0      0      0      0      0      0      0      0      0      0      7      0      0      3      5      6      0      0      1      2      0     15      1      3      9      5     17      5     10      5     33     23     38     11     10     10     48      7     30     25     35     23     39     36     41     14     13     16     14     44     13     45     26     12     17     13     19     38     13      4      8      4     17      9      6     23      5      0      6      0      1      4      6      0      2      7      0      0     15      0      0      0      0      2      0      0      0      0      0      5      0      0      0      0      0      0      0
      0      0      0      0      0      0      0      0      0      0      0      0      0      0      0      0      0      0      0      0      2      0      1     10      7      6     10      7      0      7      3      3     13      2      4     47     17      6      2     14     28     28     27     33     34     37     42     17     12     47     32     41     50     54     31     27     21      4      9     16     14      8     57     25     12     17     13     14      8      0      0      4     11      9     16      2      7      3      0      0      0      3      0      0      0      0      0      0      0      0      0      0      0      0      0      0      0      0      0      0
      0      0      0      0      0      0      0      0      0      0      0      0      0      0      0      1      0      0      0      0      3      0      9      4      6      0      0      2      0      2      4      3     12     13      0     16     36     35     35     10     14     14     22      4     32     23     58     10     59     20     46     63     23     39     71     66     67     37     13     10     24     34      0     17      9      9     21     10      5      2      2      4      3      2      1     16      3      0      0      0      0      0      2      0      0      0      0      0      0      0      0      0      0      3      0      0      0      0      0      0
      0      0      0      0      0      5      0      0      0      0      0      2      1      0      0      0      0      0      7      9      0      1      6     13      5     11      1     14      2     12     15     20      3     22     50     17      8     29     15     59     48     40     32     60     87     42     50     51     48     44     63     85     33     29     30     15     15     54     20     40     31     24     12     25     21     19     13     11      8     14     11      6     19     21      0      0      4      8      0      0      0      2      1      0      0      0      0      0      0      0      0      0      0      0      0      0      0      0      0      0
      0      0      0      0      0      0      0      0      0      0      0      0      0      4      0      0      2      1     16      1      3      0      0      1      2      1     10     11     20     12      9     26      1     15     15     23     30     28     76     25     37     31     50     35     69     47     47     42     36     50     81     45     52     40     34    101     39     27     47     27     46     33     17     24     14     48      9     27     56      3      8      1      6      4      7      0      1      1      2     12      0      0      4      0      0      0      2      0      0      0      0      0      0      0      0      0      0      0      0      0
      0      0      0      0      0      0      0      0      0      0      0      0      0      0      0      0      0      0      0      0      4      0      2      0      0      1      6     11     19     17      6     10      3      8     29     20     15     19     20     30     91    111     55     34     17     47     40     74     71     28     27     87     21     76     38     63     42     59     50     22     29     36     11     18     15     11     25      6      8      2      9      3     11      2      3      8     14      7      0      1      4      0      0      0      0      0      1      0      0      0      0      0      0      0      0      0      0      0      0      0
      0      0      0      0      0      0      0      0      0      0      0      0      3      0      0      0      0      0      0      1      0      1      0     14     29      1      0     11      8      8     18     13     18     28     38      9     44     34     24     28     32     60     72     50     44     38     17     46     62     49     60     50     31     43     48     33     40     53     38     41     26     20     18     31     21     22     26     12      5     16      8     25      4      5      5      3      0      0      0      4      0      5      0      1      6      0      0      1      0      1      0      0      0      0      0      0      0      0      0      0
      0      0      0      0      0      0      0      0      0      0      0      0      0      0      5      0      0      0      7      0      0      0      5      0     17     17     17      1     22     18     24     21     34     17     16     29     14     47     50     50     34     49     48     30     45     56     23     52     51     33     47     57     31     30     21     32     40     60     46     59     19     13     74     48     34     26     22     17     21     27     31      5      1     20      6      3      4      3      0      7      0      1      0      0      0      0      4      0      0      0      1      2      0      0      0      0      0      0      0      0
      0      0      0      0      0      0      0      0      0      0      0      2      0      0      0      0      1      1      0      0      0      0      1      0     23      8      3      5      8     17      1     28     25     13     36     33     55     38     43     67     69     46     38     72     55     67     25     98     70     87     34     98     60     56     75     14     72     40     24     31     41     42     17     39     20     31     39     11     31      1     25     14     18     11      4      3      0      0      3      0      6      3      0      0      7      0      3      1      0      0      0      0      0      0      0      0      0      0      0      0
      0      0      0      0      2      0      0      0      0      0      0      0      0      2      0      0      0      0      9      1      1      3      1      0      0      6     11     26     23     10     17     22     31     33     26     37     85     22     34     26     37     56     57     55    106     54     67     76     80     46     74     84    100     58     82     24     37     18     50     37     72     36     47     20     38     34     19     17     28      8     19     10     51     14      0     15      2      2      0      9      0      0      0      0      0      0      0      0      2      0      0      0      5      0      0      4      0      0      0      0
      0      0      0      0      0      0      0      0      0      0      0      4      0      1      0      0      0      4      1      6      0     20      2      0     21     17     19     12     10     18     31     18     24     24     45     41     72     23     56     70    102     40    100     59     68     56    133     74     37     88     62     66     62     66     23     69     41    105     36     58     79     43     24     39     13     20     22     29     11     21     11      4     10     16      7      2      1     10     14      2      0      1      1      0      0      0      9      0      0      0      1      0      0      0      0      0      0      0      0      0
      0      0      0      0      0      0      0      0      1      0      0      0      0      0      0      0      0      1      8      0     10     16      2     23     17     19      2     15      5     10     43     32     39     23     40     43     67     77     30     34     46     47     92     96     69     37     68     55     79     67     62     51     83     77     59     55     96     71     33     72     51     46     54     28     54     18     31     16     15     18     37     33     10     14     18      7      0      7      7      0      0      0      0      9      0      0      0      0      0      6      2      0      0      0      0      0      0      0      0      0
      0      0      0      0      0      0      0      0      0      0      0      3      0      0      8      4      0     12      0      0      6      3     11      4      2     10     20     10     12     29     58     29     27     24     24     25     58     48     77     34     64     58     64     72     78     63     68    116     41     33     84     55    112     65     47     73     64     60     59     57     39     36     23     33     24     24     35     24     21     15     52     15     13     28     16     10      4      1      0      0      2      6      0      0      5      0      3      0      5      0      0      0      0      0      0      0      0      0      0      0
      0      0      0      0      0      0      0      0      0      0      0      0      0      0      1      0      0      0      0      1      0      2      3      3     27      0     14     11     32     16     43     21     41     39     64     84     46     48     92    110     38     77    128    155     54    101     94     65    133    100     73    102     86     82     84     75     83     50     43     42     40     63     68     35     38     20      7      8     51      8      5     11      9      9      7     18      0     18      7      4      3      1      1      0      0      0      5      0      0      0      0      0      0      0      0      5      0      0      0      0
      0      0      0      0      0      0      0      0      0      3      7      0      0      0      0      6      2      3      3      1      6      4      9      2      3      5     21     10     45      4     32     26     22     63     30     61     68     43     31     43     63     55     71     89    102     58    105    112     58     76     86     73     72    108     72     75    101    101     33     69     46     26     23     42     20     19     49     26     21     28      7      3      5      4      7     13     21      4      2      5      0      0      1      2      0      0      0      0      0      0      0      0      0      0      0      0      0      0      0      0
      0      0      0      0      0      0      0      0      0      0      0      0      0      0      6      0      0      3     10      4      2      0      1      0     18     15      9      3     66     39     31     16     14     48     44     65     80     43     46     50     55     62    102     90    145     70     68    156    100     89     52    104     81     58     48     51     80    131     46     16     45     23     52     35     27    100     43     25     28     10     29     14     14      1     16      2      7     23     23      0      9      2      0      3      1      3      0      0      0      0      0      0      2      0      1      0      0      0      0      0
      0      0      0      0      0      0      0      0      0      0      0      0      2      0      1     12      1      0      0      2      0      0     12      1      1     10      2     18     13      5     42     31     31     32     28     36     63     37     48     40    103     44    106     48    159    115     70    103     98     64     80    113    114    110     84     36     53     26    109     27     72     93     34     47     44     33     42     38     10     30     18     20     15     12      6      1      8      8      4      0      0      0      1      0      0      0      0      0      0      0      0      0      0      6      0      0      0      0      0      0
      0      0      0      0      0      0      0      0      0      0      6     15      0      0      0      0      3      4     11      4     13      6      6     10     36      4     10      8     35     19     36     19     39     22     70     65     43     84     44     69     48     36     30     77     71     53    101    134     65     38    130     96     19     94     71     55     85     33     68     96     30     48     87     42     61     55     11     23     66     38     12      7     18     10     49      9     13      4      0      0      0     12      9      2     13      1      0      0      0      0      0      0      0      0      0      0      0      0      0      0
      0      0      0      0      0      8      0      0      0      0      1      0      0     11      0      0      0      7      6      8      1      3      2      1      0     16      9     11     30     38     27     66     64     21     55     59     33     40     79     70    102    107    103     84    106    132     67     60     45     65     49     96     71     90     74     50     69     65     64     60     43     25     96     35     44     63     12     18      7     21     15     20      8     16      4      2      0      1     10     14      2      2      8      7     10      2      0      0      0      0      0      0      0      0      0      0      1      0      0      0
      0      0      0      0      0      0      0      0      0      0      0      3      0     12     15      0      3     12      6     28      4     15      4      3     22      2     20     21     36     51     28      4     35     35     47     60     36     52     64     78     51     57     27     91    107     67     52     58     69    152     87    102    139     73     85    127     68     43     83     72     75     74     30     40     36     85     23     56      7     17     15     11      9      7     12     15     12     13      7      0      7      3     13      2      0      0      0      0      0      0      0      1      0      0      0      0      0      0      0      0
      0      0      0      0      0      0      3      0      0      0      0      0      0      0      5      0      0      1      0      3     15     16     14      8     25     20      9     41      7     21     29     25     20     59     63     47     56     48    122     50     57     72     90     60    113    117    112     58     88    135     65     80     74     59     44     82     89     91     59     70     33     64     54     64     30     55     51     28     28     13     18     16      8      0     19     23      8     14      4      0      3      2      9      6      0      2      5      0      5      0      0      0      0      0      0      0      0      0      0      0
      0      0      0      0      0      0      0      0      0      0      0      0      0      0      0      0      1      2      0      0     11     12      6     27      9     11      4     16     20     30     49     51      8     21     36     27     72     79     59     54     78    114     43     66     86     89    104     68    102     62     51     61    123     57     86     61     87     51     67     87     47     81     39     41     68     46     43     21     26     25      6     15      8     18     15     12     16      6     13     21      3     11      3      6      0      0      0      0      0      0     10      0      0      0      0      0      0      0      0      0
      0      0      0      0      0      0      0      0      0      0      0      0      0      0      0      0     10      0      2      4     13      1      0      4     27     12     14     28     16     11     12     34     53     55     33     62     47     37     95     68    103     78     92     38     64     43     59    105     60    120     65     75     94     85     77     70    101     47     80     93     53     61     44     31     11     48     47     12      7      9      5     20      9     12     11      5      5      2      0     12      2      0     22      5      8      2      0      0      1      1      0      0      0      0      0      0      0      0      0      0
      0      0      0      0      0      0      0      0      0      0      0      0      2      0      0      0      1      0      5      8      1      8      7      8     14     14     10     26     42     21     24     48     38     43     35     28     31     59     62     58     65     48     93     76    108     64    149     77     53     51     78     95     57     50     85     61     71     63     91     78     24     42     41     36     54     30     24     16     33     11     13     19     34      5      6     11     14      1      2      2      1      3      1      3      3      0      0      0      0      0      2      0      0      0      0      0      0      0      5      0
      0      0      0      0      0      0      0      0      0      0      0      0      0      0      0      0      1      3      1      0      5      0      3     23      8     16     23     16     45     15     30     12     24     35     52     39     77     28     61     77     91     49    176    124     52    120     93     58     95     80     80     92    100     87     67     53     90     86    107     70     84     58     53     39     12     26     11     28      2     21     33     18     20     13     18     12      5      5      1      0     11      3      4      0      0     10      0      0      0      2      0      0      0      0      0      0      0      0      0      0
      0      0      0      6      0      0      0      0      0      1      0      0      5      0      1      1      0      1      0     11      2      4     12     13      8      8     25     25      9     24     48     49     16     15     50     48     21     54     33     73     29     64     61     96     51     83     54     61     73    156    111     81    105     43     66     69     95     68    125    130     86     53     18     22     20     34     11     35     27     20     15      6      3     28     19      2      1      2      1      0     14      0      0      0      7      3      0      0      0      0      0      0      0      0      0      0      0      0      0      0
      0      0      0      0      0      0      0      0      0      0      1      0      6      0      1      0      7      0      1      7      4      2     10      4      2     27      3     14     19     11     29     36     49     51     25     48     20     79     57     54    101     88    100     26     91    105     98     76     31     48     96    117    105     48     63     72     60    111     29     39     42     33     35     17     56     16     28     89     36     17     22     23     16      8      0      3     15      0      0      2      3      0     17      0      0      0      4      0      0      0      0      0      0      0      0      0      0      0      0      0
      0      7      0      0      0      0      3      0      0      0      0      0      0      0      0      0      0      8      2      1     15      0      8      0      1      8     22      3     23     25     17     26     32     32     46     15     50     37     25     36     36     46     82     68     64     20    109     59     63     69     75     48     46    120     76     33     68     44     63     52     51     21     16     46     48     67     27      9     29     11     32     26     13      3      0     14      0      2      3     16      8      8      0      0      0      0      0     14      0      3      0      0      0      0      6      0      0      1      0      0
      0      0      0      0      0      0      0      0      0      0      0      0      0      0      0      4      0      0      0      5      0      0      4      4      4     15      0      1      6     22      4     18     32     17     32     32     27     46     31     42     82     80     49     46     35     73     26     75     56    102     85     40     50     77    112     76     40     94     24     72     34     21     48     18     55     44     42     29     21     19     14      8      4     11     17      0     21      2      5      0     26     14      1      0      0      0      0      0      0      0      0      0      0      0      0      0      0      0      0      0
      0      0      0      0      0      0      0      0      0      0      0      0      1      0      0      0      0      0      0      0     11      5      5      6      2      5     20     13      6     11     34     39     31     13     40     40     38     31     35     38     63     48     54     77     53     36     61     49     79    112     47     58     68     52     80     26     59     30     43     46     40     24     57     42     29      9     22     14     20     12     11     16     21      2     30     12     26     10      0     36      0      3      0      0      0      0      0      0      0      0      0      0      0      7      0      0      0      0      0      0
      0      0      0      0      0      0      0      0      0      0      5      0      0      0      0      0      5      0     11     11      6      3      9      0      9     27     20     14      8      8     27     33     16     36     29     41     14     30     35     58     74     82    105     73     87     74     72     74     32     53     55     57     93     46     66     28     37     31     40     46     22     15     56     26     33     32     27     34     12     15      5     25     21      5      5      3      3     10      5      5      0      0      4      2      0      0      0      0      0      1      0      0      0      0      0      0      0      0      0      0
      0      0      0      0      0      0      0      0      0      0      1      0      2      0      0      0      0      0      1      0      0     31      0     23      2      4     10     17     22      3     20     18     18     12     37     70     36     29     48     19     31     37     65     39     29     28     27     78     43     75     45     48     98     26     33     25     76     70     54     30     24     34      3     33     12     22      5     13     29      3     14     12     13      5      0     10      0      0      2      1      6      0      0      0      0      0      0      1      0      0     22      0      0      0      0      0      0      0      0      0
      0      0      0      0      0      0      0      0      0      0      0      0      0      0      0      1     12      0      4      0      0      1     10      4     21     27      6      1     13      4      7     24     10     28     34     48     29     20     52     57     22     52     59     74     42     63     72     83     69     44     59     47     65     42     64     69     37     45     78     25     45     28     61      9      9      8      2     35     10     34      9      9     14      6      5     21      0      0     12      5      0      0      0      3      0      0      1      0      0      0      0      0      0      3      0      0      0      0      0      0
      0      0      0      1      0      0      0      0      0      0      0      0      0      0      0      0      3     10      0      0      3      0     12      0      6      4      2     26     26     15      4     26      3     39     10      9     41     30     35     25     33     68     19     13     56     15     52     52     22     82     39     89     41     40     22     26     29     37     30     15     31     18     18     51     11     27      7      1     13     15      2      5      5     18      7     15      4      7      0      0      0      0      0      0      0      0      0      0      2      0      0      3      0      0      0      0      0      0      0      0
      0      0      0      0      0      0      0      0      0      0      0      0      0      0      0      0      0      0     11      0      0      0      0      5     17      2     13     15     47      3     18     10     23     51     21     27     30     24      9     23     20     27     27     57     40     31     73     19     33     42     44     36     28     73     45     27     57     25     50     18     29     18     12      1     27     32     34      5      8      8      9      8      6     13      1     14      4      1      0      1      0      0      0      0      0      0      0      8      0      0      0      0      0      0      0      0      2      0      0      0
      0      0      0      0      0      0      0      0      0      0      0      0      0     14      0      0      3      1      2      2      0      5      9      1      8      5     14      0      3      7     19      4     20     25      8     11     18     28     21     22     51     42     36     46     22     51     16     27     28     55     61     27     51     58     19     48     38     28     26     23     18     15     10     19     23     28      6     16     23     11      1      4      8     11      6      0      4     14      0      0      0      4      0      0      0      0      0      4      0      0      0      0      0      0      0      0      0      0      0      0
      0      0      0      0      0      0      0      0      0      0      0      0      0      0      0      0      0      3      0      0      4      3      4      0      4     15      8      4     12      0      3     15     16     27     11     12     15     14     42     43     45      2     32     26     58     18     60     22     33     39     41     15     26     42     21      1     13     32     13     10      3      7     19     15     34     20     16      9     12      9      9     13      0     10      4     15      0     15      0      0      0      0      0      0      0      0      0      0      0      0      0      0      0      0      0      0      0      0      0      0
      0      0      0      0      0      0      0      0      0      0      0      1      0      0      0      0      0      1      0      0      2      0      0      0     16      1      1      7      0     12     12      2     15     16     18     25     35     30     38     20      7     34     24     24     20     23     20     17     26     18      9     36     23     29     28     24     35     49     37     13     10     28     14     17     32      0      9      8      0      9      5      7     27      7      0      0      0     11      0      0     16      0      1      0      0      0      0      0      0      0      0      0      0      0      0      0      0      0      0      0
      0      0      0      0      0      0      0      0      2      0      0      0      0      0      0      0      0      0      1      0      6      0      3      0     11      0     22      5     13     18      9      0     26     12     24     11     21      6     13     16     19     29     26     26     30     13     32     24     26     35     20     50     12     16      4      7      8     13      8     20     35     10      2     29      1     12     16     14      6      2      2      0      2     13      3      6      0      0      0      0      4      6      0      0      1      0      2      0      0      1      0      0      0      0      0      0      0      0      0      0
      2      0      0      0      0      0      0      0      0      0      8      0      0      0      0      0      0      0      2      0      0      0      3      3      2     10      0     18      0     18      0      9      7     12      4     20     14     12     26     22     18      9     19      1     16      6      9     47     21     16     10     40      6     61     15     25     14      5     13     18     13     27      9     26     21     10      1      3      2      2      0      1     15      0      0      0      0      0      0      2      0      5      0      0      0      5      1      0      0      0      0      0      0      0      0      0      0      0      0      0
      0      0      0      0      0      0      0      0      0      0      0      0      0      0      3      0      0      0      0      4      3      1      6      0      0      4     17      0     15     11      5     10     11      3      4      8      3      5      5      7      0      9     21     23     18      5     29      9      1     20     14     26     40     16      9     19      6     16     11     10     20      1     16     24      1      2      6      0      0      9      0      6      0      0      0      0      0      4      4      5      0      0      2      0      1      0      0      0      0      0      0      0      0      0      0      0      0      0      0      0
      0      0      0      0      0      0      0      0      0      0      0      0      0      0      0      0      2      0      4      0      3      4     15      6      0      0      0      0      5      8      7      5      0      4      1     13     29      4      5     10     11     15     14     19     12     10     20     23     25     11     40     12      2     18     13     20     13     13      0      2      2      1      7     15     15      4     10      2      0      0      0      1      3      1      0      0      0      6      0      0      0      0      1      0      0      1      0      0      0      0      0      0      0      0      0      0      0      0      0      0
      0      0      0      0      0      0      0      0      0      0      0      0      6      0      0      0      1      0      0      0      0      3      4      8      0      0      0      0      0      0      1      8      0      4      3      0      2      0      5     17     12     21      5      4      3     21      5     16      2      4     18      1     15     15     20     13      5     23     20     39     11      6      2      8      3      9      3      6      0      0      7      3      3      0      0      0      0      0      0      1      0      0      0      0      0      0      0      0      0      0      0      0      0      0      0      0      0      0      0      0
      0      0      0      0      0      0      0      0      0      0      0      0      0      0      0      9      5      0      0      3      0      0      0      0      0      1      0      0      3      0      0     18      6      1      0      1      2     23      2     13      5     10     11      0      3      2      1      9     10     16     18      8      4     16     44      1      1     14      5     19      0      2      4      6      0      1      0      0      6      4      0      0      1      0      0      0      0      0      0      0      0      0      0      0      0      0      0      0      0      0      0      0      0      0      0      0      0      8      0      0
      0      0      0      0      0      0      0      0      0      0      0      0      0      0      0      0      0      0      0      1      0      0      0      0      0      5      1      0      0      0      0      0      2      4     12      0      0      1      3      5      3      0     11      7     15     18      5      3      1      6     37     14      0      3      6     10      6      2      0      2      3      3     14      6      1      0      2      0      4      0      9      4      0      1      0      0      8      0      1      0      0      0      0      0      0      0      0      0      0      0      0      0      0      0      0      0      0      0      0      0
      0      0      0      0      0      0      0      0      0      0      0      0      0      0      0      0      0      0      0     12      0      0     10      0      0      0      0      3      0      4      1      2      0      4      0      8      2     17     12      0      2      5     19     12      2      8     12     25      0      6     11     10      7      4      4      5      0      6      5     10      0      5      5      0     11      0      0      0      3      6      1      1      1      2      0      2      0      3      0      0      0      0      0      0      0      0      0      0      0      0      0      0      0      0      0      0      0      0      0      0
      0      0      0      0      0      0      0      0      0      0      0      0      0      5      0      0      0      0      0      0      7      0      1      0      0      0      0     15      0      0      9      3      5      1     23      0      0      0      0      5      3      4      0      7      4      8      0      2      0      8      2      5      2     31      4      8      3      0      2     11      2      7      8      0      0      0      4      5      0      0      5      0      0      0      0      0      0      0      0      0      0      0      3      0      0      0      0      0      0      0      0      0      0      0      0      0      0      0      0      0
      0      0      0      0      0      0      0      0      0      0      0      0      0      0      0      0      0      0      0      0      0      0      0      0      0     10      5      2      0      9      0      0      3      0      0      4      0      7      0     11      1      4      0      0      7     10      2      0     12      3      1      7      8      1      1      2     13      1      0      1      0      1      0      0      7      0      0      0      0      0      0      0      0      1      0      0      0      1      0      0      0      0      0      0      0      0      0      0      0      0      0      0      0      0      0      0      0      0      0      0
      0      0      0      0      0      0      0      0      0      0      0      0      0      0      0      0      0      0      0      0      0      0      0      0      0      0      0     12      0      4      0      0      0      0      0      0     15      1      5      0      1      4      3      0      4      0      7     10      0     25      0      0      2      7      4      5      0      0      2      0      0      4      0      5      0      1      0      0      0      0      4      0      0      0      0      0      0      0      0      0      0      0      0      0      0      0      0      0      0      0      0      0      0      0      0      0      0      0      0      0
      0      0      0      0      0      0      0      0      0      0      0      0      0      2      0      0      0      0      0      0      0      0      0      0      1      5      0      0      2      0      0      0      0      0      0      1      0     26      3      3      9      4      0      0      8      1      4      4      0      2      0      0     24      5      2     10      2      0      0      0      0      0      0      0      0      0      0      0      0      0      0      0      0      0      0      0      0      0      0      0      0      0      0      0      0      0      0      0      0      0      0      0      0      0      0      0      0      0      0      0
      0      0      0      0      0      0      0      0      0      0      0      0      0      0      0      0      0      0      0      0      0      0      0      0      0      0      0      0      0      0      0      0      0      0      0      0      0      2      1      0      2      1      3      7      0      1      8      0      0      1      2      0      0      0      0      2      0      5     11      0      0      0      0      0      1      8      4      0      0      0      0      0      0      0      0      0      0      0      0      0      0      0      0      0      0      0      0      0      0      0      0      0      0      0      0      0      0      0      0      0
      0      0      0      0      0      0      0      0      0      0      0      0      0      0      0      0      0      0      0      0      0      0      0      0      0      0      0      0      0      0      1      0      0      0      0      0      0      7      0      0      0      0      1      0      0     10      9      2      0      3      0      0      0      2      0      0      0      3      8      0      0      0      4      0      0      0      0      0      0      0     16      0      0      0     15      2      0      0      0      0      0      0      0      0      0      0      0      0      1      0      0      0      0      0      0      0      0      0      0      0
      0      0      0      0      0      0      0      0      0      0      0      0      1      0      0      0      0      0      0      0      0      0      0      0      0      0      0      0      0      0      0      1      0      0      1      0      0      0      0      0      0      4      0      0      0      0      0      6      0      0      8      0      1      0      0      0      0      0      1      1      0      3      0      0      0      0      0      0      0      0      0      0      0      0      0      0      0      0      0      0      0      0      0      0      0      0      0      0      0      0      0      0      0      0      0      0      0      0      0      0
      0      0      0      0      0      0      0      0      0      0      0      0      0      0      0      0      0      0      0      0      0      0      0      0      0      0      0      0      0      0      0      0      0      0      0      0      0      4      0      0      0      0      0      0      0      0      0      0      0      1      2      0      0     11      0      1      0      0      0      0      0      0      0      0      0      0      0      0      0      0      0      0      2      0      0      0      0      0      0      0      0      0      0      0      0      0      0      0      0      0      0      0      0      0      0      0      0      0      0      0
      0      0      0      0      0      0      0      0      0      0      0      0      0      0      0      0      0      0      0      2      0      0      0      0      0      0      0      0      0      0      0     11      0      0      0      0      0      1      0      3      0      0      0      0      0      0      0      0      9      2      0      0      0      3      0      0      0      5      0      0      1      0      0      0      0     22      0      0      0      0      0      0      0      0      0      0      0      0      0      0      0      0      0      0      0      0      0      0      0      0      0      0      0      0      0      0      0      0      0      0
      0      0      0      0      0      0      0      0      0      0      0      0      0      0      0      0      0      0      0      0      0      0      0      0      0      0      0      0      0      0      0      1      0      0      0      0      0      0      3      0     22      0      0      0      0      2      0      0      0      0      0      0      0      2     11      0      0      0      0      0      0      0      0      0      0      0      4      0      0      0      0      0      0      0      0      0      1      0      0      0      0      0      0      0      0      0      0      0      0      0      0      0      0      0      0      0      0      0      0      0
      0      0      0      0      0      0      0      0      0      0      0      0      0      0      0      0      0      0      0      0      0      0      0      0      0      9      0      0      0      0      0      0      0      0      0      0      0      0      1      0      0      0      0      0      0      0      0      0      0      0      2      0      0      1      1      0      0      0      0      0      0      0      0      0      0      0      0      0      0      0      0      0      0      0      0      0      0      0      0      0      0      0      0      0      0      0      0      0      0      0      0      0      0      0      0      0      0      0      0      0
      0      0      0      0      0      0      0      0      0      0      0      0      0      0      0      0      0      0      0      0      0      0      0      0      0      0      0      0      0      0      0      0      0      0      0      0      0      0      0      0      0      0      0      0      0      0      0      0      0      0      0      0      0      0      0      0      1      0      0      0      0      0      0      0      0      0      0      0      0      0      0      0      0      0      0      0      0      0      0      0      0      0      0      0      0      0      0      0      0      0      1      0      0      0      0      0      0      0      0      0
      0      0      0      0      0      0      0      0      0      0      0      0      0      0      0      0      0      0      0      0      0      0      0      0      0      0      0      0      0      0      3      0      0      0      0      0      0      0      0      0      0      0      0      0      0      0      0      0      0      0      0      0      0      0      0      0      0      3      2      0      0      0      0      0      8      0      0      0      0      0      0      0      0      0      0      0      0      0      0      0      0      0      0      0      0      0      0      0      0      0      0      0      0      0      0      0      0      0      0      0
      0      0      0      0      0      0      0      0      0      0      0      0      0      0      0      0      0      0      0      0      0      0      0      0      0      0      0      0      0      0      0      0      0      0      0      0      0      0      0      0      0      0      0      0      0      0      0      0      0      0      0      0      0      0      0      0      0      0      0      0      0      0      0      0      0      0      0      0      0      0      0      0      0      0      0      0      0      0      0      0      0      0      0      0      0      0      0      0      0      1      0      0      0      0      0      0      0      0      0      0
      0      0      0      0      0      0      0      0      0      0      0      0      0      0      0      0      0      0      0      0      0      0      0      0      0      0      0      0      0      0      0      0      0      0      0      0      0      0      0      0      0      0      0      0      0      0      0      0      0      0      0      1      5      0      0      0      0      0      0      0      0      0      0      0      0      0      0      0      0      0      0      0      0      0      0      0      0      0      0      0      0      0      0      0      0      0      0      0      0      0      0      0      0      0      0      0      0      0      0      0
      0      0      0      0      0      0      0      0      0      0      0      0      0      0      0      0      0      0      0      0      0      0      0      0      0      0      0      0      0      0      0      0      0      0      0      0      0      0      0      0      0      0      0      0      0      0      0      0      0      0      0      0      0      0      0      0      0      0      0      0      0      0      0      0      0      0      0      0      0      0      0      0      0      0      0      0      0      0      0      0      0      0      0      0      0      0      0      0      0      0      0      0      0      0      0      0      0      0      0      0
      0      0      0      0      0      0      0      0      0      0      0      0      0      0      0      0      0      0      0      0      0      0      0      0      0      0      0      0      0      0      0      0      0      0      0      0      0      0      0      0      3      0      0      0      0      0      0      0      0      0      0      0      0      0      0      0      0      0      0      0      0      0      0      0      0      0      0      0      0      0      0      0      0      0      0      0      0      0      0      0      0      0      0      0      0      0      0      0      0      0      0      0      0      0      0      0      0      0      0      0
      0      0      0      0      0      0      0      0      0      0      0      0      0      0      0      0      0      0      0      0      0      0      0      0      0      0      0      0      0      0      0      0      0      0      0      0      0      0      0      0      0      0      0      0      0      0      0      0      0      0      0      0      0      0      0      0      0      0      0      0      0      0      0      0      0      0      0      0      0      0      0      0      0      0      0      0      0      0      0      0      0      0      0      0      0      0      0      0      0      0      0      0      0      0      0      0      0      0      0      0
      0      0      0      0      0      0      0      0      0      0      0      0      0      0      0      0      0      0      0      0      0      0      0      0      0      0      0      0      0      0      0      0      0      0      0      0      0      0      0      0      0      0      0      0      0      0      0      0      0      0      0      0      0      0      0      0      0      0      0      0      0      0      0      0      0      0      0      0      0      0      0      0      0      0      0      0      0      0      0      0      0      0      0      0      0      0      0      0      0      0      0      0      0      0      0      0      0      0      0      0
      0      0      0      0      0      0      0      0      0      0      0      0      0      0      0      0      0      0      0      0      0      0      0      0      0      0      0      0      0      0      0      0      0      0      0      0      0      0      0      0      0      0      0      0      0      0      0      0      0      0      0      0      0      0      0      0      0      0      0      0      0      0      0      0      0      0      0      0      0      0      0      0      0      0      0      0      0      0      0      0      0      0      0      0      0      0      0      0      0      0      0      0      0      0      0      0      0      0      0      0
      0      0      0      0      0      0      0      0      0      0      0      0      0      0      0      0      0      0      0      0      0      0      0      0      0      0      0      0      0      0      0      0      0      0      0      0      0      0      0      0      0      0      0      0      0      0      0      0      0      0      0      0      0      0      0      0      0      0      0      0      0      0      0      0      0      0      0      0      0      0      0      0      0      0      0      0      0      0      0      0      0      0      0      0      0      0      0      0      0      0      0      0      0      0      0      0      0      0      0      0
      0      0      0      0      0      0      0      0      0      0      0      0      0      0      0      0      0      0      0      0      0      0      0      0      0      0      0      0      0      0      0      0      0      0      0      0      0      0      0      0      0      0      0      0      0      0      0      0      0      0      0      0      0      0      0      0      0      0      0      0      0      0      0      0      0      0      0      0      0      0      0      0      0      0      0      0      0      0      0      0      0      0      0      0      0      0      0      0      0      0      0      0      0      0      0      0      0      0      0      0
