\ 
\ Covariance Function Histogram Table
\ 
\ X Parameter: Log of RV Semi-Amplitude
\ X Abbrev   : logK
\ X Units    : none
\ X Items    : 100         
\ 
\ Y Parameter: Incident Flux
\ Y Abbrev   : Fave
\ Y Units    : 10^9 ergs s^-1 cm^-2
\ Y Items    : 100         
\ 
|col000|col001|col002|col003|col004|col005|col006|col007|col008|col009|col010|col011|col012|col013|col014|col015|col016|col017|col018|col019|col020|col021|col022|col023|col024|col025|col026|col027|col028|col029|col030|col031|col032|col033|col034|col035|col036|col037|col038|col039|col040|col041|col042|col043|col044|col045|col046|col047|col048|col049|col050|col051|col052|col053|col054|col055|col056|col057|col058|col059|col060|col061|col062|col063|col064|col065|col066|col067|col068|col069|col070|col071|col072|col073|col074|col075|col076|col077|col078|col079|col080|col081|col082|col083|col084|col085|col086|col087|col088|col089|col090|col091|col092|col093|col094|col095|col096|col097|col098|col099|
|int   |int   |int   |int   |int   |int   |int   |int   |int   |int   |int   |int   |int   |int   |int   |int   |int   |int   |int   |int   |int   |int   |int   |int   |int   |int   |int   |int   |int   |int   |int   |int   |int   |int   |int   |int   |int   |int   |int   |int   |int   |int   |int   |int   |int   |int   |int   |int   |int   |int   |int   |int   |int   |int   |int   |int   |int   |int   |int   |int   |int   |int   |int   |int   |int   |int   |int   |int   |int   |int   |int   |int   |int   |int   |int   |int   |int   |int   |int   |int   |int   |int   |int   |int   |int   |int   |int   |int   |int   |int   |int   |int   |int   |int   |int   |int   |int   |int   |int   |int   |
      0      0      0      0      0      0      0      0      0      0      0      0      0      0      0      0      0      0      0      0      0      0      0      0      0      0      0      0      0      0      0      0      0      0      0      0      0      0      0      0      0      0      0      0      0      0      0      0      0      0      0      0      0      0      0      0      0      0      0      0      0      0      0      0      0      0      0      0      0      0      0      0      0      0      0      0      0      0      0      0      0      0      0      0      0      0      0      0      0      0      0      0      0      0      0      0      0      0      0      0
      0      0      0      0      0      0      0      0      0      0      0      0      0      0      0      0      0      0      0      0      0      0      0      0      0      0      0      0      0      0      0      0      0      0      0      0      0      0      0      0      0      0      0      2      0      0      0      0      0      0      0      0      0      0      0      0      0      0      0      0      0      0      0      0      0      0      0      0      0      0      0      0      0      0      0      0      0      0      0      0      0      0      0      0      0      0      0      0      0      0      0      0      0      0      0      0      0      0      0      0
      0      0      0      0      0      0      0      0      0      0      0      0      0      0      0      0      0      0      0      0      0      0      0      0      0      0      0      0      0      0      0      0      0      0      0      0      0      0      0      0      0      0      0      0      0      0      0      0      0      0      0      0      0      0      0      0      0      0      0      0      0      0      0      0      0      0      0      0      0      0      0      0      0      0      0      0      0      0      0      0      0      0      0      0      0      0      0      0      0      0      0      0      0      0      0      0      0      0      0      0
      0      0      0      0      0      0      0      0      0      0      0      0      0      0      0      0      0      0      0      0      0      0      0      0      0      0      0      0      0      0      0      0      0      0      0      0      0      0      0      0      0      0      0      0      0      0      0      3      0      0      0      0      0      0      0      0      0      0      0      0      0      0      0      0      0      0      0      0      0      0      0      0      0      0      0      0      0      0      0      0      0      0      0      0      0      0      0      0      0      0      0      0      0      0      0      0      0      0      0      0
      0      0      0      0      0      0      0      0      0      0      0      0      0      0      0      0      0      0      0      0      0      0      0      0      0      0      0      0      0      0      0      0      0      0      0      0      0      0      0      0      0      0      0      0      0      0      0      0      0      0      0      0      0      0      0      0      0      0      0      0      0      0      0      0      0      0      0      0      0      0      0      0      0      0      0      0      0      0      0      0      0      0      0      0      0      0      0      0      0      0      0      0      0      0      0      0      0      0      0      0
      0      0      0      0      0      0      0      0      0      0      0      0      0      0      0      0      0      0      0      0      0      0      0      0      0      0      0      0      0      0      0      0      0      0      0      0      0      0      0      0      0      0      0      0      0      0      0      0      0      0      0      0      0      0      0      0      0      0      0      0      0      0      0      0      0      0      0      0      0      0      0      0      0      0      0      0      0      0      0      0      0      0      0      0      0      0      0      0      0      0      0      0      0      0      0      0      0      0      0      0
      0      0      0      0      0      0      0      0      0      0      0      0      0      0      0      0      0      0      0      0      0      0      0      0      0      0      0      0      0      0      0      0      0      0      0      0      0      0      0      0      0      0      0      0      0      2      0      0      0      5      0      0      1      0      0      0      0      0      0      0      0      0      0      0      0      0      0      0      0      0      0      0      0      0      0      0      0      0      0      0      0      0      0      0      0      0      0      0      0      0      0      0      0      0      0      0      0      0      0      0
      0      0      0      0      0      0      0      0      0      0      0      0      0      0      0      0      0      0      0      0      0      0      0      0      0      0      0      0      0      0      0      0      0      0      0      0      0      0      0      0      0      0      0      0      0      0      0      0      0      0      0      0      0      0      0      0      0      0      0      0      0      0      0      0      0      0      0      0      0      0      0      0      0      0      0      0      0      0      0      0      0      0      0      0      0      0      0      0      0      0      0      0      0      0      0      0      0      0      0      0
      0      0      0      0      0      0      0      0      0      0      0      0      0      0      0      0      0      0      0      0      0      0      0      0      0      0      0      8      0      0      0      0      0      0      0      0      0      0      0      0      0      0      0      0      0      1      5      0      0      0      0      0      0      0      0      0      0      0      0     10      0      0      0      0      0      0      0      0      0      0      0      0      0      0      0      0      0      0      0      0      0      0      0      0      0      0      0      0      0      0      0      0      0      0      0      0      0      0      0      0
      0      0      0      0      0      0      0      0      0      0      0      0      0      0      0      0      0      0      0      0      0      0      0      0      0      0      0      0      0      0      0      0      0      0      0      0      0      0      0      0      0     12      0      0      0      2      0      0      0      0      0      0      0      0      0      0      0      0      0      0      0      0      0      0      0      0      3      0      0      0      0      0      0      0      0      0      0      0      0      0      0      0      0      0      0      0      0      0      0      0      0      0      0      0      0      0      0      0      0      0
      0      0      0      0      0      0      0      0      0      0      0      0      0      0      0      0      0      0      0      0      0      0      0      0      0      0      0      0      0      0      0      0      0      0      0      0      2      0      0      0      0      0      3      0      0      0      0      0      0      0      0      0      0      0      0      0      0      5      0      0      0      0      1      0      0      0      0      0      0      0      0      0      0      0      0      0      0      0      0      0      0      0      7      0      2      0      0      0      0      0      0      0      0      0      0      0      0      0      0      0
      0      0      0      0      0      0      0      0      0      0      0      0      0      0      0      0      0      0      0      0      0      0      0      0      0      0      0      0      1      0      0     13      3      0      0      0      0      0      3      0      2     13      0      0      0      2      1      0      2      0      0      0      0      0      0      0      0      3      3      0      0      0      0      0      0      0      0      0      0      0      0      0      0      0      0      0      0      0      0      0      1      8      0      0      0      0      0      0      0      0      0      0      0      0      0      0      0      0      0      0
      0      0      0      0      0      0      0      0      0      0      0      0      0      0      0      0      0      0      0      0      0      0      0      0      0      0      0      0      0      0      0      0      0      0      0      0      0      0      0      1      0      3      0      0      0      1      0      0      0      0      0      1      4      1      0      0      3      0      0      0      6      0      0      0      3      5      0      0      1      0      0      0      0      0      0      0      0      0      0      0      0      0      0      0      0      0      0      0      0      0      0      0      0      0      0      0      0      0      0      0
      0      0      0      0      0      0      0      0      0      0      0      0      0      0      0      0      0      0      0      0      0      0      0      0      0      0      0      0      0      0      0      0      0      3      0      0      6      1      0      0      0      0      5      1      2      0      0      1      2      4      0      0      0      0      0      0      0      0      0      0      1      0      0      0      0      0      5      0      0      0      0      0      1      0      0      0      0      0      0      0      0      0      0      0      0      0      0      0      0      0      0      0      0      0      0      0      0      0      0      0
      0      0      0      0      0      0      0      0      0      0      0      0      0      0      0      0      0      0      0      0      2      0      0      0      0      0      0      0      0      0      0      0      4      0      0      0      9      0      0      0      1      2      0      0      9      9      0      0      0      0      0      0      1      0      0      3      3      0      3      0      0      0      0      2      0      0      0      0      0      0      0      0      0      0      0      0      0      0      0      0      0      0      0      0      0      0      0      0      0      0      0      0      0      0      0      0      0      0      0      0
      0      0      0      0      0      0      0      0      0      0      0      0      0      0      0      0      0      0      0      0      0      0      0      0      0      0      0      0      0      0      0      0      1      0      0      2      0      2      0      0      0      0      0      0      3      2      0      0      0      0      3      0      0      2      2      0      0      0      1      1      2      0      0      0      0      3      2      5      0      0      0      0      0      0      0      0      0      0      0      0      0      0      0      0      0      0      0      0      0      0      0      0      0      0      0      0      0      0      0      0
      0      0      0      0      0      0      0      0      0      0      0      0      0      0      0      0      0      0      0      0      0      0      0      0      0      0      1      0      0      0      4      0      0      0      2      0      4      0      0      1      0      0      0      8      3      0      2      0      0      3      1      0      2      4      6      0      0      0      0      0      0      3      0      0      0      0      0      0      0      0      0      0      0      0      0      5      0      0      0      0      0      0      0      0      0      0      0      0      0      0      0      0      0      0      0      0      0      0      0      0
      0      0      0      0      0      0      0      0      0      0      0      0      0      0      0      0      0      0      0      0      0      0      0      0      0      1      1      0     11      0      0      0      0      0      0      0      1      1      0      4      0      1      0     11      2      0      1      0      0      5      0      0      0      0      0      4      0      0      4      0      0      0      0      0      0      0      0      0      0      0      0      0      0      0      0      0      0      0      0      0      0      0      0      0      0      0      0      0      0      0      0      0      0      0      0      0      0      0      0      0
      0      0      0      0      0      0      0      0      0      0      0      0      0      0      0      0      0      0      0      0      0      0      0      0      0      0      2      0      0      0      3      0      1      0      5      0      0      6      0      3      7      2      0      0      0      0      0      4      0      1      3      1      0      3      9      0      0      0      0      0      0      4      0      0      0      0      0      0      0      0      0      0      0      0      0      0      0      0      0      0      0      0      0      0      0      0      0      0      0      0      0      0      0      0      0      0      0      0      0      0
      0      0      0      0      0      0      0      0      0      0      0      0      0      0      0      0      0      4      0      0      0      0      0      0      1      2      0      6      0      0      9      2      0      1      3      2     11     12      5      6      0      7      5      4     16      2      2      6      9      0      0      5      0      3      0      0      4      0      0      0      4      1      5      0      8      0      0      0      0      0      0      0      0      0      0      0      0      0      0      0      0      0      0      0      0      0      1      0      0      0      0      0      0      0      0      0      0      0      0      0
      0      0      0      0      0      0      0      0      0      0      0      0      0      0      0      0      0      0      0      0      0      4      1      0      0      2      0      0      0      4      0      1     15      0      0      0      2      1      4      1     12     10     12      0     12      3      2      2      0      0      1      2      6     12      2      0      5      3      0      4      4      4      1      0      0      4      0      0      0      0      0      0      8      0      0      0      0      0      0      3      0      0      0      0      0      0      0      0      0      0      0      0      0      0      0      0      0      0      0      0
      0      0      0      0      0      0      0      0      0      0      0      0      0      0      0      0      0      0      0      0      0      0      0      0      0      0      0      0      0      0      1      6      2      0      3     10      0      4      0      6      5      0     11      5      1      4      0      2      7      3      0      5      3      5      2      0      5      7      0      1      0      0      0      1      1      0      0      1      0      0      1      0      0      0      0      0      0      1      0      0      0      0      0      0      0      0      0      0      0      0      0      0      0      0      0      0      0      0      0      0
      0      0      0      0      0      0      0      0      0      0      0      0      0      0      0      0      0      0      0      1      2      6      5      0      0      7      0      0     11      0      5      0      3      6     12      9      3      3      0     17     21      2      4     17      6     11      7      6     10      0      2     14      0      2      3      9      1      1     11      7      0     10     14      2      2      4      0      5      1      0      0      8      8      0      1      0     11      0      2      0      0      0      0      0      0      0      0      0      0      0      0      0      0      0      0      0      0      0      0      0
      0      0      0      0      0      0      0      0      0      0      0      0      0      0      0      0      0      0      0      0      0     12      0      0      0      1      2      0      2     11      2      1      3      2      9      2      0      8     14      1      1      2      4      9     19     16      7     27     20      0      6      8      0     12      3      2     20      8      0      4      3      0      0      5      6      3      0      0      0      0      0      4      0      0      0      0      0      0      0      0      0      0      0      0      0      0      0      0      0      0      0      0      0      0      0      0      0      0      0      0
      0      0      0      0      0      0      0      0      0      0      0      0      0      0      0      0      0      0      0      0      0      0      0      4      0      2      0      4      3      0      3      2     11     12     12      5      6      8     12      9      4      5     14      3      3      8     20      7     12      1      0      2     11      8      9     27     11      0      5      6      3      6      2      2      8     19      0      0      4      2      0      4      0      1      0      0      0      0      0      0      0      0      3      0      0      0     11      0      0      0      0      0      0      0      0      0      0      0      0      0
      0      0      0      0      0      0      0      0      0      0      0      0      0      0      2      0      0      0      0      6      0      0      0      5      0      0      0      1      1      5      2     17     19     10     14      6      7      9      5     24     15     13      0     27     14     11      4     24      5     15     12     14      9     14      0      2      4      2      0     12      3      3     13      0      0      1      0      2      2      0      0      0     15      3      0      0      0      0      0      6      0      0      0      0      0      0      0      3      0      0      0      0      0      0      0      0      0      0      2      0
      0      0      0      0      0      0      0      0      0      0      0      0      0      0      0      0      3      3      0      0      0      0      8      0      1      4      7      2      1      5      5      3      4     14      5      0      3     20     13      3      9     10     19     19     30      7     15     12     11     22     23      9      5      7      5     15      4     12     22      2      5      2     11      0      1      2      0      2      0      0      0      0      0      3      0      0      0      0      1      0      0      8      0      0      0      0      0      2      0      0      0      0      0      0      0      0      0      0      0      0
      0      0      0      0      0      0      0      0      0      0      0      0      0      0      0      0      0      0      0      0      0      0      0      7      1      5      8      1      2      2      0      5      3     13      1      9     20     30     24      6      3     14     38      4     26     28      3      9      7     27     15      6      2      6     12     14      5      0      2      5      2     10      7      2      5      4      2     16      6      1      0      8      0      0      0      0      0      0      0      5      0      0      0      0      2      0      0      4      0      0      0      0      0      0      0      0      0      0      0      0
      0      0      0      0      0      0      0      0      0      0      0      0      0      0      0      0      0      0      0      0      0      8      2      6     12     11     12      2     13     11     16     33     37     13      7      5     38     57      9     21     19      7     12      9     23     21     18      9      8      8      8     12      7      0     11     25      0      3      4     25      5      5      7      1      6     20     13      3      5      6      1      5      0      0      0      0      0      3      0      2      1      0      0      0      1      0      0      0      0      0      0      0      0      0      0      0      0      0      0      0
      0      0      0      0      0      0      0      0      0      0      0      0      0      0      0      0      0      0      0      0      0      0      0      0     10      4      5      1     10      6     14      1     13     12     16     20     15     34     30     14     10     25     26     30     30      8     10     24     21     26     15      5     15     15     11     17     10      7      7      4     15     14      1     13      2      0      5      0      2      9      0      0      0      0      5      0      0      0      0      0      0      4      6      0      0      0      0      0      0      0      0      0      0      0      0      0      0      0      0      0
      0      0      0      0      0      0      0      0      0      0      0      0      0      0      0      0      0      3      0      3      0      3      6      7      1      3     18     19      1      2     22      7     20     25     10     24     29     15     31     21     45     45     12     48     24     34     29     28     11     17     43     25      6      5     22      5     19     30      5     11     10      8     26     21      9      0      0      2      3      0      1      0      0     13      0      0      0      0      0      0      0      3      1      0      0      0      0      0      0      0      0      0      0      0      0      0      0      0      0      0
      0      0      0      0      0      0      0      0      0      0      0      0      0      0      0      0      0      0      0      0      0      0      0      3      0      1      3      9      5     15     25     34     14     22     20     45      4     49     33     30     23     34     18     36     37      9     13     11     15      7     11     31     27     27     22     29     49     10     16     29     14      2      1      5      3      0      2     15      9      5      0      2     12      0      0      6      0      0      3      0      0      3      0      0      0      0      0      0      3      2      0      0      0      0      0      0      5      0      0      0
      0      0      0      0      0      0      0      0      0      0      0      0      0      0      0      0      7      0      6      0      1      6      7      6      2     15     15     24     31     10      3     19     26     41     23     24     24      8     47     44     15     25     17     42     18     33     42     37     17     13     21     16     24     11      7     13      5     22     23     22      6     10     12      3      4      0      0      9      2      4     12     13      0      0      8      0      0     14      7      0      0      0      0      0      0      0      0      0      1      0      0      1      1      0      0      0      0      0      0      0
      0      0      0      0      0      0      0      0      0      0      0      0      0      0      0      0      0      0      0      2      0      0      0      9     19      3      6     18      8      8      5     12     22     18     14     33     29     18     67     33     44     38     38     15      5     27     21     28     15     34     34     44     13     20     26     13     28      5     17     12     18     18     10     20     17      0      2     19     11      4      2     14      8      1      1      4      0      5      0      1      0      2      0     10      1      2      0      0      0      0      3      0      0      0      0      0      0      0      0      0
      0      0      0      0      0      0      0      0      0      0      0      0      0      0      0      0      1      0      3      0      0      0      2      6      9      2      6     14      2     23     22     19     25     15      6     36     13     33     59     14      4     26     32     44     58     63     53     15     25     82     50     55     28     29     35      6      6      5     18      8     15      9      7     17      7      6      0      3      0      1      4      2      1      3      1      5      1      9      0      0      0      0      0      0      0      2      0      0      0      1      0      0      0      0      0      0      3      0      0      0
      0      0      0      0      0      0      0      0      0      0      0      0      0      0      0      0      5      0      3      1      0      6     25      3     10     24     16      7      8     13     34     18     15     49     21     69     42     90     47     52     41     45     81     78     54     17     36     31     25     29     39     17     52     42     19     38     22     26     21     15     25      5      2     23     12     12     19      1      4      9      9      6     28     13      1      0      2      0      0      2      3      0      0      0      0      0      0      0      1      0      0      0      0      0      0      0      0      0      0      0
      0      0      0      0      0      0      0      0      0      0      0      0      0      0      0      0      0      0      4      3      0     17      0      5      0      8      9     32     22     10     38     35     10     61     24     28     44     69     66     42     84     89     27     74     29     42     68     19     65     37     55     52      9     13     30     22     14     25     48     25     31      6     70     35      7      4      0      6     11     23      3      1      4     20      0      4      0      0      3      0      0      4      2      0      0      0      0      0      0      0      0      4      0      0      0      0      0      0      2      0
      0      0      0      0      0      0      0      0      0      0      0      0      0      0      0      0      0      0      0      0      0      0      4      2     12      1      6     21     15     32      9     32     29     27     80     84     42     37     44     60     55     38     48     59     18     61     72     23     93     65     43     18     28     38     26     14      7     17     18     12     47     10     37      1     16     20     14      1      4      0      7      4      7      2      3      1      4      0     10      1      4      0     14      0      0      0      0      0      0      0      0      0      0      0      0      0      0      0      0      0
      0      0      0      0      0      0      0      0      0      0      0      0      0      0      0      0      0      0      1      2      8      5      0     17     10      7     27     14     19     16     37     28     41     47     58     19     56     56     30     43     40     53     46     61     61     33     28     47     58     24     53     46     24     13     64     43     25     12     14     15     17     15      7     26     15     18     14     27      7     12      3      8      2      5      7      0      0      0      0      6      4      0      0      0      0      0      1      0      0      0      0      1      1      1      3      0      0      0      0      0
      0      0      0      0      0      0      0      0      0      0      0      0      0      0      0      0      0      0      5      5      2      0      0      2     24     29     36     18     38     30     19     13     59     41     32     48     71     54     23     51     40     30     66     17     56     67     42     38     36     42     32     75     22      5     34     20     78     16     40     28     33     33     18     16     26     21     13     28     12      4      2      4     16      3      2      7      4      0      4      0      0      0      2      7      2      0      0      0      0      1      0      0      0      0      0      0      0      0      0      0
      0      0      0      0      0      0      0      0      0      0      0      0      0      0      0      0      0      0      2      1      1      0     13     11      5      8     38     14     14     27     39     23     31     28     55     66     78     44     70     89     70     48     52     60     75    104     60     41     65     36     42     52     37     45     72     31     17     20     22      6     25     15     41      7     16     25     27     37      8     14     17      8      0      0      0      0     16      2     17      0      0      0      2      0      0      6      3      0      0      1      0      3      0      0      0      0      0      0      0      0
      0      0      0      0      0      0      0      0      0      0      0      0      0      0      2      0      2      0      0      0      5      7      1      3     12      6      9     35     33     27     58     90     38     37     99     49     50     38     70    101     50     34    117     41     62     65     62     42     33     74    103     53     64     31     55     23     26     47      6     20      9     29     20      9     22     16     17     55     10      2     11     14     11      2     18      5      4      3     12      2      0      8      0      0      1      0      9      0      0      0      0      0      0      0      0      0      0      0      0      0
      0      0      0      0      0      0      0      0      0      0      0      0      0      0      0      3      0      0      1      0     14      0     19      2     16     24     33     22     44     63     50     26     75     68     60     33     97     88     90     73     50     52     82     59     84     41     69     56     73     69     29     78     48     73     66     61     41     46     22     13     30     59     23     10     14     10     16      7      2      9     16      8      2      2      4      1      7      1      9      4      6      0      5      0      5      0      2      1      0      0      1      2      5      0      0      0      0      0      0      0
      0      0      0      0      0      0      0      0      0      0      0      0      0      0      0      0      1      0      0      8     11     11      0     19     17     28      5     15     29     40     45     79     97     70     71     50     54     80     65     75     46     55    100     82     89     89     41     55     57     35     39     40     44     33     72     37     92     80     28     47     52     18     20     23     24      8      9     10     19      2     32     27     10      0     17     10      6      6     11      0      0      0      0      0      0      0     14      1      0      0      0      0      0      0      0      0      0      1      2      0
      0      0      0      0      0      0      0      0      0      0      0      0      0      0      0      0      0      2     15      0     10      6      4      4     14     27     33     49     37     56     29     35     43     78     73     60     92     79     54     43     52     55     77     61     83     92     86     75     81     31     56     55     69     63     28     63     42     33     20     38     31     11     31     23     20     30     10     10     18      5     15      7      1      6      7     19      9      3      5      9      1      5      4      2      0      0      0      1      0      1      3      0      5      0      0      5      0      5      0      0
      0      0      0      0      0      0      0      0      0      0      0      0      0      0      0      0      0      1      1      0      1      0      0     23      6     40     26     24     46     35     45     87     86     57    121    104     92    163     73     56     59     88    182     68    109     84     82    118     76     44     59     70    112     39     84     24     45     54     22      7     27     21     25     16     15     11     22      7     56     20      1      4      9      7     11      6      1      0     11      1      1      0      2      2      0      0      0      2      0      0      0      1      5      0      0      0      0      0      0      0
      0      0      0      0      0      0      0      0      0      0      0      0      0      0      0      0      1      3      5      8      8      1      6      5     33     24      5     34     64     20     63     67     39     71     58     98     68    106     88     28     82     44     95     97     50    110    100     80     68     81     69     64     35     80     82     43     58     19     44     24     37     24     32     20     25     14     11     22      9     10      5     17      0     13      9      9      4      0      0      0      0      0      2      8      1      0      4      0      2      0      0      0      0      0      0      0      0      0      0      0
      0      0      0      0      0      0      0      0      0      0      0      0      0      0      0      0      0      0      6      8      1      6      5     36     15     44      6     74     72     53     54     42     56     91     53     78     90    165     59    100    105     57     94     85     63     52     49    118     63     70     58     48     75     52     74     71     34     65     30     27     23     24     46     34      2     18     14      5     26     31     24      8      0     14      7     17      7      3      9      0      0      0     11      1      4      0      0      0      6      2      1      0      2      1      0      0      0      0      0      0
      0      0      0      0      0      0      0      0      0      0      6      0      0      0      0      0      0      0      2      0     11     14      2      5     13     16     19     29     33     40     64     56     60     93     42     68     60     92     86    195     74    102     80     56     85     80     81    109     80     62     99     80     42     44    111     23     60     34     29     50     15     39     38     22     17     45      7      7     16     20      2      7      9      1      9      8      7      0      0      1      5      1      0      3      1      0      0      0      0      3      0      2      0      0      0      0      0      0      0      0
      0      0      0      0      0      0      0      0      0      0      0      0      0      0      6      0     15      2      9     15      7     17     28      8     10     15     36     33     12     81     48     58     61     41     86     39     89     47     53    153     78     99     58    109    107     56     64     62     69    146     73     31     45     26    116     39     48     55     26     13     41     52     27     32      8     12     23     26      9      7     51     21     17     17     18      4      1      0     16      0      0      2      1      0      0      7      0      7      8      0      2      0      0      0      0      1      0      0      0      0
      0      0      0      0      0      0      0      0      0      0      0      0      0      0      0      9      0      2      9      0      7      8     17     18     16     12     22     26     54     96     86     76     27     86     59    101    137     28     88     70    101     78    110     91     60    105     56     74     79     59     68     66     57     57     45     68     58     36     34     32     47     21     44     29     10     27      2     24      9      9      8      1      0      1      9      3     13     11      2      5      3     10      7      0      3      0      9     10      3      0      0      0      0      0      0      0      0      0      0      0
      0      0      0      0      0      0      0      0      0      0      0      0      0      0      0      0      0      1     34      1      7     16     37     42     17     25     23     52     80     32     28     60     57     40     74     57     62     84     78     84    110     84     96     54     67    111     84     92    122     90     39     84     60     58     74     73     41     67     38     22     28     50     44     36     23     24     34     21     15      5     20     21     12     24      5     19      8      2      4      1      0      8      1      0      0      0      0      0      0      0      0      0      0      0     11      2      0      0      0      0
      0      0      0      0      0      0      0      0      0      0      0      0      0      0      3      0      0      0      6      7      8     12     17      7     35      8     18     20     57     64     76     61     45    105     72     83     97    156     40    111     93    112     73     92     89    116     62    117     91     50     39     67     39     63     49     89     58     14     31     58     36     25     36     13     35     17     34     16      2     17     19      2     26     13      0      3      6     14      2      3      8      0      4      1      0      0      0      2      0      6      0      2     19      0      8      0      0      2      3      0
      0      0      0      0      0      0      0      0      0      0      0      0      0      0      0      0      0      0      0      5     11     14     10     24      8     29     18     24     48     62     34     48     60     38     62    120    140     81     79     77     44     74     85    117     76     83    126     56     83     67     73     82     66     40     69     42     33     49     14     37     35     27     30     39     46     15     29     31     12     25     17     14     32      8     13      8      5      1      0      6     10      5      9      0      0      4      0      6      0      0      0      0      0      2      0      0      0      0      0      0
      0      0      0      0      0      0      0      0      0      0      0      0      0      0      0      0      0      0      2      0      7      4     10     13     12     19     33     45     36     48     78     87     52     66    100     62     50    122     54    104     88     66     94     78     67     70    108     48     56     87    121     54     35    100     39     45     44     48     52     51      9     27     20     24     14      4     16     21      8      2     15      0     16      6      3      0     14      4     14     12      9      5      0      1      0      0     24      0      2      0      1      0      1      2      0      0      0      2      0      0
      0      0      0      0      0      0      0      0      0      0      0      0      0      0      0      0      2      0      5      0      9      3     14     16     28     39     26     46     48     25     65     63     29     68     91     54     79     92    115     89     36     56     94     78     93     67     96    102    111     53     58     48     37     84     31     34     34     20     53     22     37     40     38     27      7     19      5     20     23      9      5      0     25      7      0     13      2      5     11      7      6      0      0      1      0      2      0      6      2      2      1      3      0      0      0      0      0      0      1      0
      0      0      0      0      0      0      0      0      0      0      0      0      0      0      0      0      0      0      8      4      2      2     11      6     21     27     27     17     58     45     50     38     82     88     69     50    111    164    108    108     77    131    133     69     80     72     70    106     78     58     96     62     42     56     77     76     35     82     41     27     12     29     37      9     16     16      9     12     23     26      7     13      3     20     10      0      3      3      6      8      8      0      0      0     12      3      0      0      2      2      0      0      0      0      0      0      0      0      0      0
      0      0      0      0      0      0      0      0      0      0      0      0      6      0      1      0      5      0      1      1      0     22      8      7     12     35     23     36     51     78     35     68     60     74     83     87     50     50     83     42     55    108     58    116    120     97     51     61    102    101     57     64     32     68     48     49     46     40     23     56     62     45     28      8     18     14      8     38     24      9     22     20      1      2      4     11      2      0      3      0      2      0      8      0      5      1      4      0      0      0      0      1      0      0      0      1      0      0      0      0
      0      0      0      0      0      0      0      0      0      0      0      0      0      0      1      0     12      1      3      1     11      3     11     15     27     17      6     65     48     61     51     94     43     66     76     52     68     91    109     92     65    101     66     54    110     64     55     45    102     54     64     86     36     55     64     57     25     30     33     24     48     28     13     30     10     30     39     18     12     17      1      0     17      5      4     20     28      6      6      0      2      0      0      0      0      0      0      0      0      1      0      4      0      0      0      0      0      0      0      0
      0      0      0      0      0      0      0      0      0      0      0      0      7      0      0      3      0      0      3      2      2      2     14     21     14     31     12     18     25     56     41     53     28     45     35     80     37     80     52     47     78     81     74     72     44     66    107     65     46     50     75     30     63     53     44     12     54     64     30     41     47     40      7      5     21     28      9      2     14     17     20      8      3      6      1      0     14      9      5      3      0      0      1      8      0      0      1      6      3      0      8      7      0      0      0      0      0      0      0      0
      0      0      0      0      0      0      0      0      0      0      0      0      0      0      0      0      0      0      0      0      4      0      5     16      2      6     40     10     28     23     41     38     22     24     51     55     67     38    111     69     78     71     13     86     99     46     96     42     93     71     37     62     47     28     44     60     37     51     13     45     93     25     19     56     10      5      7      1      7      5      0     10      4     16      2     16      8     13      2      3      4      9      0      0      0      0      9      0      0      0      0      0      0      0      1      0      0      0      0      0
      0      0      0      0      0      0      0      0      0      0      0      0      0      0      0      0      0      1      3      0      0      5      2      9     27     25     28     15     37     47     31     54      9     85     78     64     51     39     54     59     71     81     74     65     39     66    103     48     44     23     39     34     67     52     45     32     26     35      4      9     22     44      9     19     25      4      4     31     10     13     27      5     48      3      6      6     10      1      1      5      3      0      0      7      3     10     12      0      0      0      0      0      0      0      0      0      0      0      0      0
      0      0      0      0      0      0      0      0      0      0      0      0      0      0      5      0      0      0      7      0     14      5      6     28      7      8     28     36     47     28     42     37     49     55     69     94     74     79     87     55     48     81    113     72     56     59     58     31     57     44     72     45     13     32     30     29     18     41     43     11     12     16     39     15     10     32     13     17      6      2      6      5      6      4      4      1      0      5      7     11      8      0      5      4      0      0      0      0      0      0      0      0      0      0      0      0      4      0      0      0
      0      0      0      0      0      0      0      0      0      0      0      0      0      0      0      1      0      2      0      0      9      4     22     18     18     22     26     10     34     38     13     48     40     65     60     33     44     42     46     31     44     79     59     43     58     55     39     39     45     66     29     31     21     60     23     17     47      8      8     67     10     31     33      7     15      3      4     10      0      1      8      3      0      5     12      1      2      2      0      0      0     10      0      0      0      0      0      0      0      0      0      1      0      0      0      0      0      0      0      0
      0      0      0      0      0      0      0      0      0      0      0      0      0      0      0      0      0      3      0      5      6      9      0      4      5     60     20     14      5     29     73     48     61     12     50     63     35     51     86     72     81     60    105     44     35     93     34     60     40     49     46     41     50     70     38     25     29     15      2     10     19     17     26     32     11      9      4      3      6      0      3     18      1     41      3      0     13      0      0      3      0      0      0      0      2      0      1      0      0      0      0      0      0      0      0      0      0      0      0      0
      0      0      0      0      0      0      0      0      0      0      0      0      0      1      0      0      0      4      6      0      6      9      0      9     15      6     33     21      9     39     14     25     35     37     33     49     35     26     69     34     52     34     33     49     19     51     86     45     33     51     26     24     34     18     20     41      7     30     48     11     13      0      4     11     13     15      4      3      6     10     30     13      6      0      1      0      0      0      0      6      3      0      0      0      0      0      0      0      0      0      0      0      0      0      2      0      0      0      0      0
      0      0      0      0      0      0      0      0      0      0      0      0      0      0      0      0      0      0      0     11      0      0      9      7      0     26     27     21      6     54     48     26     39     44     35     18     24     56     58     24     51     50     21     16     84     59     49     32     14     20     29     54     51     28     23     24     20     12     13      9     33     22      7     16      2     16      6      1     19      1      2      2      2      5      8      2     14      8      2      0      0      0      0      0      0      0      0      0      0      0      0      0      0      0      0      0      0      0      0      0
      0      0      0      0      0      0      0      0      0      0      0      0      0      0      0     11      0      4      3      0      3     10      6      6      5     12      0     22     10     28     19     23     25     45     49     30     18     17     51     44     56     31     32     71     46     24     25     26     51     55     29     41     43      6     24     25     12      6     25      5      8     13     10     23     11      0      0      4     14     14     15      3      0      0      5      0      1      1      0     13      6      0      0      4      0      0      5      0      0      0      4      0      0      0      0      0      0      0      0      0
      0      0      0      0      0      0      0      0      0      0      0      0      0      0      0      0      0      0      0      0      9      9      6      4     13      7      3     27      6     21     46     22      6     38     37     52     15     47     47     53     51     32     25     28     17     26     18     19     26     33      0     12     22     14      9      4     26     10      7     11      4      5     35     20     10     18      9      0      3     19      2      1      0      0      2      2      0      3      0      0      4      0      9      0      0      4      0      0      0      0      0      6      0      0      0      0      0      0      0      0
      0      0      0      0      0      0      0      0      0      0      0      0      0      0      0      0      0      0      1      1      1      2      0      2      5      1     12     14      6     46      6      4     25     39     76     17     53     15      6     25     24     13     42     10     18     57     29     23     23     25     27      5     27      9     45     10     14     25     18     14     21      3      4      6     20     12     10      1     13      6     10      3      0      6      0      5      0      0      0      2      0      0      0      0     11      0      0      0      0      0      0      0      0      0      0      0      1      0      0      0
      0      0      0      0      0      0      0      0      0      0      0      0      0      0      0      0      2      0      0      7      0      0      7      0      6     18      9     22     14     17     27     26     14     18     47     19     36     19     13     29     38     18     22     47     13     20     29     26     22     12     11      8     24     17      6      9     12      8     19      7     11      2      0      1      9     13     11      1      0      6     14      0      1      8      0      1      0      0      0      0      0      0      0      0      2      4      2      0      0      0      0      0      0      0      0      0      0      0      0      0
      0      0      0      0      0      0      0      0      0      0      0      0      2      0      0      8      0      0      0      2      0      3      2      3      0     17     18      3      4     17      1     25     45      8     47     10     14     17     19      7     41     12     29     18     18      5      5     32     34     32     24      6      4     32      3     31     17     14      5      4      0      8      8     10      0      7      0      0      3     11      2      0      2      0      0      0      2      5      0      0      2      0      0      0      0      0      1      0      0      0      0      0      0      1      0      0      0      0      0      0
      0      0      0      0      0      0      0      0      0      0      0      0      0      0      0      0      0      0      0      0     11      9      9      0      7     24      8      0     16      4      3     14      1     18      4     11      4     20      1     20     29     17     20     31     15     18     21     11     13     14     13      6      0     14     10     11      4     26      0     11      8      0      9      9      1      2      0      4      0      1     10      0      0      5      0      0      4      4      0      0      0      2      0      0      0      0      0      0      0      0      0      0      0      0      1      0      0      0      0      0
      0      0      0      0      0      0      0      0      0      0      0      0      0      0      0      0      0      0      4      9      0      0      6      2      0     15      9      6     12      8     10     11     24      0      6      7     10     27     18      5     29     23     36      6     37      3     11      4     23      9     14      7     10      9      3      4      5      2     10      9     19      1      2      0      0      0      9      0      0      0      7      3      1      0      0      0      0      1      1      0      0      0      0      0      0      0      0      0      0      0      0      0      0      0      0      0      0      0      0      0
      0      0      0      0      0      0      0      0      0      0      0      0      0      0      0      0      6      1      0      0      0      0      0      7      8      6      0      3      4      2      1      4      9      5     32      1      0      4     15      1      0     22     10     16      4      8      5     21     10     33     42      3     14      8     16     12      0     10      4     12      0      0      6      2      4      0      3      1      2      0      0      3      0      0      0      0      3      2      0      0      0      0      0      0      0      1      0      0      0      0      0      0      0      0      0      0      0      0      0      0
      0      0      0      0      0      0      0      0      0      0      0      0      0      0      0      0      0      0     14      0      0      3      0      0      0      0      0     18      8      4      3      6      3      1      7     10      2      0     14     25      8     11     14     28      6     25     26     14     25      3      0      0      2      1      5      0      4      2      0      7      0      0      0      0      0      0      3      0      0      0      1      0      3      2      0      0      0      0      0      0      0      0      0      0      0      0      0      0      0      0      0      0      0      0      0      0      0      0      0      0
      0      0      0      0      0      0      0      0      0      0      0      0      0      0      0      0      0      0      0      1      0      0      4      0      2      0      1      1      0      1      0      3      4     11      1      4     14     16      3     32     14      5      0      0     10     20      3      4      5     16      3      0      4      0      6      3      0      1      0     10      2      0      5      2      5      0      5      0      0      8      1      0      0      0      8      0      0      0      0      0      0      0      0      0      0      0      0      1      0      0      0      0      0      0      0      0      0      0      0      0
      0      0      0      0      0      0      0      0      0      0      0      0      0      0      0      0      0      0     12      0      0      0      3      0     10      0      0      4      1      0      4      4      5     17     10     12      5      4     14     20      3     24      5     12      8      8      0     10      4      4      7      0      6      9      4      6      2      1      1      0      4      5      0      0      6      0      7      2      0      0      0      1      0      1      3      0      0      0      0      0      0      0      0      0      0      0      0      0      0      0      0      0      0      0      0      0      0      0      0      0
      0      0      0      0      0      0      0      0      0      0      0      0      0      0      0      0      5      0      0      8      0      6      9      0      0      0      0      0      3      6     16     14      0      0      7      2      1      6      2      5      7      2     27      3      7      7      0      8      4      1      2      8      4      6      0      2      5      5      5      0      6      8      0      0      0      0      5      0      0      0      0      0      0      0      0      0      0      0      0      0      0      0      0      0      0      0      0      0      0      0      0      0      0      0      0      0      0      0      0      0
      0      0      0      0      0      0      0      0      0      0      0      0      0      0      0      0      0      0      0      0      0      0      0      2     10      0      0     10      9      6      4      0      0      6      0      9      0      8      0      0      2      0     12     12      3      0      0      0      2      6      0      5      2     13      7      1      0      0      0      0      0      0      0      0      3      0      0      0      0      1      1      0      0      0      0      0      0      0      0      0      0      1      0      0      0      0      0      0      0      0      0      0      0      0      0      0      0      0      0      0
      0      0      0      0      0      0      0      0      0      0      0      0      0      0      0      0      0      0      0      0      0      0      0      0      3      9      0      0      4      0      6      0      4      8      2      7      0      1      3      9      0      0     41      6      0      4      0      0      2      4      2      0      0      0      0      0      2      0      3      0      0      0      0      0      0      0      0      0      1      0      0      0      0      0      0      0      0      0      0      4      0      0      0      0      0      0      0      0      0      0      0      0      0      0      0      0      0      0      0      0
      0      0      0      0      0      0      0      0      0      0      0      0      0      0      0      0      2      0      0      0      5      1      0      0      0      2      0      0      0      1     20      4      1     11      0      0      6     13      4      2      0      1      1      1      0      1      1      0      7      1      0     10      2     16      0      5      0      0      0      0      0      0      0      0      0      0      0      0      0      0      0      0      0      0      0      0      0      0      0      0      0      0      0      0      0      0      0      0      0      0      0      0      0      0      0      0      0      0      0      0
      0      0      0      0      0      0      0      0      0      0      0      0      0      0      0      0      0      0      0      0      0      0      0      0      0      0      0      0      0      3      0      0      0      1      2      3      0      7      0      1      9      0      0      2      0      2      0      0      0      2      0      0      9      0      6      0      8      0      0      0      0      0      0      0      0      0      0      0      0      0      0      0      0      0      4      0      0      0      0      0      0      0      0      0      0      0      0      0      0      0      0      0      0      0      0      0      0      0      0      0
      0      0      0      0      0      0      0      0      0      0      0      0      0      0      0      0      0      0      0      0      0      0      0      0      0      0      0      0      0      0      0      1      1      0      0      7      3      0      0     10      0      9      2      0      0      2      0      0      0      0      5      0      0      0      3      0      1      2      0      0      0     18      0      0      4      0      0      0      0      0      0      0      0      0      0      0      0      0      0      0      0     15      0      0      0      0      1      0      0      0      0      0      0      0      0      0      0      0      0      0
      0      0      0      0      0      0      0      0      0      0      0      0      0      0      0      0      0      0      1      0      0      0      0      0      0      0      0      0      0      1      0      0      0      2      0      0      0      0      0      0      0      0      0      9      9      0      0      0      0      0      0      0      0      0      4      0      0      1      0      0      0      0      0      0      0      0      0      0      0      0      0      0      0      0      0      0      0      0      0      0      0      0      0      0      0      0      0      0      0      0      0      0      0      0      0      0      0      0      0      0
      0      0      0      0      0      0      0      0      0      0      0      0      0      0      0      0      0      0      0      0      0      0      0      0      0      0      0      0      0      0      0      0      0      0      0      4      0      0      0      0      0      0      0      0      0      3      1     11      0      0      0      0      0      0      0      0      0      2      0      0      0      0      0      0      0      0      0      0      0      0      0      0      0      0      0      0      0      0      0      0      0      0      0      0      0      0      0      0      0      0      0      0      0      0      0      0      0      0      0      0
      0      0      0      0      0      0      0      0      0      0      0      0      0      0      0      0      0      0      2      0      0      0      0      0      0      0      0      0     11      0      0      0      0      1      1      0      0      2      0      0      0      2      0      0      0      0      0      0     17      0      0      0      0      0      0      1      0     22      0      0      0      0      0      0      0      0      0      0      0      0      0      0      0      0      0      0      0      0      0      0      0      0      0      0      0      0      0      0      0      0      0      0      0      0      0      0      0      0      0      0
      0      0      0      0      0      0      0      0      0      0      0      0      0      0      0      0      0      0      0      0      0      0      0      0      0      0      0      0      0      1      0      2      4      0      0      0     18      0      0      3      0      0      0      0      0      0      0     11      2      0      0      0      0      0      0      0      0      0      0      0      4      0      0      0      0      0      0      1      0      0      0      0      0      0      0      0      0      0      0      0      0      0      0      0      0      0      0      0      0      0      0      0      0      0      0      0      0      0      0      0
      0      0      0      0      0      0      0      0      0      0      0      0      0      0      0      0      0      0      0      0      0      0      9      0      0      0      0      0      0      0      0      0      0      0      0      0      0      0      0      1      2      0      0      0      1      1      0      0      0      0      0      0      0      0      0      0      0      0      0      0      0      0      0      0      0      0      0      0      0      0      0      0      0      0      0      0      0      0      0      0      0      0      0      0      0      0      0      0      0      0      0      0      0      0      0      0      0      0      0      0
      0      0      0      0      0      0      0      0      0      0      0      0      0      0      0      0      0      0      0      0      0      0      0      0      0      0      0      0      0      0      0      0      0      0      0      0      0      0      0      0      0      0      0      0      0      0      0      0      0      0      0      0      0      0      1      0      0      0      0      0      0      0      0      0      0      0      0      0      0      0      0      0      0      0      0      0      0      0      0      0      0      0      0      0      0      0      0      0      0      0      0      0      0      0      0      0      0      0      0      0
      0      0      0      0      0      0      0      0      0      0      0      0      0      0      0      0      0      0      0      0      0      0      0      0      0      0      0      0      0      0      0      3      0      0      0      0      0      0      0      0      0      0      0      0      0      0      0      0      0      2      3      0      0      0      0      0      8      0      0      0      0      0      0      0      0      0      0      0      0      0      0      0      0      0      0      0      0      0      0      0      0      0      0      0      0      0      0      0      0      0      0      0      0      0      0      0      0      0      0      0
      0      0      0      0      0      0      0      0      0      0      0      0      0      0      0      0      0      0      0      0      0      0      0      0      0      0      0      0      0      0      0      0      0      0      0      0      0      0      0      0      0      0      0      0      0      0      0      0      0      0      0      0      0      0      0      0      0      0      0      0      0      0      0      0      0      0      0      0      0      0      0      0      0      0      0      0      0      0      0      0      0      0      0      0      0      0      0      0      0      0      0      0      0      1      0      0      0      0      0      0
      0      0      0      0      0      0      0      0      0      0      0      0      0      0      0      0      0      0      0      0      0      0      0      0      0      0      0      0      0      0      0      0      0      0      0      0      0      0      0      0      0      5      0      1      0      0      0      0      0      0      0      0      0      0      0      0      0      0      0      0      0      0      0      0      0      0      0      0      0      0      0      0      0      0      0      0      0      0      0      0      0      0      0      0      0      0      0      0      0      0      0      0      0      0      0      0      0      0      0      0
      0      0      0      0      0      0      0      0      0      0      0      0      0      0      0      0      0      0      0      0      0      0      0      0      0      0      0      0      0      0      0      0      0      0      0      0      0      0      0      0      0      0      0      0      0      0      0      0      0      0      0      0      0      0      0      0      0      0      0      0      0      0      0      0      0      0      0      0      0      0      0      0      0      0      0      0      0      0      0      0      0      0      0      0      0      0      0      0      0      0      0      0      0      0      0      0      0      0      0      0
      0      0      0      0      0      0      0      0      0      0      0      0      0      0      0      0      0      0      0      0      0      0      0      0      0      0      0      0      0      0      0      0      0      0      0      0      3      0      0      0      0      0      0      0      0      0      0      0      0      0      0      0      0      0      0      0      0      0      0      0      0      0      0      0      0      0      0      0      0      0      0      0      0      0      0      0      0      0      0      0      0      0      0      0      0      0      0      0      0      0      0      0      0      0      0      0      0      0      0      0
      0      0      0      0      0      0      0      0      0      0      0      0      0      0      0      0      0      0      0      0      0      0      0      0      0      0      0      0      0      0      0      0      0      0      0      0      0      0      0      0      0      0      0      0      0      0      0      0      0      0      0      0      0      0      0      0      0      0      0      0      0      0      0      0      0      0      0      0      0      0      0      0      0      0      0      0      0      0      0      0      0      0      0      0      0      0      0      0      0      0      0      0      0      0      0      0      0      0      0      0
      0      0      0      0      0      0      0      0      0      0      0      0      0      0      0      0      0      0      0      0      0      0      0      0      0      0      0      0      0      0      0      0      0      0      0      0      0      0      0      0      0      0      0      0      0      0      0      0      0      0      0      0      0      0      0      0      0      0      0      0      0      0      0      0      0      0      0      0      0      0      0      0      0      0      0      0      0      0      0      0      0      0      0      0      0      0      0      0      0      0      0      0      0      0      0      0      0      0      0      0
      0      0      0      0      0      0      0      0      0      0      0      0      0      0      0      0      0      0      0      0      0      0      0      0      0      0      0      0      0      0      0      0      0      0      0      0      0      0      0      0      0      0      0      0      0      0      0      0      0      0      0      0      0      0      0      0      0      0      0      0      0      0      0      0      0      0      0      0      0      0      0      0      0      0      0      0      0      0      0      0      0      0      0      0      0      0      0      0      0      0      0      0      0      0      0      0      0      0      0      0
      0      0      0      0      0      0      0      0      0      0      0      0      0      0      0      0      0      0      0      0      0      0      0      0      0      0      0      0      0      0      0      0      0      0      0      0      0      0      0      0      0      0      0      0      0      0      0      0      0      0      0      0      0      0      0      0      0      0      0      0      0      0      0      0      0      0      0      0      0      0      0      0      0      0      0      0      0      0      0      0      0      0      0      0      0      0      0      0      0      0      0      0      0      0      0      0      0      0      0      0
      0      0      0      0      0      0      0      0      0      0      0      0      0      0      0      0      0      0      0      0      0      0      0      0      0      0      0      0      0      0      0      0      0      0      0      0      0      0      0      0      0      0      0      0      0      0      0      0      0      0      0      0      0      0      0      0      0      0      0      0      0      0      0      0      0      0      0      0      0      0      0      0      0      0      0      0      0      0      0      0      0      0      0      0      0      0      0      0      0      0      0      0      0      0      0      0      0      0      0      0
