\ 
\ Covariance Function Histogram Table
\ 
\ X Parameter: Log of RV Semi-Amplitude
\ X Abbrev   : logK
\ X Units    : none
\ X Items    : 100         
\ 
\ Y Parameter: Stellar Surface Gravity
\ Y Abbrev   : logg*
\ Y Units    : cgs
\ Y Items    : 100         
\ 
|col000|col001|col002|col003|col004|col005|col006|col007|col008|col009|col010|col011|col012|col013|col014|col015|col016|col017|col018|col019|col020|col021|col022|col023|col024|col025|col026|col027|col028|col029|col030|col031|col032|col033|col034|col035|col036|col037|col038|col039|col040|col041|col042|col043|col044|col045|col046|col047|col048|col049|col050|col051|col052|col053|col054|col055|col056|col057|col058|col059|col060|col061|col062|col063|col064|col065|col066|col067|col068|col069|col070|col071|col072|col073|col074|col075|col076|col077|col078|col079|col080|col081|col082|col083|col084|col085|col086|col087|col088|col089|col090|col091|col092|col093|col094|col095|col096|col097|col098|col099|
|int   |int   |int   |int   |int   |int   |int   |int   |int   |int   |int   |int   |int   |int   |int   |int   |int   |int   |int   |int   |int   |int   |int   |int   |int   |int   |int   |int   |int   |int   |int   |int   |int   |int   |int   |int   |int   |int   |int   |int   |int   |int   |int   |int   |int   |int   |int   |int   |int   |int   |int   |int   |int   |int   |int   |int   |int   |int   |int   |int   |int   |int   |int   |int   |int   |int   |int   |int   |int   |int   |int   |int   |int   |int   |int   |int   |int   |int   |int   |int   |int   |int   |int   |int   |int   |int   |int   |int   |int   |int   |int   |int   |int   |int   |int   |int   |int   |int   |int   |int   |
      0      0      0      0      0      0      0      0      0      0      0      0      0      0      0      0      0      0      0      0      0      0      0      0      0      0      0      0      0      0      0      0      0      0      0      0      0      0      0      0      0      0      0      0      0      0      0      0      0      0      0      0      0      0      0      0      0      0      0      0      0      0      0      0      0      0      0      0      0      0      0      0      0      0      0      0      0      0      0      0      0      0      0      0      0      0      0      0      0      0      0      0      0      0      0      0      0      0      0      0
      0      0      0      0      0      0      0      0      0      0      0      0      0      0      0      0      0      0      0      0      0      0      0      0      0      0      0      0      0      0      0      0      0      0      0      0      0      0      0      0      0      0      0      0      0      0      0      0      0      0      0      0      0      0      0      0      2      0      0      0      0      0      0      0      0      0      0      0      0      0      0      0      0      0      0      0      0      0      0      0      0      0      0      0      0      0      0      0      0      0      0      0      0      0      0      0      0      0      0      0
      0      0      0      0      0      0      0      0      0      0      0      0      0      0      0      0      0      0      0      0      0      0      0      0      0      0      0      0      0      0      0      0      0      0      0      0      0      0      0      0      0      0      0      0      0      0      0      0      0      0      0      0      0      0      0      0      0      0      0      0      0      0      0      0      0      0      0      0      0      0      0      0      0      0      0      0      0      0      0      0      0      0      0      0      0      0      0      0      0      0      0      0      0      0      0      0      0      0      0      0
      0      0      0      0      0      0      0      0      0      0      0      0      0      0      0      0      0      0      0      0      0      0      0      0      0      0      0      0      0      0      0      0      0      0      0      0      0      0      0      0      0      0      0      0      0      3      0      0      0      0      0      0      0      0      0      0      0      0      0      0      0      0      0      0      0      0      0      0      0      0      0      0      0      0      0      0      0      0      0      0      0      0      0      0      0      0      0      0      0      0      0      0      0      0      0      0      0      0      0      0
      0      0      0      0      0      0      0      0      0      0      0      0      0      0      0      0      0      0      0      0      0      0      0      0      0      0      0      0      0      0      0      0      0      0      0      0      0      0      0      0      0      0      0      0      0      0      0      0      0      0      0      0      0      0      0      0      0      0      0      0      0      0      0      0      0      0      0      0      0      0      0      0      0      0      0      0      0      0      0      0      0      0      0      0      0      0      0      0      0      0      0      0      0      0      0      0      0      0      0      0
      0      0      0      0      0      0      0      0      0      0      0      0      0      0      0      0      0      0      0      0      0      0      0      0      0      0      0      0      0      0      0      0      0      0      0      0      0      0      0      0      0      0      0      0      0      0      0      0      0      0      0      0      0      0      0      0      0      0      0      0      0      0      0      0      0      0      0      0      0      0      0      0      0      0      0      0      0      0      0      0      0      0      0      0      0      0      0      0      0      0      0      0      0      0      0      0      0      0      0      0
      0      0      0      0      0      0      0      0      0      0      0      0      0      0      0      0      0      0      0      0      0      0      0      0      0      0      0      0      0      0      0      0      0      1      0      0      0      0      0      0      0      0      0      0      0      0      0      0      5      0      0      0      2      0      0      0      0      0      0      0      0      0      0      0      0      0      0      0      0      0      0      0      0      0      0      0      0      0      0      0      0      0      0      0      0      0      0      0      0      0      0      0      0      0      0      0      0      0      0      0
      0      0      0      0      0      0      0      0      0      0      0      0      0      0      0      0      0      0      0      0      0      0      0      0      0      0      0      0      0      0      0      0      0      0      0      0      0      0      0      0      0      0      0      0      0      0      0      0      0      0      0      0      0      0      0      0      0      0      0      0      0      0      0      0      0      0      0      0      0      0      0      0      0      0      0      0      0      0      0      0      0      0      0      0      0      0      0      0      0      0      0      0      0      0      0      0      0      0      0      0
      0      0      0      0      0      0      0      0      0      0      0      0      0      0      0      0      0      0      0      0      0      0      0      0      0      0      0      0      0      0      0      0      0      0      0      0      0      0      0      0      0      0      0      1      0      0      0      0      0      0      0      0      0      0      0      0     13      0      0      0      0      0      0      0      0      0      0     10      0      0      0      0      0      0      0      0      0      0      0      0      0      0      0      0      0      0      0      0      0      0      0      0      0      0      0      0      0      0      0      0
      0      0      0      0      0      0      0      0      0      0      0      0      0      0      0      0      0      0      0      0      3      0      0      0      0      0      0      0      0      0      0      0      0      0      0      0      0      0      2      0      0     12      0      0      0      0      0      0      0      0      0      0      0      0      0      0      0      0      0      0      0      0      0      0      0      0      0      0      0      0      0      0      0      0      0      0      0      0      0      0      0      0      0      0      0      0      0      0      0      0      0      0      0      0      0      0      0      0      0      0
      0      0      0      0      0      0      0      0      0      0      0      0      0      0      0      0      0      0      0      0      0      0      0      0      0      0      2      0      0      0      0      0      0      2      0      0      0      0      0      0      0      8      0      0      0      0      0      0      0      0      0      0      0      0      0      3      0      5      0      0      0      0      0      0      0      0      0      0      0      0      0      0      0      0      0      0      0      0      0      0      0      0      0      0      0      0      0      0      0      0      0      0      0      0      0      0      0      0      0      0
      0      0      0      0      0      0      0      0      0      0      0      0      0      0      0      1      0      0      0      0      0     10      0      0      0      0      0      0      3      0      0      0      0      0      1      0      2      0      0      0      1      8      3      0      0      5      0      0      0      0      0      0      0      0      0      0     10      0      0      0      0      0      0      0      0      0      0      0      3      0      3      3      0      2      0      0      0      0      0      0      0      0      0      0      0      0      0      0      0      0      0      0      0      0      0      0      0      0      0      0
      0      0      0      0      0      0      0      0      0      0      0      0      0      0      0      0      0      0      0      0      0      0      0      0      3      0      0      0      0      0      0      0      0      0      0      4      0      0      0      0      5      3      0      0      3      0      0      1      0      1      0      1      0      4      0      0      0      0      2      0      0      0      1      0      0      0      0      0      1      0      0      0      0      0      0      0      0      0      0      0      0      0      0      0      0      0      0      0      0      0      0      0      0      0      0      0      0      0      0      0
      0      0      0      0      0      0      0      0      0      0      0      0      0      0      0      0      0      0      0      0      0      0      0      5      0      0      0      0      0      0      1      0      0      0      0      1      0      2      0      0      0      0      4      0      0      3      1      0      2      0      0      0      1      0      0      7      4      0      0      0      0      1      0      0      0      0      0      0      0      0      0      0      0      0      0      0      0      0      0      0      0      0      0      0      0      0      0      0      0      0      0      0      0      0      0      0      0      0      0      0
      0      0      0      0      0      0      0      0      0      0      0      0      0      0      0      0      0      0      0      0      0      0      0      0      0      0      0      0      0      0      0      0      0      0      0      2      0      3      0      0      0      0      0      1      0      0      7      0      9      2      2      0      0      3      0      0      0      0      0      3      0      0      4      0      0      0      0      2     10      0      0      0      0      0      0      0      0      0      0      0      0      0      0      0      0      0      0      0      0      0      0      0      0      0      0      0      0      0      0      0
      0      0      0      0      0      0      0      0      0      0      0      0      0      0      0      0      0      0      0      0      5      0      0      0      0      0      0      0      0      0      0      0      0      0      0      1      2      0      0      0      2      0      0      4      1      0      2      3      0      2      0      0      1      0      3      0      0      0      3      0      0      0      0      0      2      0      0      0      0      0      0      0      0      0      0      0      0      0      0      0      0      0      0      0      0      0      0      0      0      0      0      0      0      0      0      0      0      0      0      0
      0      0      0      0      0      0      0      0      0      0      0      0      0      0      0      0      0      0      0      0      0      0      0      0      0      0      0      0      0      2      0      0      5      0      8      0      1      0      5      3      1      0      3      0      0      0      0      3      0      2      0      1      3      0      0      3      0      0      0      6      3      0      0      0      0      0      0      0      0      0      0      0      0      0      0      0      0      0      0      0      0      0      0      0      0      0      0      0      0      0      0      0      0      0      0      0      0      0      0      0
      0      0      0      0      0      0      0      0      0      0      0      0      0      0      0      0      0      0      0      0      0      0      0      0      0      0      0      0      0      0      0      0      0      0      0      0      0      0      0      0      0      0      0      0      2      0      0      4     11      2      5      1      7      0      1      0      4      0      0      0      0      0      0      0      4      0      3      0      0      0      0      0      0      0      0      2      0      0      0      0      0      0      0      0      0      1      0      0      0      0      0      0      0      0      0      0      0      0      0      0
      0      0      0      0      0      0      0      0      0      0      0      0      0      0      0      0      0      0      0      0      0      0      0      1      5      0      0      0      0      2      0      0      3      0      5      0      0      0      3      2      0      2      6      0      0      0      1      1      2      2      0      4      4      1      0      1      0      2      0      0      0      0      0      0      0      0      0      1      0      2      0      0      0      0      0      0      0      0      0      0      0      4      0      0      0      0      0      0      0      0      0      0      0      0      0      0      0      0      0      0
      0      0      0      0      0      0      0      0      0      0      0      0      0      0      0      0      0      0      0      0      0      0      0      0      0      1      0      0      0      0      3      6      4      0      2      5      0      2      9      1      1      5      0      4      5      0      1      5      4      4      1      4      4      4     10      9      1      3      0      0      1      4      0     10     12      1      7      0      4      0      2      0      2      3      2      0      0      0      0      0      0      0      0      0      0      0      0      0      0      0      0      0      0      0      0      0      0      0      0      0
      0      0      0      0      0      0      0      0      0      0      0      0      0      0      0      0      0      0      0      0      0      0      0      0      0      0      0      2      4      0      1      2      0      1      0      0      4      0      0     11      2      8      3     17     10      0      6      5      1      8      0      3      4      5      0      7      1      2      0      2      0      0      0      2      0      6     12      1      0      4      0      2     10      0      0      0      0      0      0      0      0      0      0      0      0      1      0      0      0      0      0      0      0      0      0      0      0      0      0      0
      0      0      0      0      0      0      0      0      0      0      0      0      0      0      0      0      0      0      0      0      0      3      0      0      0      0      0      0      0      2      3      0      0      0      3      1      9      1      0      6      3      0      0      0      1      7      4      3      2      3      4      6      3      0      0      5      0      3      2      8      0      0      0      0      0      6      0      2      0      0      0      0      0      0      0      0      0     10      0      3      0      0      0      0      0      0      0      0      0      0      0      0      0      0      0      0      0      0      0      0
      0      0      0      0      0      0      0      0      0      0      0      0      0      0      0      0      1      0      0      0      3      0      3      0      0      0      0     15      2      8      0      3     27     11      3     14      8      1      6      4      7      0      3      1     10     20     17     18      4      3      9      3      6      2      7     14      3     10      0      2      6      4      1      0      1      0      0      0      6      0      7      9      4      0      0      0      0      0      0      0      0      6      0      0      0      0      0      0      0      0      0      0      0      0      0      0      0      0      0      0
      0      0      0      0      0      0      0      0      0      0      0      0      0      0      0      0      0      0      0      0      0      3      0      0      0      0      2      0      0      0      9      0      0      0      0      0      8      0      0      0      6      1      2     20      6      2      0     15     24     19      7      7     20      4     13     12      4      6     10      1     13      4      0      8      7      0      1      5      3      2      8      3      0      0      1      0      2      0      0      1      0      0      0      0      0      0      0      0      0      0      0      0      0      0      0      0      0      0      0      0
      0      0      0      0      0      0      0      0      0      0      0      0      0      0      0      0      0      0      0      0      0      0      0      4      8      0      3      1      0      0      0      0      2     11      5     10      0      8      7      6      0      5      4     18     13      6     15     16     21      0     10      4      2      5      5      7     18     15     19      4      0     17      8      3      2      4      6      5      0      3      7      0      0      0      0      0      1      4      0      0      0      0      0      0      0      2      0      0      0      0      0      0      0      0      0      0      0      0      0      0
      0      0      0      0      0      0      0      0      0      0      0      0      0      0      4      0      0      0      0      0      0      0      0      2      0      0      0      9      8      1      0      8      6      4      0      6      7     14     22      2      6     14      8      9     27     18      6     11     14      5     20      6      9      5      3     13      2      7      2     15      8     15     12      9      0      3      0      0      9      8      0      0      0      5      0      8      0      1      0      5      0      0      0      7      0      0      0      0      0      0      0      0      0      0      0      0      0      0      0      0
      0      0      0      0      0      0      0      0      0      0      0      0      0      0      0      0      5      0      0      3      0      0      0      9      2      0     10      8      7      5      3      4      3      0      4     19      0     12     17      6     10     10     10      9     11     18     13     16      6      4     12     13     21      0     16      3     26      7     12      0     15      4      0      0     11      6      1      8      5      4      6      1      0      3      0      0      0      0      0      0      1      0      0      0      0      0      0      0      0      0      0      0      0      0      0      0      0      0      0      0
      0      0      0      0      0      0      0      0      0      0      0      0      0      8      0      0      0      0      0      0      4      5      0      0      1      6      5      1      7     17      3     16      4     10      0      8      2     19     10     10      8      9     21     30     10      5     16     12      6      9     12     10     22      1     14      3      6     14      5      0     10     11      4      0      1      5      0      0     12      1      0     16      1      1      0      4      0      0      0     22      0      0      0      0      0      0      0      0      0      0      0      0      0      0      0      0      0      0      0      0
      0      0      0      0      0      0      0      0      0      0      0      0      0      0      0      0      1      0      2      0      0      1      0      9      1      6      3     11      1      0      7      5      2      9      2     11     20      9      7     11     26     14     18      6      3     26     13     11      3     32     12      5      8     53     28     30      9     18      9     32     25     13     15     25     10     11     12      2      3      2      0      3      1      0      2      0      4     11      5      3      0      0      0      0      0      0      2      3      0      0      0      0      0      0      0      0      0      0      0      0
      0      0      0      0      0      0      0      0      0      0      0      0      0      2      0      0      9      0      0      3      0      2      0      0      0      2      4      8      4      8      1      4     19      5     11     18     10     12     14     37      6     42      9      6      4     21      9     26      9      7     33     14      6     24     19      9      3      4     10     36     34      1     12      8     17     11      8     10     13      1      1      5      0      2      1      3      0      0      0      0      0      0      0      0      0      0      0      0      0      0      0      0      0      0      0      0      0      0      0      0
      0      0      0      0      0      0      0      0      0      0      0      0      0      4      0      0      0      0      0      0      0      8      4      1     10      2      0      6      0      3     16      3      5      1     17     22      7     14     22     10     33     17     22     40      7     30     13     50     16     10     24      8     35     35     28     27      7     29     18     25     26      7     13     28      9      8     12      8     12     23     14      4      8      9      8      0      0      8      1      1      1      4      1      0      0      0      0      0      0      0      0      0      0      0      0      0      0      0      0      0
      0      0      0      0      0      0      0      0      0      0      0      0      0      4      0      0      2      0      2      3      0      1      2      1      0      4      0      0      0      2      7      5     18     10      7      5      3     17     26      5     40     65     24     35     13     34     15     19     28     27     16     16     35     26     18     14     22      4     44     55      9     39     12     12     20     14      7      1     21      5      9     11      4      0      3      0     12      2      0      3      2      0      0      0      0      0      0      0      0      0      0      0      0      0      0      0      0      0      0      0
      0      0      0      0      0      0      0      0      0      0      0      0      0      0      0      1      0      0      0      0      0      0      7      5     15     21      4      1      6      0     19      9     11     21      7      3      6     20     14      8      3     15     33     26     48     47     52     66      7     49     38     27     37      7     14     31     22     16     15      8     29     24      2      9     15      9     19     17      0      1      6      8      5     11      6      3      2      4     13      0      1      0      0      0      0      0      0      0      0      1      0      0      0      0      0      0      0      0      0      0
      0      0      0      0      0      0      0      0      0      0      0      0      0      0      0      0      5      0      0      0      3      7      4      0      6      3      7      1      4     26      3      3     13     10     18     15     22     11     41     20     28     42     22     31     23     27     20     35     37     55     25     24     21      9     41     33     19     40     27     25      7     21     14      7     15     19     35      8     11      1      4      0      9      7      2      0      0      0      5      1      0      0      0      0      0      0      0      0      2      0      0      0      0      0      0      0      0      0      0      0
      0      0      0      0      0      0      0      0      0      0      0      0      0      0      0      0      0      5      2      0     12      6      0      0      2      5      3     19     11     14     56      8      4     38     29     20     30     35     42      2     25     24     24     11     15     24     26     25     19     26     64     29     36     24     39     29     27     22     31     21     23     15      0     22     13     16      2      1     19      7     13      7      8      4      7      6      1      0      1      0      0      0      0      0      0      0      0      0      0      0      0      0      0      0      0      0      0      0      0      0
      0      0      0      0      0      0      0      0      0      0      0      0      0      0      4      0      1      0      0      0      0      0      0      3      6      7      5     22     13     11     13      3     20      3     36     31     19     18     41     30     21     43     41     24     43     29     26     60     49     70     61     27     79     57     42     37     48     38     53     20     23     14     27     18     19     40     18     30     36     15     15     12      2      6      3      0      1      4      4      1      0      8      0      0      0      0      0      0      5      0      0      0      0      2      0      0      6      0      0      0
      0      0      0      0      0      0      0      0      0      0      0      2      0      0      0      0      5      1      1      6      8      2      2      0      5      8     12      5      5     30      4      6     15     38     35     15     54     27     28     45     36     61     75     32     62     60     50     34     67     38     18     41     50     51     38     62     29     30     14     34     65     39     32     24     33     38     12     20     10      7     13     10     11      6      4      8      0      1      6      0      0      0      0      0     12      0      2      0      0      0      0      0      0      0      0      0      0      0      0      0
      0      0      0      0      0      0      0      0      0      0      0      0      0      0      4      1      0      0      0      0     13      2      1     13      2      3      2      5     15     21     18      8     14     40     10     25     15     49     32     19     32     49     38     24     46     52     49     15     26     67     71     39     86     51     70     75     24     54     27     40     26     26     46     30     14      6     15     26     15      9      3      2      4      2      5      0      4      0      0      0      0      8      9      0      0      0      0      0      0      0      0      0      0      0      0      0      0      0      0      0
      0      0      0      0      0      0      0      0      0      0      0      0      0      0      0      0      0      8      2      0      0      3      1     10      3     10      7      3     11     21     26      4      8     17     19     38     25     45     32     20     20     43     74     66     50     44     52     55     45     58     49     25     68     49     43     40     21     36     21     21     33     30     10     18     23     43     20     24     14      5     22      4     12      1     14      3     11     13      0      5      3      0      0      1      0      0      0      0      0      0      0      0      0      0      0      0      0      0      0      0
      0      0      0      0      0      0      0      0      0      0      0      7      1      0      0      0      0      0      0      0      3      0      8     16      8     11     20     11     25      8     18     12      8     31     34     23     41     26     39     58     42     73     68     65     36     41     35     31     22     47     36     30    126     64     63     33     24     51     53     31     23     37     18      5     25     23     13     22     19     11      7     20      0      3      5     15      1      0      7      0      0      0      8      0      0      0      2      0      0      0      1      0      0      0      0      0      0      0      0      0
      0      0      3      0      0      0      0      0      0      0      0      0      0      1      2      0      0      3      0      0      1      7      9      2      6     13     14      4     10      2     27     12     32     23     18     29     47     23     36     48     40     36     36     47     62     87     72     65     53     60     68     39     53     81     40     59     37     47     72     50     63     43     26     65     31     20     13      7     58     16      6      4     25     13     22      4      7      0      0      1      8      0      0      0      0      0      0      0      0      0      0      1      0      0      0      0      0      0      0      0
      0      0      0      0      0      0      0      0      0      0      0      0      0      0      0      2      0      4      0      1     14      1      6      5     11     12     12      4     34     22     16     18     15     20     26     18     39     15     76     91     54     47     52     47     63     36     99     96     64     97    101     58     33    112     52     74     41     57     41     38     54     24     38     45     43     10     22     41      4     11      9      0     11      3      7      6      3      9      0      0      0      1      0      5      0      0      0      0      3      0      0      5      0      0      0      0      0      0      0      0
      0      0      0      0      0      0      0      0      0      5      0      0      0      0      0      4      0      1      0     15      2      4     16      5      8      2     12      7     23     13     16     36     15     47     35     15     27      6     35     22     79     48     49     64     80     95     52    111     62     70     99     64     31     73     94     97     69     51     82     24     62     65     39     26     34     41     28     31     18      5     32     17     33     13     14      7      1      2      3      3      0     13      0     15      0      0      0      2      0      0      1      4      0      0      0      0      0      0      0      0
      0      0      0      0      0      0      0      0      0      0      0      0      0      0      7      0      5      9      3      1      4      0     12      0     14      4     13     30     26      4     18     30     21     27     30     40     31     37     68     17     42     50     74     63     53     96    127     48     63     95    112     56     73     66    104     72     67     46     64     50     66     28     82     40     44     30      3     40     12     21      7     22      6      9     16      3      0      0     32      0      5      0      0      2      0      4      0      0      4      5      0      0      0      0      0      0      0      0      0      0
      0      0      0      0      0      0      0      0      0      0      0      0      0      0     15      4      0      2      0      2      2      0     33      6      4      6      1      1      8     14     28      5     48     15     26     56     53     50     81     79     70     27     66     68     59     59     56    130     61     60     41     73     69    110     76     55     83     45     59     68     65     31     26     60     36     27     20     19     22     18     15      4      5     16     11     12     13      2      5      0      1      0      0     12      0      0      0      0      0      0      0     11      0      0      0      0      0      0      0      0
      0      0      0      0      0      0      0      0      0      6      0      0      0      0      0      2      5      0      1      7      9      9      3     11     21     21      9     34     20     14     30     48      5     40     40     49     53     30     25     68     80     66     25     68    106     57     64     60     97    120     65     98     65    113    112     62    186     57     45     85     55     60     67    103     21     63     29     30     21     26     11     18     19     34      8      7     12      4      1      7      1      0      2      0      2      0      0      0      4      1      2      0      0      5      0      0      0      0      0      0
      0      0      0      0      0      0      0      0      0      0      0      0      1      0      4      0      0      2      0      0      2      7     29     10     19      0      8     19      9     20     11     31     19     31     33     39     59     25     44     33     59     71    115     33     61    129     77     83     73     83     75    114     93     75     61     80     66     73    121     39     28     42     38     19     25     24     46     23     27     25     36     58      8     20     15      6      4      5      1      2      1      9      1      0      0      0      0      0      0      0      0      7      0      0      0      0      0      0      0      0
      0      0      0      0      0      0      0      0      0      0      0      0      0      0      2      0      0      0      0      1     14      6      6     45      9      8      8      7     40     11     55     16     28     33     35     32     46     97     64     94     50     81     96     53    127    101    118     85     94     90     79     90     78     68     65    114     86     79     47     56     69     41     51     28     67     16     25     26     28     11     28     19      3      2      4      3      4      7      1      1      0      0      0      0      3      0      0      0      0      0      4      0      0      0      0      0      0      0      0      0
      0      0      0      0      0      0      0      0      0      0      0      6      0      0      0      0      0      1      0      2      0     10     11      5     23     11     20     56     14     43     43     32     42     52     40     30     47     46     53     60     82     65     84     77     60    182     93     49     69     53     60    110    101    100     87     48     65     87     78     60     72     41     36     34     15     20     32     23     26     39      9      0     17      4      3      9      8      0     18      4      1      0      0      1      0      0      9      0      0      0      0      0      0      0      0      0      0      0      0      0
      0      0      0      0      0      0      0      0      0      0      0      0      1      0      0      0      3     13      5     12      6     23     14     11      3      8     16      4     24     33      2     14     72     32     50    117     58     43     47     89     26     78    108    100    117     41     63    102    174    104     58     70     62     64     65     67     82     25     22     27     53     55     41     26     90     58     13     27     16     15     40     17     20      6      9     25      4      1      3      2      9      0      5      5      0      0      0      0      1      0      0      1      0      0      4      0      0      0      0      0
      0      0      0      0      0      0      0      0      0      0      0      2      1      0      0      0      0      9      6      8      2      5     17      6      6     21     15     20     16      7     33     14     17     34     26     41     60     28     65     52     56     91     96     86     68    150     49     61     96     81    107     93     91     49     41     86     69     63     60     64     47     43     68     37     63     49     36     18     33     32     35     57     20     19      3     17      9     15     10      6     12      0      1      0      0      7      0      1      0      0      0      0      7      0      0      0      0      0      0      0
      0      0      0      0      0      0      0      0      0      0      0      4      5      0      0      0      0     14      0      1      2      7      1      0      7     37      9     19      6     28     21     15     50     28     28     78     74     62     72     63     35     61     69    168     86    106     65     76     68    111     56     95     64     58     58     62    124     91     77     77     70     70     29     68     41     26     11     63     79     34     25     26     18     32      9      1     14      1      0      0      1      8      0      4      1      0      2      0      3      2      0      0      0      0      0      0      0      0      0      0
      0      0      0      0      0      0      0      0      0      4      0      0      2      0      0      0      2      2      0      3      1      0     14     10     10     10     14      7      7     27     49     53     18     41     40     30     66     27     68     88     44    121     90    106    139     43     55     73     79    106     76     84    117     91     81     72     26     92    124     67     57     55     53     55     48     32     58     43     25     16     25     20      3     20     12      1     34      6      6     10      0      1      0      2      1      2      0      6      5      4      0      0      0      0      0      0      5      0      0      0
      0      0      0      0      0      0      0      0      0      0      0      0      0      0      0      4      0      3     11      2      0     19     12     29     10     12      7     17     24      9     42     38     24     71     21     38     63     57     38     64     59     72     65     77     96     73     69     65     81     98     59     81    100     54    124     71     68     68     88     56     51     66     45     35     29     84     79     36     44     11     27     14      2      5     39      0     12      3      3      5      2      3      0      0      6      8      0      0      0      0      0      0      0      0      0      0      0      0      0      0
      0      0      0      0      0      0      1      0      0      0      0      1      0      5      2      0      3      1      0      7      0      4      1     11      6      6     21     13     32     16      5     31     32     63     43     56     41     46     52     54     53     47     71     62     89     55     81     96    121     82     88    156     67     62     69     73     49     62     89     54     35     69     37     35     34     62     33     24     41     29     30     35     18     10     14      1     11      0      3      5      0     11      0      8      1      2      1      0      0      0      0      4      0      0      0      0      0      0      0      0
      0      0      0      0      2      0      0      0      0      0      0      0      0      0      0      2      2      0      1      6      2      5      5      4      1      4     11     34     20     10     48     29     23     51     19     44     83     57     45     66     47     61    105     59     72     35    131     82     72     73     71     93     80     37     60     74     53     51     53     49     68     75     63     64     41     42     41     18     28     49      4     29     16      7     12     13      8      8      5      2      2      0      5      3      1      0      6      0      0      0      0      0      0      0      0      0      0      0      0      0
      0      0      0      0      0      0      0      0      0      0      0      1      0      6      0      0      1      0      5      4      0      5     14     12     12      4      5     31      7     36     28     26     29     57     40     64     15     38     63     69     77    102    125     37     89     56     47    105     49    106     85     50    109    113    152     82    133     62     57     49     79     67     96     53     18     66     30     38     34     18      5     12      2      4     16      8     16      9      3      0      7      0      0      0      1      0      2      0      0     12      0      0      0      0      0      0      0      0      0      0
      0      0      0      0      0      0      0      0      0      0      0      0      0     15      5      0      2      1      0      3      2      0      2      0     10     19     22     18     39     26     20     19      3     33     63     88     37     25     25     26     87     92     39     72     99     63    137     95     96    128    140     88    107     58    106     42     67     83     72     35     60     44     23     41     15     25     50     16     12     17     27     13      3      4     18      6      1     19      1      0      2      1      0      0      1      1      0      0      0      0      0      0      0      2      0      0      0      0      0      0
      0      0      3      0      0      0      0      0      0      0      0      0      0      1      1      0      7      1      0     15      0      4      0     12      5     16     18     17      7      6     39     14     17     22     46     46     79     76     37     58     83     97     61    106     55    146    127     83     52     51     99     70    107     89     65     76    109     44     56     70     55     23     35      5     14     25     26     33     15     38     15     18     11     10     14      0      7      2      7      0      7      0      0      0      0      0      0      0      0      0      0      0      0      0      0      0      0      0      0      0
      0      0      0      0      0      0      0      0      0      0      0      0      1      3      0      2      8      2     14      9      3      3     18      2     10     16     13     12      6     16     34     41     13     19     25     51     45     52     53     52     88     42     81     44    153     50     29     70     29     59     58     38     72     59     44     53     59     72     31     41     53     27     65     23     59     53      8     32      2     32     15     12      9     13      2      1      9      3      8     11     12      0      2      0      5      0      0      0      0      0      0      0      0      0      0      6      0      0      0      0
      0      0      0      0      0      0      0      0      0      0      0      0      0      0      4      0      0      0      0      5     40     17      5      2     13     10      5     14     19     12     28     27     41     71     35     72     24     39     42     66     54     69     33     76     64     78     50     98     64     69     40     65     80     33     37     59     30     66     31     29     58     15     32     44     22     21     18     18     23     19     47      1     10     26      0      5      0      0      2     11      1      4      0      0      1      0      0      0      0      0      0      0      0      0      0      0      0      0      0      0
      0      0      0      0      0      0      0      7      0      0      0      0      0      0      0      1      0      0      0     13      7     20      8     20      6      2      6     21      2     31     26     35     33     11    105     16     49     27     63     22     38     49     88     74     47     62     19     45     52     39    109     98     62     73     48     62     37     82     37     28     22     38     11     26     23     15     51     12     29     13     31      1      5     18      2      0      0      1      0      2      2      2     11     10      0      0      0      0      0      0      0      2      1      0      0      0      0      0      0      0
      0      0      0      0      0      0      0      0      0      0      3      0      0      9      0      0      1      0      1     12      5      3      3     15      0     14      1      4      3     33     17      7     36     36     19     32     53     43     51     23     48     49     60     70     48     57     37     52    100     82    111     88     57     14     63     45     43     40     91     27     49     57     47     29     37     14     10     26     15     22     12     43      1      0      5      0      8     17     13      2      5      0     11      7      0     10      0      0      0      0      0      0      0      0      0      0      0      0      0      0
      0      0      0      0      0      0      0      0      0      0      3      0      0      6      1      0      0      0      0      4      0      4      2     18     25      0      0     28     26     14      5     29     24      4      9     35     16     82     26     17     18     29     18     34     47     12     76     47     90     66     73     57     31     45     61     72     51     28     30     21     46     31     12     75     46      6     28     19     21     15      6      8     13     11      9      0      0      2      1      0      0      7      0      0      0      3      0      0      0      0      0      0      0      0      0      0      0      0      0      0
      0      0      0      0      0      0      0      0      0      0      0      0      0      0      0      1      1     17      5      0      0      8      0     13     12      7     19      4     21      5      7     23     35     27     31     14     89      7     65     17     71     20     41     34     84     85     48    107     89     91     35     42     85     63     30     57     43     37     14     54     65     29      8     15     17     16     15     24     11     15      6     25      0      8     15     18      0      3      2      0      1      0      0      0      0      0      0      0      0      0      0      0      2      0      0      0      0      0      0      0
      0      0      0      0      0      0      0      0      0      0      0      0      0      0      0      0      0      6      0      7      0      0      7      0      6      6     15      5      9      1      4     24     28      5      8     25     17     39     22     16     79     61     19     11     41     58     63     33     48     58     42     25     26     56     17     28     27     82     23     55     38     39     11     29     38     18     24     20      2      9      8      0      0      8      0      3      8      5      4      4      0      0      0      0      0      0      0      0      0      0      0      0      0      0      0      0      0      0      0      0
      0      0      0      0      0      0      0      0      0      0      8      0      0      0      0      0      2      1      0      3      1      8      0      0     11      0      4      0     20     30     15     28     18     39     28     25     14     16      9     27     28     27     17     81     49     36     35     55     16     63     39     29     43     38     69     38     47     19     41     15     23     13     12      2     10     16      3     30     31     42     11     31      5      1      4      6      0      4     18      3      0      0      0      0      2      0      0      3      0      0      0      0      0      0      0      0      0      0      0      0
      0      0      0      0      0      0      0      0      0      0      0      0      0      3      0      0     11      0      0      0      0      8      0      8     20      5     19      0     13      8      0     11     26      2     13      9     55     10     27     42     27     17     40     40      7      9     54     49     29     23     40     39     32     88     15     25     19     19     15     16     44     50     45     20     46     21     16     15      2     10      4      8      1     31      1      0      5      0      9      5      2      0      0      0      0      0      0      0      0      0      0      0      0      0      0      0      0      0      0      0
      0      0      0      0      0      0      0      0      0      0      0      0      0      0      1      0      0      0      2      0      0     10      0      2      2      7      9      9     17      2     23     31     15      6     12     12      9      7     31     13     20     13     38     66     56     35     28     33     36     63     48     41     19     34     16     43     18      8     24     26     13     12      1     11     10      1     19      6     10     16      8      0      4      6      5      0      2      0      0      1      0      0      0      0      0      0      0      0      0      0      0      0      0      0      0      4      0      0      0      0
      0      0      0      0      0      0      0      0      0      0      0      0      0      0      3     14      2      0      0      2      3      3      0      0      5     11     31      0      0     26      0     19      7      6     29     23     15     16     52     29     20      5     16     32     20     30      3     26     23     10      8     67     27     39     37     28      7     14     52      7     24      2     16      9     20      1     40     16      3     10      2      5     15      3      8      5      1      0      0      0      0      0      0      0      0      0      0      0      0      2      0      0      0      0      0      0      0      0      0      0
      0      0      0      0      0      0      0      0      0      0      0      0      0      0      0      0      0      0      2      1      7      2      2      0      9      1     10      3      7      0     19      3     15      5     31     21     13      7     11      4     16     17     61     18     14     32     29     18     31     10      9     38     44     11     22     21     24     23     18      6      9     29      7      8     27      7     13      1      2     22      8      0      2      4      3     10     11      1      0      0      5      0      0      0      0      0      0      0      0      0      0      0      0      0      0      0      0      0      0      0
      0      0      0      0      0      0      2      0      0      0      0      0      0      0      0      1      0      0      9      5      0      0      5      4      2      0      2      2      1     10      7     18      1      1      9      8      2     15     27     13     34      9     11     66     12     17      8     29      8     12     46      4     37     45     20     51      5      9     23     23      9     10      1      5      2      1      6      7     17      1      4      4      0      0      6      3      2      0      2      0      0      0      0      0      1     10      0      0      0      0      0      0      0      0      0      0      0      0      0      0
      0      0      0      0      0      0      0      0      0      0      0      0      0      0      0      0      0      0      0      0      1      0      0      8      1     10      6      5      4      4      0     20      8      0     16      5      6      0     29      8      8     10     27     12      9     10      6      1     32     27     27     20     12     12     17     33     22     16     15      9      6      4      3      3      0      1      7      0      9      1      3      0      7      0      0      7      0      6      0      3      0      3      6      3      0      0      0      0      0      0      0      0      0      0      0      0      0      0      0      0
      0      0      0      0      0      0      0      0      0      0      0      0      0      0      0      0      1      0      0      1      0      1      0      6      0      0      0      0      0      3      4      2      0      6     13      7     13      6     11     21     12      5     23     25     17     24     11     13     15      7     17     14     15     27     14      8     12     16     17     16     16      7      0      3      0     18      0      4      0      8      2      4      0      0      0      1     15      0      6      0      0      0      0      0      0      0      0      0      0      0      0      0      0      0      0      0      0      0      0      0
      0      0      0      0      0      0      0      0      0      0      0      0      0      0      0      0      0      0      0      0      0      3      7      4      0      2      0      0      0      0      2      2     10      7      2     15     19     19      7     10      4      4      6     13     12     19     12     10      5      9     40     28      5      5     20      2     14      3     20      6      1      2      3      6      9      1      0      0      1     11      3      2      1      0      0      0      0      0      0      0      0      0      0      0      0      0      0      0      0      0      0      0      0      0      0      0      0      0      0      0
      0      0      0      0      0      0      0      0      0      0      0      0      4      0      0      0      0      8      0      0      0      0      0      0      0      0      1      0      0      5      2     22      1      1     10      1     12      2     11      5      9      4     27      9      8      2      7      1      0     13     18      5      6     11     17      4     15      0      5      0      3      7      0      3      2      2     19      0      9      4      2      7      0      0      0      0      0      0      0      0      0     12      0      0      0      0      0      0      0      0      0      0      0      0      0      0      0      0      0      0
      0      0      0      0      0      0      0      0      0      0      0      0      0      0      0      0      0      0      0      0      1      0      0      1      0      1      4      0      2      2      1      8      0      1      0     15     10      3      2      4      7      4      8     18      0      7     13      9     25      9     24      0      4      2     10      4      0      0     11      0      6     11      1      4      1      0      0      1      0      0      1      0      0      3      0      0      0      0      0      0      0      1      0      0      0      0      0      0      0      0      0      0      0      0      0      0      0      0      0      0
      0      0      0      0      0      0      0      0      0      0      0      0      0      0      0      0      0      0      0      0      1      0      8      0      0      3      0      0      0      4      0      2      1      0      0      3      0     25     15      0     16      0      7      7      3     11      8     16      0     13      1     13      0      7      1      7     31      3      5     15     10      0      0      0      5      0      3      2      6     10      0      5      1      0      0      0      0      0      0      0      0      0      0      0      0      0      0      0      0      0      0      0      0      0      0      0      0      0      0      0
      0      0      0      0      0      0      0      0      0      0      0      0      0      0      0      3      0      0      0      3      7      0      5      0      0      0      1      0      0      0      0      0      2      0      2      0     19      1      5      2      0     11      0     11      0      9      6     14     12      0     11      1      1      6      5      9      3     14      0      0      2      0     21     11      0      1      0      0      0      0      0      2      7      0      0      0      2      3      0      0      0      0      0      0      0      0      0      0      0      0      0      0      0      0      0      0      0      0      0      0
      0      0      0      0      0      0      0      0      0      0      0      0      0      0      0      0      0      0      0      1      0      0      0      0      0      0      0      4      0      0      0      1      0      0      2      0      0      1      0      0      0      1      0      0     11      9      7      0     14      0      7      7      1      2      2      6      4      6      0      6      8      5      0     13      0     11      0      0      1      0      0      0      0      0      0      0      0      0      0      5      0      0      0      0      0      0      0      0      0      0      0      0      0      0      0      0      0      0      0      0
      0      0      0      0      0      0      0      0      0      0      0      0      0      0      0      0      0      0      0      0      0      0      4      0      0      0      5      0      0      6      0      0      0      7      0      0      0      0      0      0      0      0     10      3      0      2     25      0      0      6      0      0      3      8      0      8      8      0      0      6      0      2      9      0      0      1      0      4      0      3      0      0      1      0      0      4      0      0      0      0      0      0      0      0      0      0      0      0      0      0      0      0      0      0      0      0      0      0      0      0
      0      0      0      0      0      0      0      0      0      0      0      0      0      0      0      0      0      0      0      0      0      0      0      0      1      0      0      0      0      7      0      0      4      6      0      0      0      0      1      4      0      1      0      0      0      9     20      0      9      0      0      0      2      1      1      7      0     23      0      0      1      1      8      2      1      0      0      2      0      0      2      5      0      0      0      0      0      0      0      0      0      0      0      0      0      0      0      0      0      0      0      0      0      0      0      0      0      0      0      0
      0      0      0      0      0      0      0      0      0      0      0      0      0      0      0      0      0      0      0      0      0      0      0      0      0      0      0      0      0      0      0      1      0      0      8      0      0      0      1      4      1      0      9      0      6      0      0      1      0      0      0     13      0      7      0      4      0      2      0      1      0      0      0      1      0      0      0      0      0      0      0      0      0      0      0      0      0      0      0      0      0      0      0      0      0      0      0      0      0      0      0      0      0      0      0      0      0      0      0      0
      0      0      0      0      0      0      0      0      0      0      0      0      0      2      0      0      0      0      1      0      0      0      0      0      0      3      0      0      0      0     16      0      0      0      0      0      0      0      5      0      0      1     15      5      0      0      0      0      0      0     11      0      4      2      9      0      0      2      0      0      0      0      0      0      0      0      0      0      1      7      0      0      0      0      0      0      0      0      0      0      0      0      0      0      0      0      0      0      0      0      0      0      0      0      0      0      0      0      0      0
      0      0      0      0      0      0      0      0      0      0      0      0      0      0      0      0      0      0      0      0      0      0      0      0      0      0      0      0      0      0      0      0      0      0      0      0      1      0      0      0      0      3      0      0      8      1      0      0      0      0      0      1      0      0      0      6      1      0      0      0      0      0      2      0      0      3      0      0      0      0      0      0      0      0      0      0      0      0      0      0      0      1      0      0      0      0      0      0      0      0      0      0      0      0      0      0      0      0      0      0
      0      0      0      0      0      0      0      0      0      0      0      0      0      0      0      0      0      0      0      0      0      0      0      2      0      0      0      0      0      0      0      0      0      0      0      0      0      0      0      0      1      0      0      0      0      0      2      0      0      0     11      0      0      1      4      0      0      0      0      0      0      0      0      0      0      0      0      0      0      0      0      0      0      0      0      0      0      0      0      0      0      0      0      0      0      0      0      0      0      0      0      0      0      0      0      0      0      0      0      0
      0      0      0      0      0      0      0      0      0      0      0      0      0      0      0      0      0      0      0      0      0      0      0      0      0      0      0      0      0      0      0      0      0      0      0      0      0      0      0      0     22      6      0      0      3      2      1      0      0      0      2      0      0      0      0      0      0      0     11      0      9      0      2      0      0      1      0      0      0      0      0      0      0      0      0      0      0      0      0      0      0      0      0      0      0      0      0      0      0      0      0      0      0      0      0      0      0      0      0      0
      0      0      0      0      0      0      0      0      0      0      0      0      0      0      0      0      0      0      0      0      0      0      1      0      0      0      0      0      0      0      0      0      0      0      0      0      2      0      4      0      0      0      0      0      0      0      2      0      4     11      0      0      0      0      0      0     18      0      0      0      0      0      3      0      1      0      0      0      0      0      0      0      0      0      0      0      0      0      0      0      0      0      0      0      0      0      0      0      0      0      0      0      0      0      0      0      0      0      0      0
      0      0      0      0      0      0      0      0      0      0      0      0      0      0      0      0      0      0      0      0      0      0      0      0      0      0      0      0      0      0      0      0      0      0      0      0      0      0      0      0      0      1      0      0      0      2      0      0      1      0      0      0      9      0      0      0      0      0      0      0      0      0      0      0      0      0      0      0      0      0      0      1      0      0      0      0      0      0      0      0      0      0      0      0      0      0      0      0      0      0      0      0      0      0      0      0      0      0      0      0
      0      0      0      0      0      0      0      0      0      0      0      0      0      0      0      0      0      0      0      0      0      0      0      0      1      0      0      0      0      0      0      0      0      0      0      0      0      0      0      0      0      0      0      0      0      0      0      1      0      0      0      0      0      0      0      0      0      0      0      0      0      0      0      0      0      0      0      0      0      0      0      0      0      0      0      0      0      0      0      0      0      0      0      0      0      0      0      0      0      0      0      0      0      0      0      0      0      0      0      0
      0      0      0      0      0      0      0      0      0      0      0      0      0      0      0      0      0      0      0      0      0      0      0      0      0      0      0      0      0      0      0      0      0      0      2      0      0      0      0      8      0      3      0      0      0      0      0      0      0      0      0      0      0      0      0      0      0      0      0      0      0      0      0      0      0      0      0      0      0      3      0      0      0      0      0      0      0      0      0      0      0      0      0      0      0      0      0      0      0      0      0      0      0      0      0      0      0      0      0      0
      0      0      0      0      0      0      0      0      0      0      0      0      0      0      0      0      0      0      0      1      0      0      0      0      0      0      0      0      0      0      0      0      0      0      0      0      0      0      0      0      0      0      0      0      0      0      0      0      0      0      0      0      0      0      0      0      0      0      0      0      0      0      0      0      0      0      0      0      0      0      0      0      0      0      0      0      0      0      0      0      0      0      0      0      0      0      0      0      0      0      0      0      0      0      0      0      0      0      0      0
      0      0      0      0      0      0      0      0      0      0      0      0      0      0      0      0      0      0      0      0      0      0      0      0      0      0      0      0      0      0      0      0      0      0      0      0      0      0      0      0      0      5      0      0      0      0      0      0      0      0      1      0      0      0      0      0      0      0      0      0      0      0      0      0      0      0      0      0      0      0      0      0      0      0      0      0      0      0      0      0      0      0      0      0      0      0      0      0      0      0      0      0      0      0      0      0      0      0      0      0
      0      0      0      0      0      0      0      0      0      0      0      0      0      0      0      0      0      0      0      0      0      0      0      0      0      0      0      0      0      0      0      0      0      0      0      0      0      0      0      0      0      0      0      0      0      0      0      0      0      0      0      0      0      0      0      0      0      0      0      0      0      0      0      0      0      0      0      0      0      0      0      0      0      0      0      0      0      0      0      0      0      0      0      0      0      0      0      0      0      0      0      0      0      0      0      0      0      0      0      0
      0      0      0      0      0      0      0      0      0      0      0      0      0      0      0      0      0      0      0      0      0      0      0      0      0      0      0      0      0      0      0      0      0      0      0      0      0      0      0      0      0      0      0      0      0      0      0      0      0      0      0      0      0      0      0      0      0      0      0      3      0      0      0      0      0      0      0      0      0      0      0      0      0      0      0      0      0      0      0      0      0      0      0      0      0      0      0      0      0      0      0      0      0      0      0      0      0      0      0      0
      0      0      0      0      0      0      0      0      0      0      0      0      0      0      0      0      0      0      0      0      0      0      0      0      0      0      0      0      0      0      0      0      0      0      0      0      0      0      0      0      0      0      0      0      0      0      0      0      0      0      0      0      0      0      0      0      0      0      0      0      0      0      0      0      0      0      0      0      0      0      0      0      0      0      0      0      0      0      0      0      0      0      0      0      0      0      0      0      0      0      0      0      0      0      0      0      0      0      0      0
      0      0      0      0      0      0      0      0      0      0      0      0      0      0      0      0      0      0      0      0      0      0      0      0      0      0      0      0      0      0      0      0      0      0      0      0      0      0      0      0      0      0      0      0      0      0      0      0      0      0      0      0      0      0      0      0      0      0      0      0      0      0      0      0      0      0      0      0      0      0      0      0      0      0      0      0      0      0      0      0      0      0      0      0      0      0      0      0      0      0      0      0      0      0      0      0      0      0      0      0
      0      0      0      0      0      0      0      0      0      0      0      0      0      0      0      0      0      0      0      0      0      0      0      0      0      0      0      0      0      0      0      0      0      0      0      0      0      0      0      0      0      0      0      0      0      0      0      0      0      0      0      0      0      0      0      0      0      0      0      0      0      0      0      0      0      0      0      0      0      0      0      0      0      0      0      0      0      0      0      0      0      0      0      0      0      0      0      0      0      0      0      0      0      0      0      0      0      0      0      0
      0      0      0      0      0      0      0      0      0      0      0      0      0      0      0      0      0      0      0      0      0      0      0      0      0      0      0      0      0      0      0      0      0      0      0      0      0      0      0      0      0      0      0      0      0      0      0      0      0      0      0      0      0      0      0      0      0      0      0      0      0      0      0      0      0      0      0      0      0      0      0      0      0      0      0      0      0      0      0      0      0      0      0      0      0      0      0      0      0      0      0      0      0      0      0      0      0      0      0      0
      0      0      0      0      0      0      0      0      0      0      0      0      0      0      0      0      0      0      0      0      0      0      0      0      0      0      0      0      0      0      0      0      0      0      0      0      0      0      0      0      0      0      0      0      0      0      0      0      0      0      0      0      0      0      0      0      0      0      0      0      0      0      0      0      0      0      0      0      0      0      0      0      0      0      0      0      0      0      0      0      0      0      0      0      0      0      0      0      0      0      0      0      0      0      0      0      0      0      0      0
