\ 
\ Covariance Function Histogram Table
\ 
\ X Parameter: Log of Period
\ X Abbrev   : logP
\ X Units    : none
\ X Items    : 100         
\ 
\ Y Parameter: Log of RV Semi-Amplitude
\ Y Abbrev   : logK
\ Y Units    : none
\ Y Items    : 100         
\ 
|col000|col001|col002|col003|col004|col005|col006|col007|col008|col009|col010|col011|col012|col013|col014|col015|col016|col017|col018|col019|col020|col021|col022|col023|col024|col025|col026|col027|col028|col029|col030|col031|col032|col033|col034|col035|col036|col037|col038|col039|col040|col041|col042|col043|col044|col045|col046|col047|col048|col049|col050|col051|col052|col053|col054|col055|col056|col057|col058|col059|col060|col061|col062|col063|col064|col065|col066|col067|col068|col069|col070|col071|col072|col073|col074|col075|col076|col077|col078|col079|col080|col081|col082|col083|col084|col085|col086|col087|col088|col089|col090|col091|col092|col093|col094|col095|col096|col097|col098|col099|
|int   |int   |int   |int   |int   |int   |int   |int   |int   |int   |int   |int   |int   |int   |int   |int   |int   |int   |int   |int   |int   |int   |int   |int   |int   |int   |int   |int   |int   |int   |int   |int   |int   |int   |int   |int   |int   |int   |int   |int   |int   |int   |int   |int   |int   |int   |int   |int   |int   |int   |int   |int   |int   |int   |int   |int   |int   |int   |int   |int   |int   |int   |int   |int   |int   |int   |int   |int   |int   |int   |int   |int   |int   |int   |int   |int   |int   |int   |int   |int   |int   |int   |int   |int   |int   |int   |int   |int   |int   |int   |int   |int   |int   |int   |int   |int   |int   |int   |int   |int   |
      0      0      0      0      0      0      0      0      0      0      0      0      0      0      0      0      0      0      0      0      0      0      0      0      0      0      0      0      0      0      0      0      0      0      0      0      0      0      0      0      0      0      0      0      0      2      0      0      0      0      0      0      0      0      0      0      0      0      0      0      0      0      0      0      0      0      0      0      0      0      0      0      0      0      0      0      0      0      0      0      0      0      0      0      0      0      0      0      0      0      0      0      0      0      0      0      0      0      0      0
      0      0      0      0      0      0      0      0      0      0      0      0      0      0      0      0      0      0      0      0      0      0      0      0      0      0      0      0      0      0      0      0      0      0      0      0      0      0      0      0      0      0      0      0      0      0      0      0      0      0      0      0      0      0      0      0      0      0      0      0      0      0      0      0      0      0      0      0      0      0      0      0      0      0      0      0      0      0      0      0      0      0      0      0      0      0      0      0      0      0      0      0      0      0      0      0      0      0      0      0
      0      0      0      0      0      0      0      0      0      0      0      0      0      0      0      0      0      0      0      0      0      0      0      0      0      0      0      0      0      0      0      0      0      0      0      4      0      0      0      0      0      0      0      0      0      0      0      0      0      0      0      0      2      0      0      6      0      0      0      0      0      0      0      0      0      0      0      0      0      0      0      0      0      0      0      0      0      0      0      0      0      0      0      0      0      0      0      0      0      0      0      0      0      0      0      0      0      0      0      0
      0      0      0      0      0      0      0      0      0      0      0      0      0      0      0      0      0      0      0      0      0      0      0      0      0      0      0      0      0      0      0      0      0      0      0      0      0      0      2      0      0      0      0      0      0      0      0      0      0      0      0      0      0      0      0      0      0      0      0      0      0      0      0      0      0      0      0      0      0      0      0      0      0      0      0      0      0      0      0      0      0      0      0      0      0      0      0      0      0      0      0      0      0      0      0      0      0      0      0      0
      0      0      0      0      0      0      0      0      0      0      0      0      0      0      0      0      0      0      0      0      0      0      0      0      0      0      0      0      0      0      0      0      0      0      0      0      0      0      0      0      0      0      0      0      0      0      0      0      0      0      0      3      0      0      7      0      0      0      0      0      0      0      0      0      0      0      0      0      0      0      0      0      0      0      0      0      0      0      0      0      0      0      0      0      0      0      0      0      0      0      0      0      0      0      0      0      0      0      0      0
      0      0      0      0      0      0      0      0      0      0      0      0      0      0      0      0      0      0      0      0      0      0      0      0      0      1      0      0      0      0      0      0      0      0      0      0      0      0      0      0      0      0      0      0      0      0      0      0      0      0      0      0      0      0      0      0      0      0      0      0      0      0      1      0      0      0      0      0      0      0      0      0      0      0      0      0      0      0      0      0      0      0      0      0      0      0      0      0      0      0      0      0      0      0      0      0      0      0      0      0
      0      0      0      0      0      0      0      0      0      0      0      0      0      0      0      0      0      0      0      0      0      0      0      0      0      0      0      0      0      0      0      3      9      6      0      0      0      0      0      0      0      0      0      2      0      0      0      0      0      0      0      0      0      0      0      0      0      0      0      0      0      0      0      0      0      0      0      0      0      0      0      0      0      0      0      0      0      0      0      0      0      0      0      0      0      0      0      0      0      0      0      0      0      0      0      0      0      0      0      0
      0      0      0      0      0      0      0      0      0      0      0      0      0      0      0      0      0      0      0      0      0      0      0      0      0      0      0      5      0      0      0      0      0      0      5      0      0      1      0      0      0      0      0      0      0      0      0      0      3      0      0      5      0      0      0      0      0      0      0      0      0      1      0      0      0      0      0      0      0      0      0      0      0      0      0      0      0      0      0      0      0      0      0      0      0      0      0      0      0      0      0      0      0      0      0      0      0      0      0      0
      0      0      0      0      0      0      0      0      0      0      0      0      0      0      0      0      0      0      0      0      0      0      0      0      0      0      7      0      0      0      0      0      0      0      0      4      2      0      0      0      0      0      0      0      0      0      0      0      0      0      0      0      0      0      0      0      0      0      0      0      0      0      0      0      0      0      0      0      0      0      0      0      0      0      0      0      0      0      0      0      0      0      0      0      0      0      0      0      0      0      0      0      0      0      0      0      0      0      0      0
      0      0      0      0      0      0      0      0      0      0      0      0      0      0      0      0      0      0      0      1      0      0      0      0      0      0      0      0      0      0      0      0      0      0      0      0      0      0      0      0      0      3      0      0      0      7      5      0      0      0      0      0      0      0      0      0      0      0      0      0      0      0      0      0      0      0      0      0      0      0      0      0      0      0      0      0      0      0      0      0      0      0      0      0      0      0      0      0      0      0      0      0      0      0      0      0      0      0      0      0
      0      0      0      0      0      0      0      0      0      0      0      0      0      0      0      0      0      0      0      0      0      2      3      0      0      0      3      0      0      0      0      5      0      0      1      0      0      0      1      0      0      0      0      0      0      1      0      3      0      0      0      0      0      0      6      0      0      0      0      0      0      0      0      0      0      0      0      0      0      0      0      0      0      0      0      0      0      0      0      0      0      0      0      0      0      0      0      0      0      0      0      0      0      0      0      0      0      0      0      0
      0      0      0      0      0      0      0      0      0      0      0      0      0      0      0      0      0      0      0      0      0      0      0      0      0      0      0      0      1      0      0     10      0      0      0      0      7      0      0      0      2      0      0      9      1      0      0      1      0      0      0      0      0      0      0      0      5      0      0      0      0      0      0      0      0      0      0      0      0      0      0      0      0      0      0      0      0      0      0      0      0      0      0      0      0      0      0      0      0      0      0      0      0      0      0      0      0      0      0      0
      0      0      0      0      0      0      0      0      0      0      0      0      0      0      0      0      0      0      0      0      0      0      0      0      0     10      0      0      3      2      0      0      4      0      4      0      0      0      0      0      0      4      0      0      2      1      1      0      4      7      0      0      7      0      0      0      0      0      0      2      0      0      0      0      0      0      0      0      0      0      0      0      0      0      0      0      0      0      0      0      0      0      0      0      0      0      0      0      0      0      0      0      0      0      0      0      0      0      0      0
      0      0      0      0      0      0      0      0      0      0      0      0      0      0      0      0      0      0      2      0      0      0      3      5      0      0      5      1      1      0      0      0      0      0      2      4      0      3      0      0      3      0      0      0      0      0      0      4      0      3      0      1      2      0      3      0      0     13      0      0      0      0      0     17      0      0      0      0      0      0      0      0      0      0      0      0      0      0      0      0      0      0      0      0      0      0      0      0      0      0      0      0      0      0      0      0      0      0      0      0
      0      0      0      0      0      0      0      0      0      0      3      0      0      3      0      0      0      0      0      0      0      0      0      0      0      2      0      0      0      0      0      0      0      0      0      3      6      0      0      0      0      3      0      0      0      0      0      0      0      0      5      0      0      2      2      4      0      0      2      0      0     18      0      0      0      0      0      0      0      8      0      0      0      0      0      0      0      0      0      0      0      0      0      0      0      0      0      0      0      0      0      0      0      0      0      0      0      0      0      0
      0      0      0      0      0      0      0      0      0      0      0      0      3      0      0      0      0      0      0      0      0      3      2      0      0      0      0      0      2      0      0      0      6      1     12      0      3      0      3      3      0      7      3     10      4      0      2      0      0      4      0      0     20      0      0      0      0      4      0      0      0      0      0      0      4      1      0      0      0      0      0      0      0      0      0      0      0      0      0      0      0      0      0      0      0      0      0      0      0      0      0      0      0      0      0      0      0      0      0      0
      0      0      0      0      0      0      0      0      0      0      0      0      0      1      0      0      0      0      0      2      0      0      0      0      0      0      0      0      1      3      0      0      5      2      0      4      2      1      1      9      5      1      0      0     11      2      3      0     15      2      0      0      0      1      6      0      0      0      0      0      0      0      0      2      0      0      0      0      0      0      0      0      0      0      0      0      0      0      0      0      0      0      0      0      0      0      0      0      0      0      0      0      0      0      0      0      0      0      0      0
      0      0      0      0      0      0      0      0      0      0      0      3      0      0      0      0      0      1      0      4      0      0      0      0      4      0      0      6      2     14      3      0      0      4      0      0      1      0      0      1      2      0      2      6      6      2      0      3      2     10      0      3      2      0      4      0      0      4      0      1      0      3      0      1      0      0      0      0      0      0      0      0      0      0      0      0      0      0      0      0      0      0      0      0      0      0      0      0      0      0      0      0      0      0      0      0      0      0      0      0
      0      0      0      0      0      0      0      0      0      0      2      0      0      0      0      0      0      0      1      0      0      5      0      0      1      0      0      0      1      1      0      3     12      5      0      4      4      6     10      0      1      0      0      4      3      0      0      0      7      6      9      9      0      2      0      1      0      0      0      2      0      0      0      0      0      0      0      5      0      0      0      0      0      0      0      0      0      0      0      0      0      0      0      0      0      0      0      0      0      0      0      0      0      0      0      0      0      0      0      0
      0      0      0      0      0      0      0      0      0      0      0      0      0      0      0      0      0      0      0      1      0      2      0      0      1      6      3      0      1     11      0     13      2     12      1      0      9      7      3      1     11      0      2      4      4     15      7      1      0      3      5      9      0      0      4      5      0      3      6      1      1      1      0      0      0      0      0      0      0      0      0      0      0      0      0      0      0      0      0      0      0      0      0      0      0      0      0      0      0      0      0      0      0      0      0      0      0      0      0      0
      0      0      0      0      0      0      0      0      0      0      0      0      0      0      7      0      0      0      0      0      0      0      0      2      4      0      0      2      0      0     14      2      0      0      1      7      0      4      1      1      0      1      1      2     12     22      5     14      6      3      1      2      8      4      8      0      0      6      3      3      6      0      0      0      0      0      4      0      0      0      0      0      0      0      0      0      0      0      0      0      0      0      0      0      0      0      0      0      0      0      0      0      0      0      0      0      0      0      0      0
      0      0      0      0      0      0      0      0      0      0      0      0      0      0      0      3      0      1      0      5      2      0      1      0      6      4      1      0      6      6      0      3      0      1      5      5      0      0      3      7      9     14     21     15     10      5      8      0      3     10      5     17      5      2      9     17      4      0      5      0      0      4     10      0      0      2      0      0      0      0      0      0      0      0      0      0      0      0      0      0      0      0      0      0      0      0      0      0      0      0      0      0      0      0      0      0      0      0      0      0
      0      0      0      0      0      0      0      0      0      0      0      0      1      0      0      0      0      1      0      0      0      2      1      0      3      0      2      1      0      4      3      0      5      4     12     12      8      4      5     11      3      5      2      5      1      8      3     11     16     17     12      0      0      4      5      5      0      0      8      6      2      0      0      4      0      7      9      5      6      0      0      3      1      0      0      0      0      0      0      0      0      0      0      0      0      0      0      0      0      0      0      0      0      0      0      0      0      0      0      0
      0      0      0      0      0      0      0      0      0      0      0      0      0      0      0      0      8      0      0      0      0      6      3      5      2      0      1     16      0     14     10      1      3      8     18      2      2      4     15      9     16      6     17      3     21     26     10     11     15      1     19     12      2     24      0      2      3     16     20      0      7      5      0      2      0      1     12      2      0      1      0      4      1      0      0      0      0      0      0      0      0      0      0      0      0      0      0      0      0      0      0      0      0      0      0      0      0      0      0      0
      0      0      0      0      0      0      0      0      0      0      0      0      1      2      0      0      0      0      2      3      0      0      1      0      1     14      0      2      0      0      6      9      2     12     34     19     13      0      5     13     12      0     16     13     42     10     25     22     10     13      3     14     18     14      3      7     11      0      6      1     13      0      3      0      0      0      3      0      1      0      0      0      0      0      3      5      0      0      0      0      0      0      0      0      0      0      0      0      0      0      0      0      0      0      0      0      0      0      0      0
      0      0      0      0      0      0      0      0      0      0      0      0      0      0      0      0      0      0      0      1      2      9     12      5      2      0      2      3      2      4     12     21      7     19      1      3      2     34      4     12     12      3     14      5     24      8      3     25     33     28     11     29     15      6      9     11     18     11      0      6     21      5     15      0     10     12      0      0      2      6      0      0      0      0      0      0      0      0      0      0      0      0      0      0      0      0      0      0      0      0      0      0      0      0      0      0      0      0      0      0
      0      0      0      0      0      0      5      0      0      0      0      0      0      0      0      0      0      0      0      0      0      0      2     17      9      4      4      4      3      0      5      4     17      0      4     11     18     10     20     11     17     12      8      5     19     11      3     13     13      6     33     35     24      5      4     21      2     11      7      8     10      3     22     10      8     22      3      0     10      1      0      0      0      1      1      6      0      0      0      0      0      0      0      0      0      0      0      0      0      0      0      0      0      0      0      0      0      0      0      0
      0      0      0      0      0      0      0      0      0      0      0      3      0      0      0      2      0      0      0     10      2      0      0      0      0      3      4      7      5      8      2      3      4     18     19      3     19     39     23      6      7     16     20      3     14     12      7     38     28     13     21     11     38     15     22      9      4     14     24      6     10      5      3      4      9     13      4      2      9      1      0      0      2      0      0      0      0      0      0      0      0      0      0      0      0      0      0      0      0      0      0      0      0      0      0      0      0      0      0      0
      0      0      0      0      0      0      0      0      0      0      0      0      0      0      0      2      0      0      1     11      3      1      4      0      8      2     20      0     16      0      4      8     15     15      7     13     20     23     13      7     33     14      5     42     10     19     12      5     40     42      9     16     15     26     22     15      6     10     11      7      4      1      9     10      4      2      1      2     10      2      1      0      0      0      0      0      0      0      9      0      0      0      0      0      0      0      0      0      0      0      0      0      0      0      0      0      0      0      0      0
      0      0      0      0      0      0      0      0     10      0      0      0      1      0      0      0      0      0      0      0     21      4      0      3      4      9      1      0      4     13     13     21      2      7      4     25      5     20     24     28     35     18     18     25     19     25     33     34      8     19     46     14     11     18     14     24     12     16     12     12      9     22      5     24      6      7      2      4      3      0      0      3      0      5      0      1      0      0      0      0      0      0      0      0      0      0      0      0      0      0      0      0      0      0      0      0      0      0      0      0
      0      0      0      0      0      0      0      0      0     12      0      3      1      0      2      0      0      0      0      1     10      5      9      5      0      3      0     17     15     16      8     19     22     21     13     25     28     11     22      7      5     11     19     44     27     19     26     16     21     25     24     15     58     24     25     22     20     24      6     33      4     21     17      4     17     26      2      2      0      0      8      0      0      0      0      0      0      0      2      0      0      0      0      0      0      0      0      0      0      0      0      0      0      0      0      0      0      0      0      0
      0      0      0      0      0      0      0      0      0      0      0      0      0      1      0      1      1      0      0      5      4      4      0      3      9      2      0      0      8      8      9      6     10      4     36     19     19     34     45     11      7     16     60     74     26     30     25     39     19     10     27     23     39     11     28     44     28     17     11     30     36     32      8      7     10     12      1     17      2      3      3      0      7      0      1      2      0      0      0      0      0      2      0      0      0      0      0      0      0      0      0      0      0      0      0      0      0      0      0      0
      0      0      0      0      0      0      0      0      0      0      5      0      0      0      0      1      0      4      0      3      2      0     11      0      0     11      7     14      6     45     12     16     14      6      6     11     16     12     48     34     34     70     63     14     26     45      3     36     31     25     24     43     77     27     44     33     36     49     11     19     17     53      3     10      7     10     15      9      0      0      3      0      0     10      0      4      0      6      0      0      8      0      0      0      0      0      0      0      0      0      0      0      0      0      0      0      0      0      0      0
      0      0      0      0      0      0      0      0      0      0      0      1      0      4      4      0      0      0      2     13      3      0      4      7     12      0     13     13      0     11      0     30     42     34     27     14     14     28     10     30     48     15     29     34     13     34     40     52     31     33     18     41     42     19     17     35     32     22     26     13     12     29      2     11     28     16     11     23      3      9     10      5      0      0      1      1      0      0      0      0      1      1      0      0      0      0      0      0      1      0      0      0      0      0      0      0      0      0      0      0
      0      0      0      0      0      0      0      0      0      0      0      8      0      0      0      0      0      0      0      4     10      0     17      2      1      4      0      8     10     23     36      8     13     44     11     20     29     23     27     15     43     34     70     30     33     29     40     27     48     46     43     45     29     42     19     58     23     26      6      4     37     24     32     12      0     13      8     19     14      0      5      0      0      0     13      1      0      0      0      0      0      0      0      0      0      0      0      0      0      0      0      0      0      0      0      0      0      0      0      0
      0      0      0      0      0      0      0      0      0      0      0      3      4      0      0      5      1      0      0      4      6      0      7     17      9     17     20      2     39     21     30     22     23     15     17     16     30     21     13     43     37     24     56     22     40     32     46     16     37     62     53     76     51     41     18     24     41     46     35     22     22     25     24     12     23     10     17      0     15     19     11      1     19      1      0      0      3      6      0      0      0      0      0      0      0      0      0      0      0      0      0      0      0      0      0      0      0      0      0      0
      0      0      0      0      0      0      0      0      0      0      0      0      0      1      0      0      0      2      0      0      0      2      8      3      2      0     11      1      9     18     21     65     26      9     19     37     49     52     62     38     61     36     35     54     40     68     28     55     27     31     57     35     33     31     22     35     41     52     46     51     48     27     32     48     12      3     10     17      2      0      5     15     11      9      0      4      0      0      5      4      0      0      0      2      0      0      0      0      0      0      0      0      0      0      0      0      0      0      0      0
      0      0      0      0      0      0      0      0      0      0      0      0      4      4      0      0      8      1     12      5      0      2      0      0     14      8      7      6     10     21     20     17     12     29      9     45     31     18     49     48     80     48     36     52     59     68     47     75     57     51     26     44     68     52     62     24     34     27     74     22     44     52     41     21      5      9      0     12      9      9     39     11      0     15      2      1      5      4      0      1      0      0      0      0      0      0      3      0      0      0      0      0      0      0      0      0      0      0      0      0
      0      0      0      0      0      0      1      0      0      0      0      0      0      0      0      0      5      0      1      0      0      4     16      8     11      8     26      8     20      4      8     23     20      1     44     54     30     50     53     46     39     48     50     64     25     88     30     27     48     74     47     79     33     70     67     85     49     52     60     52     23     42     41     17     61      9      7     23     15      8     18      0      5      6     12      4      0      0      2      0      0      0      0      0      0      0      0      0      0      0      0      0      0      0      0      0      0      0      0      0
      0      0      0      0      0      0      0      0      0      0      0      0      0      5      0      2      5      0      1      3      4      1      4      7     19      1     25      1     16     15     14     17     31     26     38     44     27     20     50     23     85     57     45     57     43     69     88     58     49     50     87     83     43     55     76     69     28     39     45     70     54     16     40     36     15      3      8     31     13     13     26      0      1     13      6      0      1      0      8      4      0      2      1      0      0      0      0      0      0      0      0      0      0      0      0      0      0      0      0      0
      0      0      0      0      0      0      0      0      0      3      0      1      0      0      9      1      3      0      5      1      0      1      2     18      8     10     11     18     15      9     13     21     22     40     37     58     71     46     52     28     53     72     40     55     80     38     46     72     53    110     51     69     80     35     49     74     47     45     51     41     50     42     24     21     35     29     32     11     20     22      4      1     10      6      3      0      0     11      0      0     25      1      0      0      0      4      0      0      0      0      0      0      0      0      0      0      0      0      0      0
      0      0      0      0      0      0      0      0      5      0      0      0      1      0      0      0      0     15      3      2      2      0      5      6      8      7      2     27     46      6     34     36     44     13     28     39     83     77     22     16     42     27     65     42     49     59     41    107     98     49    134     39     41    100     77     26     55     88     41     70     36     42     68     65     39     34     43     43     15     32     30      0      8      1      7     12      5      0      7      0      0      6      0      0      0      0      1      0      0      0      0      0      0      0      0      0      0      0      0      0
      0      0      0      0      0      0      2      0      0      0      0      0      0      5      0      0      0      0      1      8      0      1      4      5     27      7     26     10     12     15     29     15     19     74     48     54     54     60     40     31     66     68     67     91     88     69     93     72     56     81    144     81     76     96     58     41     45     89     75     56     48     34     27     48     73     49      9     26     13     17      8     25      4      0     26     17      7     13     13     10      4      2      1      0      1      1      0      0      0      0      0      0      0      0      0      0      0      0      0      0
      0      0      0      0      0      0      0      0      0      0      0      3      0      0      0      0      1      1      0      2      1      2     20     15      0      9     34     24      5     22     55     12     37     34     36     38     95     29     33     45     40     68     98     25     51     86     57     59    107     84     29     36     64     96     93     51     68     57    120     38     50     73     24     48     44     22      9     28     11     28     21     16     25      9      3      0      6     15      4      2      0      1      0      0      8      0      0      0      0      0      0      0      0      0      0      0      0      0      0      0
      0      0      0      0      0      0      0      0      0      0      0      0      3      0      6      2      0      0      0     17      9      2     19      0      5     11     16     12     28      6     19     30      3      2     24     26     60     38     31     55     59     35     65     52    115     82     70     71     91     77     78    122    125    108     86     84     69     81     52     40     66     28     80     63     68     53     30     50     26     28     13     24     33      3      0      0      1     15      5      0      0      0      0      0      0      0      0      0      0      0      0      0      0      0      0      0      0      0      0      0
      0      0      0      0      0      0      0      0      0      0      0      3      4      0      2      3      0      0      0      0      0      0      1      9      6     21     11      9      7     12     43     10     31     22     75     65     45     29     28     56     42    103     61    121     84     64     83     44     38     65     55     78     99     98    113     90     97     49     74     82     40     51     65     43     40     57     63     45     18     17      9     22     16     21      0      5      8     31      7      0      3      0      3      0      0      0      0      0      0      0      0      0      0      0      0      0      0      0      0      0
      0      0      0      0      0      0      0      0      0      2      0     10      0      0      0      0      0      1      0      2      2      6      6      1      6      8      6     12     20      6     29     12     49     19     35     25     32     58     58     47     57     66    103     49    106    147    101     54     38     76     91     53     90     56    112     50     95     49     88     48     51     93     66     41     51     39     32     26     36     45     22      9      9     33      9      8     16      2      7      0      4      0      0      0      1      0      0      0      0      0      0      0      0      0      0      0      0      0      0      0
      0      0      0      0      0      0      0      0      0      0      0      0      0      3      0      0      3      0      2      0      3     10     19     12      5     15      5     22     13     11     28     17     20     33     31     49     52     62     44     71     58     50     64    114     70     75     88    112     90     67     65     95    115     95     64     83    131     57     69     92     72     24     64     81     71     46     22     81     15     30     24      3     19     25      0     22      0      6      0      0      2      0      0      0      1      0      0      0      0      0      2      0      0      0      0      0      0      0      0      0
      0      0      0      0      0      0      0      0      0      0      2      0      3      0      0      0      7      0      0      0      0      2      9      6      3     14      2     21     19     18     29      5     16     10     32     36     26     60     37     92     60     93     87     31     83     96     67    117    108     71    119     96     74    119     88     85     82     83    126     75     72     79     48     33     50     53     54     42     66     40     35      5     12      4     50     12      2      5     17     10     13      2      2      0      0      0     12     18      9      0      0      0      0      0      0      0      0      0      0      0
      0      0      0      0      0      0      0      0      9      0      0      0      0      0      0      0      6      0      0      8      0      2     20      7      0      4      0      7     47     13     39     13     10     27     29     57     28     37     28     57     39     71     95    134     74     98     74     61    104     85     73    128    113     74     70     65     89     52    163     61     53     76     56     27     83     39     93     54     22     53     17      4     18     31     15      6      7      5      0     10      4      0      8     15      3      0      0      0      0      1      0      0      0      0      0      0      0      0      0      0
      0      0      0      0      0      0      0      0      0      0      0      0      0      0      1      2      0      0      0      0      0      0      5      1     12      4      7      5      5     22     33     25     54     32     26     36     60     30     33     54     35     89     88    109     47     79     39    117     59    113     90     78     47    110    102    160    137     43     54     88     46     23     78     75     42     52     25     19     16     13     26     21     14     23      6     22      0      1     11      0     12      7      0     19      6      0      0      0      0      0      0      0      0      0      0      0      0      0      0      0
      0      0      0      0      0      0      0      0      0      0      0      0      0      0      0      0      1      0      0      1      7      0      8      2     10      4      2     14     10     23     14     16      8     44     45     39     38     47     43     44     33     99     29     57     61     78     85     84     93     49     93     76    104     58     84     47     74    106     74     51     69    115     87     63     75     22     53     39     51     25     27     11     17      2      4      9     11     17     24      4      1      9      1      7      0      0      5      1      0      0      0      0      0      0      0      0      0      0      0      0
      0      0      0      0      0      0      0      0      0      0      0      0      0      0      2      0      0      0      5      0      6      2     17      4      0     16     22      1     14     10     10     23     19     32     38     63     62     26     48     26     26     73     24     39     83    111     87     90    122     91     42     63     85     84     85    106     69     90     90     74     59     71     88     24     61     75     55     48     31     27     27     41     21     26      6     39     12      9     10      2      0     20      3      0      0      0      0      0      0      0      0      0      0      0      3      0      0      0      0      0
      0      0      0      0      0      0      0      0      0      0      0      0      0      0      0      4      0      0      0      4      0      0      1      1      0     20     10      9     15     23     27     31     35     42     10     29     20     66     22     59     41     65     61     78     48     64     71     47     61    107     84     76    120     97     63     70    145    108     57     58     88     56     58     59     49     57     59     14     46     42     16     70      2     18      1      2     19      1      0      6      0      5      2      2      0      0      0     11      0      0      0      0      0      0      0      0      0      0      0      0
      0      0      0      3      0      0      0      0      0      0      0      0      0      0      1      0      0      7      0      0      8      2      1      2      7     20      4      7      4     16     17     23     13     26     21     24     25     15     50     53     42     60     32     37     60    108    163    104     78     57     72    103     65     61     63    142    137    100     48     87    102     56     47     44    105     45     79     32     27     41      5     19     16     17      8      9      1      6     11     11      7      4      4      2      0      0      0      0      0      0      0      0      0      0      0      0      0      0      0      0
      0      0      0      0      0      0      0      0      0      0      0      0      0      1      2      0      0      3      1      0      0      0      0     10     17     16     26     17     17     15     16     15     36     15     27     49     55     28     64     30     75     35     44     65     81     65     77     68    117     65     36     89    121    115     89     61     58    103     82     34     61    124     76     62     17     22     15     41     30     45     59     19     13     10     35      0     11      0      0      0      0      2      0      0      0      0      0      0      0      0      0      0      0      0      0      0      0      0      0      0
      0      0      0      0      0      0      0      0      0      0      1      0      0      0      0      0      0      4      0      2      0      4     12      8     15     16      5      4     11      7      7     23     27     13     16     31     22     33     44     50     42     56     67     59     35     89     72     56     74     70     84    124     56     64     41     79     91    143     50    102     90     44    101     49     49     59     58     15     32     15     28     55     31     16     13      5     16     17      5      1      0      1      0      0      0      2      0      0      0      0      3      0      0      0      0      0      0      0      0      0
      0      0      0      0      0      0      0      0      0      0      0      0      0      0      0      2      0      0      0      1     10      2      5      0      2     17      5      7     17      1     22     24     12     27      6     30     51     30     20     51     42     87     65     58     49     98     76     51     53     56     90    111     29     64    105     32    106     50     90    104     90     58     78     71     41     35     55     32     19     24     26     16      6     13      7      0      8      7     10      4     16      5     10      0      0      0      0      0      0      0      0      0      0      0      0      0      0      0      0      0
      0      0      0      0      0      0      0      0      0      0      0      0      0      2      0      0      0      0      0      2      1      0      5      3      4     12      3      8     13      3     21     33      3     10     17     47     37      8     16     38     57     35     37     63     52     78     51     50    100    118     65     91     56     66     35     55     65     51     55     76     70     63     47     47     37     55     45     66     66     18     17     46     17     30     20     18      8      4      5      7      0      0      7      2      3      0      2      3      3      0      0      0      0      0      0      0      0      0      0      0
      0      0      0      0      0      0      0      0      0      0      0      2      0      0      3      0      0      0      0      0      3      5      6      0     13     19      3      8      8     16      0     21     21     16     10     21     43     42     20     36     46     68     33     61     49     52     27     67     72     49     75     80    103     69     98     38    104    130     59     57     64     24     35     24     65     40     38     58     42     21     39     33     17     13      1     25      9     15     17      0      4     16      5     16      0      0      0      0      0      0      0      0      0      0      0      0      0      0      0      0
      0      0      0      0      0      0      0      0      0      0      0      0      0      0      0      0      0      0      0      9      6      0      0      0      3      0      3     15      8      4     26     13      9     17      4     39     45     25     43     40     46     31     58     52     60     66     39    176     76     65     72     63     80     42     61     50     75     63     56     50     43     24     56     56     56     33     42     17     24     38     21     31     12     25      5     13      3      5      0      0      2      2      1      8      0      0      0      4      0      0      0      0      0      0      0      0      0      0      0      0
      0      0      0      0      0      0      0      0      0      0      0     13      0      0      0      0      0      0      4      0      0      0      0      7     13      0      8      6     15     12      1      3     13      2     29     31     25     39     38     19     39     40     25     33     43     71     60     40     24     21    121     72     52     44     33     52     51     87     53     39     30     64     49     49     27     20     30     26     24     44     30     20      5      9     32      0      0      0      8      0     11      8      0      0      1      0      0      0      0      0      8      0      0      0      0      0      0      0      0      0
      0      0      0      0      0      0      0      0      0      0      0      0      0      0      0      0      0      0      0      0      1      0      0      3      0      3      0      8      0     17      3     16      8     13      1     25     24      9     33     33     33     21     37     21     63     42     40     39     47     33     54     86     79     34     28     55     71     63     53     32     44     26     38     42     23     18     54     35     17     14     15     27     11     12      8      7     35      4      0      3      0      1      0      1      0      0      0      4      0      0      0      0      0      0      0      0      0      0      0      0
      0      0      0      0      0      0      0      0      0      0      0      0      0      0      0      1      0      0      0      4      0      0      3     13      1      1      0      3     18      9      4      5     17     15     23      7     17      6     21     69     23     17      9     47     29     36     48     61     66     77     29     32     23     83     41     32     68     46     69     28     66     53     63     20     82      3      9     46     13      1     23      0     18      8      7      2     15     23      1     13      0      0      2      0      1      0     11      0      0      0      3      1      0      0      0      0      0      0      0      0
      0      0      0      0      0      0      0      0      0      0      0      0      0      0      0      0      0      0      0      6      0      1      2      0      3      2      0     24      2      0      9     10      7     12      2      2     14     21     15     11     40     28     25     29     14     31     56     18     34     25     17     58     31     44     59     54     78     32     43     77     40     50     30     17     38     56     24     18      4     27      4      8     20      8      0      5      0      4      0      6      5      0      0      1      0     12      0      0      0      0      0      0      0      0      0      0      0      0      0      0
      0      0      0      0      0      0      0      0      0      0      0      0      0      0      0      0      0      2      8      0      7      0      0      8      0      5      4      0      0      6     10     31     14     12      6     25     20     14     17      9     31     16     44     28     39     49     33     52     61     28     16     27     59     45     68     49     28     61     30     13     22     34     31     11     27      7     20     17     39      4      4     50     24      9     18      0      4      1      0      5      0      0      0      7      0      0      0      0      0      0      0      0      0      0      0      0      0      0      0      0
      0      0      0      0      0      0      0      0      0      0      0      0      0      0      9      0      0      0      2      0      0      2      3      0      0      0      0      2      5      5      6      2      3     17      1     27      5     21      9      1      7     37     38     19     13     23     42     21     19     27     25     42     29     35     47     21     39     27     22     38     43     23     22     15     23     13     39     27     29      7      0     10      8      4      6      0      5      6      2      4      0      4      0      0      0      0      0      2      0      0      0      0      0      0      0      0      0      0      0      0
      0      0      0      0      0      0      0      0      0      0      0      2      0      0      0      0      0      0      0      0      0      0      0      0      4      8      0      0      0      0      0      5      8     13      5     15      7     18     12     17     25     16     14     22     18     46     20     28     15     12     43     26     42     36     28     28     57     18     34     29     33     21     43     14     31     17     15     11     11     37     13     18      0      2      1      3      0      7      3      0      0      0      0      0      0      0      0      0      0      0      0      0      1      0      0      0      0      0      0      0
      0      0      0      0      0      0      0      0      0      0      0      0      0      0      0      0      0      0      0      0     10      0      0      2      5      0      5      8     15      6     13      0     14      1      2      5     14      1     11     29     14     11     44     17     15     36     41     72     11     31     31     14     17     30     15     32     19     22     59     16     29     36     34     50     59     14     20      8     27      7     10      6     12      0     12     18      0      1      3      6      0     10      0      0      0      0      0      0      1      0      0      0      0      0      0      0      0      0      0      0
      0      0      0      0      0      0      0      0      0      0      0      0      0      0      0      0      0      0      0      0      1      0      0     19      2      0      3      0      6      0      1     14      8      4      7     13      9     34     13      5     16      9     37     21     20     26     27     24     23     42     31     23     40     18     37     70     31     17     42     22     15      7     34     27     28      3     15      8     15     14      1     14      8      9     25      0      1      6      0      5      0      0      0      0      1      0      0      0      0      1      0      0      0      0      0      0      0      0      0      0
      0      0      0      0      0      0      0      0      0      0      0      0      0      0      0      0      0      0      0      0      0      0      0      1      2      0      1      0     18      0      5      0      0      1      2      5     10      4      4      2     27     26     31     12     34     13     11     26     15     23      2     19     11      9     16     10     37      5     23     28     27      0     15      6     19     17     17     17     12     20     15      0      8      2      0      1      0      6      1      0      0      0      1      1      0      0      2      0      0      0      0      0      0      0      0      0      0      0      0      0
      0      0      0      0      0      0      0      0      0      0      0      0      0      0      0      0      0      0      0      0      0      0      0      1      5      0      0      2      3      0      0     16      4      4      4     18     12      7      9      2      0      1     10     24      5      7     12     16     18     33     13      2     36     30     27     15     37     43     14      7      0     15      2      5     13      6     42      0     24      5     23      2      7      0      4      5      1      0      2      2      0      0      2      0      1      0     23      0      0      0      0      0      0      0      0      0      0      0      0      0
      0      0      0      0      0      0      0      0      0      0      0      0      3      0      0      0      0      0      0      0      0      0      0      0      0      1      3      0      0      4      0      5      3      8      3      3      0      5      1      6      9     17     12     23      3     17     16     29     12     28      4      8      1     19     18     17     18      8      9     20     13     11     27      6     18     12     12     13     12     14      1      8      8      6      1      9     12      0      4      0      0      0      0      0      0      0      0      0      0      0      0      0      0      0      0      0      0      0      0      0
      0      2      0      0      0      0      0      0      0      0      0      0      0      0      0      0      0      0      0      0      0      0      1      0      0      0      0      1      1      1     10      0      2      0      8      2      5      9     12     22      7      1     13     12      7      8     17      9     15      3      8     11     20     18      4      3      4     21      6      4      6     33     35     13     27      8      9      1     13      2     14      4     10      9      0      4      0      7      1     11      0      0      0      0      0      2      0      0      0      0      0      0      5      0      0      0      0      0      0      0
      0      0      0      0      0      0      0      0      0      0      0      0      0      0      0      0      0      0      0      0      0      0      0      5      0      0      1      2      0      0      8      4      6     11      0      8      4      5      4      4      0      9      4      0      6      3      3      6     11      4     13      1     18     31     11     14     25      2     14     12      1      8      1     31     13     13      0     13     15     10      8      3      0      2      3      0      0      0      5      0      0      0      6      0      0      0      0      0      0      0      0      0      0      0      0      0      0      0      0      0
      0      0      0      0      0      0      0      0      0      0      0      0      0      0      0      0      0      0      0      0      0      0      0      0      0      0      0      2     22      0      7      0      0      0      0      0      0     10      0      7      5      0      4      0      4      3     11      5     13     28     30     14      7     28     22      7      2      4      0     14      1     17      0      5     13      7      1      2      0      5      7      4      1      8      0      1      1      0      0      0      0      0      0      0      0      0      0      0      0      0      0      0      0      0      0      0      0      0      0      0
      0      0      0      0      0      0      0      0      0      0      0      0      0      0      0      0      0      0      0      0      0      2      0      0      0      0      0      0      0      0      0      0      7      0      5      5      3      9      4      0      5      8     21      3      3      4     12      4     18      6      6      2      0      5      2     16      2     10      6      6      0     12      4      8      2      7      0      0      3      1      5      0      0      8      0      2      3      1      1      0      0      0      0      0      0      0      0      0      0      0      0      0      0      0      0      0      0      0      0      0
      0      0      0      0      0      0      0      0      0      0      0      0      0      0      0      0      0      0      0      0      0      5      0      0      2      0      3      2      2      3      0      0      6      0      0      0      0      2      8      0      3      0      1     20      0     16     10      2      6     17      5      5     15     13      3      2      3     14     16      2      0      0      0      8      3     31      8      0      0      9      0      4      2      3      0      1      0      0      0      0      3      0      0      1      0      0      0      3      0      0      0      0      0      0      0      0      0      0      0      0
      0      0      0      0      0      0      0      0      0      0      0      0      0      0      0      0      0      0      0      0      0      0      0      0      3      4      0      0      0      0      0      2      0      0      0      2      2      2      0      4      0      0     16     19      2      0      9     27      3     25      6      8      4     11      3      8      8      5     21      0      6      0     26      0     16      2      8      5      0      0     17      2      0      0      3      0      0      1      0      0      0      0      0      0      0      0      0      0      0      0      0      0      0      0      0      0      0      0      0      0
      0      0      0      0      0      0      0      0      0      0      0      0      0      0      0      0      0      0      0      0      0      0      0      0      0      0      0      0      0      5      0      0      0      0      0      0      0      0      0      3      2      0      7      5      2      6      6      0      0     10      5      6      9      2     10      0     14      3     10      6      2      2      0      5      5      1      3      1      1     10      0      1      0      0      0      0      0      0      0      0      0      0      0      0      0      0      0      0      0      0      0      0      0      0      0      0      0      0      0      0
      0      0      0      0      0      0      0      0      0      0      0      0      0      0      0      0      0      0      0      0      0      0      0      0      0      0      0      0      0      0     15      0      0      4      5      4     20      1      3      2      1      0      2      1      0      6      4      0      0      0      2      0      1      2      5      0      7      7      8      0      4      1      0      1      0      3      0      7      6     16      0      2      3      0      0      0      0      0      0      0      0      7      0      0      0      0      0      0      0      0      0      0      0      0      0      0      0      0      0      0
      0      0      0      0      0      0      0      0      0      0      7      0      0      0      0      0      0      0      0      0      1      0      0      1      0      0      0      2      1      0      0      0      0      0      0      0      0      8      0      1      0      0      1      0      0      0      0      4      0      5      0      4      3      1      2      1      9      1      0      3      0      0      7      0      6      0      7      0      0      0      2      0     11      0      0      5      0      0      0      0      0      0      0      0      0      0      0      0      0      0      0      0      0      0      0      0      0      0      0      0
      0      0      0      0      0      0      0      0      0      0      0      0      0      0      0      0      0      0      0      0      0      0      0      0      0      0      0      0      3      4      1      0      0      0      0      1      0      1      0      0      0      0      0      2      2      0      9      0      0      1      7      0      0      5      0      0      4      0      7      3      2      0      1      0      4      7      0      6      2      1      6      3      1      0      0      0      0      0      0      0      0      0      0      0      0      0      0      0      0      0      0      0      0      0      0      0      0      0      0      0
      0      0      0      0      0      0      0      0      0      0      0      0      0      0      0      0      0      0      0      0      0      0      0      0      1      0      6      0      0      0      0      0      0      0      0      0      2      0      0      0      2      0      0      1      0      0      3      2      0     16      0      0      2      0      0      0      4      0      0      0      5      0      0      1      0      0      0      0      1      0      2      0      4      0      0      0      0      0      0      0      0      0      0      0      0      0      0      0      0      0      0      0      0      0      0      0      0      0      0      0
      0      0      0      0      0      0      0      0      0      0      0      0      0      0      0      0      0      0      1      0      0      0      0      0      0      0      0      0      0      0      0      0     10      0      0      0      0      0      0      0      0      1      1      0      0      1      0      0      0      0      0      0      0      2      6      1      0      0      7      0      0      1      0      8      0      6      0      0      0      0      0      0      0      2      0      0      3      0      0      1      0      0      0      0      0      0      0      0      0      0      0      0      0      0      0      0      0      0      0      0
      0      0      0      0      0      0      0      0      0      0      0      0      0      0      0      0      0      0      0      0      0      0      0      0      0      0      0      0      0      5      0      0      0      0      1      0      0      0      0      4      0      0      0      0      0      0      1      0      6      0      0      0      0      0      0      8      0      0      0      0      0      1      0      4      0      0      0      0      0      0      0      2      0      0      5      0      0      0      0      2      0      0      0      0      0      0      0      0      0      0      0      0      0      0      0      0      0      0      0      0
      0      0      0      0      0      0      0      0      0      0      0      0      0      0      0      0      0      0      0      0      0      0      0      0      0      0      0      1      0      0      0      0      0      1      0      0      3      0      0      0      6      0      0      0     18      0      0      0      0      2      0      1      0      0      0      0      0      3      0      0      0      0      0      0      0      0      0      0      0      0      0      1      0      0      0      0      0      0      0      0      0      0      0      0      0      0      0      0      0      0      0      0      0      0      0      0      0      0      0      0
      0      0      0      0      0      0      0      0      0      0      0      0      0      0      0      0      0      0      0      0      0      0      0      0      0      0      0      0      0      0      0      0      0      0      0      0      0      0      0      0      1      0      3      0      0      0      1      0      0      0      0      0      0      0      0      0      0      4      1      3      1      2      0      0      2      0      0      0      0      0      1      0      0      0      0      0      0      0      0      0      0      0      0      0      0      0      0      0      0      0      0      0      0      0      0      0      0      0      0      0
      0      0      0      0      0      0      0      0      0      0      0      0      0      0      0      0      0      0      0      0      0      0     10      0      0      0      0      0      0      0      0      0      0      0      0      2      0      0      0      1      0      3      0      0      5      0      6      0      1      0      3      0      0      0      5      1      1      3      0      0      0      0      0      2      1      5      1      0      4      0      0      0      0      0      3      0      0      0      2      1      0      0      0      0      0      0      0      0      0      0      0      0      0      0      0      0      0      0      0      0
      0      0      0      0      0      0      0      0      0      0      0      0      0      0      0      0      0      0      0      1      0      0      0      0      0      0      0      0      0      0      0      0      0      5      0      0      0      0      0      0      0      0      0      0      0      0      0      0      0      5      3      0      0      0      0      0      0      5      3      0      0      2      0      0      0      0      0      0      0      0      0      0      0      0      0      0      0      0      0      0      0      0      0      0      0      0      0      0      0      0      0      0      0      0      0      0      0      0      0      0
      0      0      0      0      0      0      0      0      0      0      0      0      0      0      0      0      0      0      0      0      0      0      0      0      0      0      0      0      0      0      0      0      0      0      0      0      0      0      0      0      0      0      0      1      0      0      0      2      0      0      8      0      0      1      0      0      0      0      0      0      4      0      0      0      0      0      0      4      0      0      0      0      0      0      0      0      0      0      0      0      0      0      0      0      0      0      0      0      0      0      0      0      0      0      0      0      0      0      0      0
      0      0      0      0      0      0      0      0      0      0      0      0      0      0      0      0      0      0      0      0      0      0      0      0      0      0      0      0      0      0      0      0      0      0      0      0      0      0      0      0      0      0      0      0      0      0      0      3      1      0      1      0      0      0      0      0      0      0      5      0      0      0      0      0      0      0      0      3      0      0      0      0      0      0      0      0      0      0      0      0      0      0      0      0      0      0      0      0      0      0      0      0      0      0      0      0      0      0      0      0
      0      0      0      0      0      0      0      0      0      0      0      0      0      0      0      0      0      0      0      0      0      0      0      0      0      0      0      0      0      0      0      0      0      0      0      0      0      0      0      0      0      0      0      0      0      0      1      0      0      0      0      0      0      0      0      0      0      1      0      0      0      0      0      0      2      0      0      0      2      0      0      2      0      0      0      0      0      0      0      0      0      0      0      0      0      0      0      0      0      0      0      0      0      0      0      0      0      0      0      0
      0      0      0      0      0      0      0      0      0      0      0      0      0      0      0      0      0      0      0      0      0      0      0      0      0      0      0      0      0      0      0      0      0      0      0      0      0      0      0      0      0      0      0      0      0      0      0      0      0      0      3      0      0      0      0      0      0      0      0      0      0      0      3      0      0      0      0      0      0      0      0      0      0      0      0      0      0      0      0      0      0      0      0      0      0      0      0      0      0      0      0      0      0      0      0      0      0      0      0      0
      0      0      0      0      0      0      0      0      0      0      0      0      0      0      0      0      0      0      0      0      0      0      0      0      0      0      0      0      0      0      0      0      0      0      0      0      0      0      0      0      0      0      0      0      0      0      0      0      0      0      0      0      0      0      0      0      0      0      0      0      0      0      0      0      0      0      0      0      0      0      0      0      0      0      0      0      0      0      0      0      0      0      0      0      0      0      0      0      0      0      0      0      0      0      0      0      0      0      0      0
      0      0      0      0      0      0      0      0      0      0      0      0      0      0      0      0      0      0      0      0      0      0      0      0      0      0      0      0      0      0      0      0      0      0      0      0      0      0      0      0      0      0      0      0      0      0      0      0      0      0      0      0      0      0      0      0      0      0      0      0      0      0      0      0      0      0      0      0      0      0      0      0      0      0      0      0      0      0      0      0      0      0      0      0      0      0      0      0      0      0      0      0      0      0      0      0      0      0      0      0
      0      0      0      0      0      0      0      0      0      0      0      0      0      0      0      0      0      0      0      0      0      0      0      0      0      0      0      0      0      0      0      0      0      0      0      0      0      0      0      0      0      0      0      0      0      0      0      0      0      0      0      0      0      0      0      1      0      0      0      0      0      0      0      0      1      0      0      0      0      0      0      0      0      0      0      0      0      0      0      0      0      0      0      0      0      0      0      0      0      0      0      0      0      0      0      0      0      0      0      0
      0      0      0      0      0      0      0      0      0      0      0      0      0      0      0      0      0      0      0      0      0      0      0      0      0      0      0      0      0      0      0      0      0      0      0      0      0      0      0      0      0      0      0      3      0      0      0      0      0      0      0      0      0      0      0      0      0      0      0      0      0      0      0      0      0      0      0      0      0      0      0      0      0      0      0      0      0      0      0      0      0      0      0      0      0      0      0      0      0      0      0      0      0      0      0      0      0      0      0      0
      0      0      0      0      0      0      0      0      0      0      0      0      0      0      0      0      0      0      0      0      0      0      0      0      0      0      0      0      0      0      0      0      0      0      0      0      0      0      0      0      5      0      0      0      0      0      0      0      0      0      0      0      0      0      0      0      0      0      0      0      0      0      0      0      0      0      0      0      0      0      0      0      0      0      0      0      0      0      0      0      0      0      0      0      0      0      0      0      0      0      0      0      0      0      0      0      0      0      0      0
      0      0      0      0      0      0      0      0      0      0      0      0      0      0      0      0      0      0      0      0      0      0      0      0      0      0      0      0      0      0      0      0      0      0      0      0      0      0      0      0      0      0      0      0      0      0      0      0      0      0      0      0      0      0      0      0      0      0      0      0      0      0      0      0      0      0      0      0      0      0      0      0      0      0      0      0      0      0      0      0      0      0      0      0      0      0      0      0      0      0      0      0      0      0      0      0      0      0      0      0
