\ 
\ Covariance Function Histogram Table
\ 
\ X Parameter: Log of Period
\ X Abbrev   : logP
\ X Units    : none
\ X Items    : 100         
\ 
\ Y Parameter: A Priori Non-Grazing Eclipse Prob
\ Y Abbrev   : PS
\ Y Units    : none
\ Y Items    : 100         
\ 
|col000|col001|col002|col003|col004|col005|col006|col007|col008|col009|col010|col011|col012|col013|col014|col015|col016|col017|col018|col019|col020|col021|col022|col023|col024|col025|col026|col027|col028|col029|col030|col031|col032|col033|col034|col035|col036|col037|col038|col039|col040|col041|col042|col043|col044|col045|col046|col047|col048|col049|col050|col051|col052|col053|col054|col055|col056|col057|col058|col059|col060|col061|col062|col063|col064|col065|col066|col067|col068|col069|col070|col071|col072|col073|col074|col075|col076|col077|col078|col079|col080|col081|col082|col083|col084|col085|col086|col087|col088|col089|col090|col091|col092|col093|col094|col095|col096|col097|col098|col099|
|int   |int   |int   |int   |int   |int   |int   |int   |int   |int   |int   |int   |int   |int   |int   |int   |int   |int   |int   |int   |int   |int   |int   |int   |int   |int   |int   |int   |int   |int   |int   |int   |int   |int   |int   |int   |int   |int   |int   |int   |int   |int   |int   |int   |int   |int   |int   |int   |int   |int   |int   |int   |int   |int   |int   |int   |int   |int   |int   |int   |int   |int   |int   |int   |int   |int   |int   |int   |int   |int   |int   |int   |int   |int   |int   |int   |int   |int   |int   |int   |int   |int   |int   |int   |int   |int   |int   |int   |int   |int   |int   |int   |int   |int   |int   |int   |int   |int   |int   |int   |
      0      0      0      0      0      0      0      0      0      0      0      0      0      0      0      0      0      0      0      0      0      0      0      0      0      0      0      0      0      0      0      2      0      0      0      0      0      0      0      0      0      0      0      0      0      0      0      0      0      0      0      0      0      0      0      0      0      0      0      0      0      0      0      0      0      0      0      0      0      0      0      0      0      0      0      0      0      0      0      0      0      0      0      0      0      0      0      0      0      0      0      0      0      0      0      0      0      0      0      0
      0      0      0      0      0      0      0      0      0      0      0      0      0      0      0      0      0      0      0      0      0      0      0      0      0      0      0      0      0      0      0      0      0      0      0      0      0      0      0      0      0      0      0      0      0      0      0      0      0      0      0      0      0      0      0      0      0      0      0      0      0      0      0      0      0      0      0      0      0      0      0      0      0      0      0      0      0      0      0      0      0      0      0      0      0      0      0      0      0      0      0      0      0      0      0      0      0      0      0      0
      0      0      0      0      0      0      0      0      0      0      0      0      0      0      0      0      0      0      0      0      0      0      0      0      0      0      0      0      0      0      0      0      2      0      0      4      0      0      0      0      0      0      6      0      0      0      0      0      0      0      0      0      0      0      0      0      0      0      0      0      0      0      0      0      0      0      0      0      0      0      0      0      0      0      0      0      0      0      0      0      0      0      0      0      0      0      0      0      0      0      0      0      0      0      0      0      0      0      0      0
      0      0      0      0      0      0      0      0      0      0      0      0      0      0      0      0      0      0      0      0      0      0      0      0      0      0      0      0      0      0      0      0      0      0      0      0      0      0      2      0      0      0      0      0      0      0      0      0      0      0      0      0      0      0      0      0      0      0      0      0      0      0      0      0      0      0      0      0      0      0      0      0      0      0      0      0      0      0      0      0      0      0      0      0      0      0      0      0      0      0      0      0      0      0      0      0      0      0      0      0
      0      0      0      0      0      0      0      0      0      0      0      0      0      0      0      0      0      0      0      0      0      0      0      0      0      0      0      0      0      0      0      0      0      0      0      7      0      0      0      0      0      0      3      0      0      0      0      0      0      0      0      0      0      0      0      0      0      0      0      0      0      0      0      0      0      0      0      0      0      0      0      0      0      0      0      0      0      0      0      0      0      0      0      0      0      0      0      0      0      0      0      0      0      0      0      0      0      0      0      0
      0      0      0      0      0      0      0      0      0      0      0      0      0      0      0      0      0      0      0      0      0      0      0      0      0      0      1      0      0      0      0      0      0      0      0      0      0      0      0      0      0      0      0      0      0      0      0      0      0      0      0      0      0      0      0      1      0      0      0      0      0      0      0      0      0      0      0      0      0      0      0      0      0      0      0      0      0      0      0      0      0      0      0      0      0      0      0      0      0      0      0      0      0      0      0      0      0      0      0      0
      0      0      0      0      0      0      0      0      0      0      0      0      0      0      0      0      0      0      0      0      0      0      0      0      0      0      0      0      3      0      0      0      0      0      0      0      0      0      0      2      0      0      0      0      3      6      0      0      0      0      0      0      0      0      0      0      0      0      0      6      0      0      0      0      0      0      0      0      0      0      0      0      0      0      0      0      0      0      0      0      0      0      0      0      0      0      0      0      0      0      0      0      0      0      0      0      0      0      0      0
      0      0      0      0      0      0      0      0      0      0      0      0      0      0      0      0      0      0      0      0      0      0      0      0      0      0      0      0      0      0      0      0      0      0      0      0      0      0      0      0      0      0      5      0      5      0      0      3      0      0      0      1      0      0      1      0      0      5      0      0      0      0      0      0      0      0      0      0      0      0      0      0      0      0      0      0      0      0      0      0      0      0      0      0      0      0      0      0      0      0      0      0      0      0      0      0      0      0      0      0
      0      0      0      0      0      0      0      0      0      0      0      0      0      0      0      0      0      0      0      0      0      0      0      0      0      0      0      0      0      0      0      0      0      0      0      0      2      0      4      0      0      0      0      0      0      1      0      6      0      0      0      0      0      0      0      0      0      0      0      0      0      0      0      0      0      0      0      0      0      0      0      0      0      0      0      0      0      0      0      0      0      0      0      0      0      0      0      0      0      0      0      0      0      0      0      0      0      0      0      0
      0      0      0      0      0      0      0      0      0      0      0      0      0      0      0      0      0      0      0      0      5      0      0      0      0      0      0      0      0      0      0      0      0      0      0      0      0      0      3      0      0      0      0      0      0      0      0      0      0      7      0      0      0      0      1      0      0      0      0      0      0      0      0      0      0      0      0      0      0      0      0      0      0      0      0      0      0      0      0      0      0      0      0      0      0      0      0      0      0      0      0      0      0      0      0      0      0      0      0      0
      0      0      0      0      0      0      0      0      0      0      0      0      0      0      0      0      0      0      0      0      0      0      0      0      0      0      0      0      0      0      0      0      0      0      0      0      0      5      0      1      0      2      2      0      0      6      0      0      3      0      0      0      0      0      0      0      0      0      0      0      3      0      0      0      0      0      0      0      0      0      0      0      3      0      0      0      0      0      0      0      0      0      0      0      0      0      0      0      0      0      0      0      0      0      0      0      0      0      0      0
      0      0      0      0      0      0      0      0      0      0      0      0      0      0      0      0      0      0      0      0      0      0      0     10      1      0      0      0      0      0      0      9      0      0      0      0      0      0      0      0      0      0      2      0      0      1      1      0      0      0      7      0      0      0      0      0      5      0      0      0      0      0      0      0      0      0      0      0      0      0      0      0      0      0      0      0      0      0      0      0      0      0      0      0      0      0      0      0      0      0      0      0      0      0      0      0      0      0      0      0
      0      0      0      0      0      0      0      0      0      0      0      0      0      0      0      0      0      0      0      0      0      0      0      0      0      0      0      0      0      0      0      0      0      1      0      7      0      2      2      0      0      0      4      0      0      1      5     13      0      9      0      0      0      1      0      0      0      0      0      1      0      0      0      0      0      0      0      3      0      0      0      0      0      0      0      0      0      0      0      2      0      0      0      0      0      0      0      0      0      0      0      0      0      0      0      0      0      0      0      0
      0      0      0      0      0      0      0      0      0      0      0      0      0      0      0      0      0      0      0      0      0      0      0      0      0      0      0      0      0      0      1      0      3      0      3      8     13      0      1     17      2      2      0      0      0      7      1      0      1      0      0      0      2      0      3      0      0      0      0      0      3      0      2      3      0      0      0      0      0      0      0      0      0      0      0      0      0      0      0      0      0      0      0      0      0      0      0      0      0      0      0      0      0      0      0      0      0      0      0      0
      0      0      0      0      0      0      0      0      0      0      0      0      0      0      0      0      0      0      0      0      2      0      0      0      2      0      0      0      0      0      0      0      0      2      2      0      3      0      3      0      0      8      0      4      2      5      5      0      0      3      0      0     16      0      0      0      0      2      0      0      0      0      0      2      0      0      0      0      0      0      0      0      0      0      0      0      0      0      0      0      0      0      0      0      0      0      0      0      0      0      0      0      0      0      0      0      0      0      0      0
      0      0      0      0      0      0      0      0      0      0      0      0      0      0      0      0      0      0      0      0      0      0      0      0      0      0      0      0      0      0      0      2      4      7      3      0      5      0      3      2      0      0      2      0     15      7      1      0      4      3      0      0      4      1     11      0      0      0      1      2      0      0      6      0      2      0      0      0      0      9      3      0      0      0      0      0      0      0      0      0      0      0      0      0      0      0      0      0      0      0      0      0      0      0      0      0      0      0      0      0
      0      0      0      0      0      0      0      0      0      0      0      0      0      0      0      0      0      0      0      0      0      1      0      0      0      0      2      0      0      2      0      0      6      0      0      2      7      2      3      1      4      1      5      5      2      3     10      1      1      2     11      1      0      1      4      0      0      1      0      0      0      0      0      0      0      0      0      0      0      0      0      0      0      0      0      1      0      0      0      0      0      0      0      0      0      0      0      0      0      0      0      0      0      0      0      0      0      0      0      0
      0      0      0      0      0      0      0      0      0      0      0      0      0      0      0      0      0      4      3      0      0      0      0      0      0      3      0      0      0      2      0      0      0      4      8      0      4      5      0      0      4      9      6      8      7      0      0      0      8      3      5      0      0      0      2      2      2      0      0      2      0      0      0      0      0      3      0      0      0      0      0      0      0      0      0      0      0      0      0      0      0      0      0      0      0      0      0      0      0      0      0      0      0      0      0      0      0      0      0      0
      0      0      0      0      0      0      0      0      0      0      0      0      0      0      0      2      0      0      0      2      0      4      0      1      0      5      6      1      0      0      0      0      0      8      0      0      0      0      4      0      2      0      5      0      0      0     10      4      1      2      7      1      6      1      1      0      5      7      1      3      0      1      1      0      0      0      0      0      6      1      0      0      0      0      0      0      5      0      1      0      0      0      0      0      0      0      0      0      0      0      0      0      0      0      0      0      0      0      0      0
      0      0      0      0      0      0      0      0      1      0      0      0      4      0      0      0      0      0      0      0      0      0      0      0      2      0      0      0      0      0      5      4      7      0      0      5      3      1      5      2      1      8      2     12      6      4      9      7      4      4      5      8      0     13      0      0      0      0      0      0      6      1      5      0      0      2      0      0      0      0     13      0      6      0      0      0      0      0      0      0      0      0      0      0      0      0      0      0      0      0      0      0      0      0      0      0      0      0      0      0
      0      0      0      0      0      0      0      0      0      0      0      0      0      0      2      1      0      0      0      0      0      0      0      0      0      3      0      0      0      3      0      0      2      7     26      4      4      8      5      7     29      3      7      3      2      0      5      6      0      4      0      3      4      0      7      0      0      0      0      3      0      4      0      0      0      0      0      0      4      0      0      0      0      0      0      0      0      0      0      0      0      0      0      0      0      0      0      0      0      0      0      0      0      0      0      0      0      0      0      0
      0      0      0      0      0      0      0      0      0      0      1      0      0      0      0      0      0      0      0      3      0      0      0      0      0      0      0      0      0      2      3      9      1      0     15      6      9      7      5     16     20      1      4     19      1     12     10      9      4      2      1      1      8      7     11      3      7      0      3      1      0     13      8      0      0     10      1      0      0      0      0      0      0      0      0      0      0      0      0      0      1      0      0      0      0      0      0      0      0      0      0      0      0      0      0      0      0      0      0      0
      0      0      0      0      0      0      0      0      0      0      0      0      0      0      0      0      0      0      0      0      0      1      0      0     11      0      0      1      0      0      2     11     16      0      2      8      5      0      2     12      3      9      9     11     16      5      8      0      5     18      0     17      3      5      0      5      4      0      0      7      0      0      5      0      0      0      0      2      0      9      9      0      0      2      0      0      0      1      0      0      0      0      0      3      0      0      0      0      0      0      0      0      0      0      0      0      0      0      0      0
      0      0      0      0      0      0      0      0      0      0      0      0      0      0      0      0      0      2      0      1      0      0      2      3      2      5      0      0      6      8      5     26      5     12      9      0     11      1      3     17     15     11      7     18     15     11     17     15      9      1      3      3      6      8      5     38     17      9      6     10     19      1      4      0      2      2      6      0      0      4      6      0      0      0      0      0      0      0      0      0      0      0      0      0      0      0      0      0      0      0      0      0      0      0      0      0      0      0      0      0
      0      0      0      0      0      0      0      0      0     11      0      1      0      0      0      0      0      0      0     13      0     12      0      3      0      3      4      1     15      8     10      0     26      0      5      2     26      0     10     30      6      4     15     14     22      3      5     22     18     10      6     19     12      2      1      5     18      3      2      5      1      7      3      4      0      0      1      0      1      0      2      5      0      3      0      0      0      0      0      0      4      0      0      0      0      0      0      0      0      0      0      4      0      0      0      0      0      0      0      0
      0      0      0      0      0      0      0      0      0      0      0      0      0      0      5      0      0      1      2      0      0      0      4      6      4      0      0      0      7      0      1      5      0      2     28     15      9     34     10     40     15     23      2      8      5     22     52     13     26     20     21      4      0     18     15     16     10     10      6     11      3      1      3      4      3      0      0      1      0     11      1      0      0      0      0      0      0      2      0      0      0      0      0      0      0      0      0      0      0      0      0      0      0      0      0      0      0      0      0      0
      0      0      0      0      0      0      0      0      0      0      0      0      0      0      0      0      0      0      0      2      0      2      0      1      0     18      1      0      0      2      5      0     12     14      3     11     16      4      7     31      9     24      8      8      7     19     57     18     35      3      8     34     35     10      7     17      2      8     13     14     16      6      3      0      3      0      1      2      0      0      0      5      0      0      1      0      0      0      0      0      0      0      0      0      0      0      0      0      0      0      0      0      0      0      0      0      0      0      0      0
      0      0      0      0      0      0      0      0      0      0      2      0      0      0      0      0      0      1      0      1      2      0      0      0      0      0      2      0      7     12     10     19      9     22     17     13     30     23     21      6      8     52      5     15      9     16     17     24      7     20      7     10      7     20     21     11      5      7     12      6     21      6      4      3      9      9      0     11      8      3      1      1      0      3      6      0      0      0      3      0      0      0      0      0      0      0      0      0      0      0      0      0      0      0      0      0      0      0      0      0
      0      0      0      0      0      0      0      0      0      0      0      4      0      0      0      0      2      1      2      2      6      1      4      4     22      1      3      8      2      7     14      2     20     12     25     15     20      8     18     33      7      7     12     21     21     23     16      6     20     26     10     23     17     11     13     16     18     21      9     11     12      0     11      8      0      0      7      5      4      3     12      0      0      0      0      0      0      0      0      1      0      0      0      0      0      0      0      0      0      0      0      0      0      0      0      0      0      0      0      0
      0      0      0      0      0      0      0      0      0      0      0      0      0      0      0      0      0      0      0      1      0      0      7      0     14      4      0      1      2     12      4     17     19     31     19     16      1     11     47     25     12     26     37     37     13     22     39     14     22      8     21     26     21     24     13     27     16      9     17      9     40     10      2      3      6      0      2      1      0     12      0      0      1      0      0      0      0      0      0      0      0      0      0      2      0      0      0      0      0      0      0      0      0      0      0      0      0      0      0      0
      0      0      0      0      0      0      0      0      0      0      0      0      0      0      0      0      0      0      0      0      0      9      8      1      4      9      9      5     21     23     36     19     21     28     22     14     18      9     38     18     49      9     13     28     32     17     20     17     30     41     18     27     16     21     19     17     17     16     24     13      6      5      6      6      0     14      2      0     10      3     20      0      0      0      2      6      0      3      0      0      0      1      0      0      2      0      0      0      0      0      0      0      0      0      0      0      0      0      0      0
      0      0      0      0      0      0      0      0      0      0      0      0      0      0      0      0      0      0      0     13      6     11      2      1      0     26     32     27      5      6     11      4     31      1     16     34      1     46     28     18     43     18     37     47     32     29     22     18     45     25     40     45     19     15     32     30     25      5     15     13     10      3      1      4      1      8      5      7      0      4      7     10      0      0      0      0      5      0      0      1      6      0      0      0      0      0      0      0      0      0      0      0      0      0      0      0      0      0      0      0
      0      0      0      0      0      0      0      0      0      0      0      0      0      0      0      1      3      7      0      7      0      0      1      4     14      3     30     16      2      0     50      6      3     14     29     18     23     44     54     55     39     38     26     41     58     41     61     44     72     44     21     17     26     26     19     19     17     16      8     26      6     25      1      8      2     25     11      0      3      2      0      1     14      5      0      1      0      0      2      0      0      0      0      0      0      0      0      0      0      0      0      0      0      0      0      0      0      0      0      0
      0      0      0      0      0      0      0      0      0      0      0      0      0      0      1      0      0      0      4      1      3      0     16     10      1      1     10     10     12     17     18      9     13     24     11      6     24     25     22     39     20     64     45     24     24     47     50     35     40     54     18     63     21     30     13     31     19     15     16     16     22     22      9      8     15     12      3      7      4      7      3      2      1      0      9      1      0      0     13     10      0      0      2      0      2      0      0      0      0      0      0      0      0      0      0      0      0      0      0      0
      0      0      0      0      0      0      0      0      0      0      0      0      5      6      7      4      0      1      9      0      0     11      3      4      4     14     24      1     16     16     26     31      5     44     20     30     40     24     33     28     14     25     82     16     35     33     43     44     40     35     60     24     23     63     20     26     25      6     18     29     20      5      8     15     19      5      5     23      6      0      2      0      2      3      0      2      0      0      0      1      0      0      0      0      0      0      0      0      0      0      0      3      0      0      0      0      0      0      0      0
      0      0      0      0      0      0      0      0      0      0      1      0      0      0      0      0      0      1      0      5      8      5      0      2      4      2     11     23     16     20      5     52     10     54     14     39     29     24     30     26     48     31     57     25     25     81     62     72     37     72     46     37     38     14     33     12     22     24     34     50     26     11     13     17      4     34     14      0      0      5     16      0      9      9      0      0      9      0      1      0      0      0      0      0      1      0      0      0      0      0      0      0      2      0      0      0      0      0      0      0
      0      0      0      9      0      0      0      0      0      0      0      6      0      0      1      6      1      0      0      2      0      1      0      0     28     13      2      4     17     22     45     24     31     34     12     26     49     47     44     51     54     41     76     51     76     51     47     43     40     42     30     50     22     41     21     18     28     16     57     24     70      4     24     19     13     14     16      9      8      4      3     24      3      0      2      0      0      2      1      2      0      1      0      0      2      0      0      0      0      3      0      0      0      0      0      0      0      0      0      0
      0      0      0      0      0      0      0      0      0      0      0      0      2      0      0      0      0      0      0      5      0      3     12     14     37      2      8     26      3     17     36     27     22     37     40     35     36     29     70     30     51     35     34     59     76     29     14     53     97     53     67     63     37     41     44     39     56     31     18     34     23     29     40     28     34      4     20     13     14      6      9      4      4      1      1      0      3      4      1      0      6      0      0      0      0      2      0      0      0      0      0      1      0      0      0      0      0      0      0      0
      0      0      0      0      0      0      0      0      0      0      0      0      0      0      1      5      0      2      1      0      2      1     26     12     45     27     12     27     10     41     29     10     17     27     38     31     20     16     51     63     19     48     66     95     40     52     53     47     38    123     42     25     75     42     20     92     22     43     26     61     37     39     30     15     34     15     21      0     12      8      3      5      0     10     17      0     16      0      4      9      0      0      0      0      0      2      0      0      0      1      0      0      0      0      0      0      0      0      0      0
      0      0      0      0      0      0      0      0      0      0      0      0      0      8      0      0      3      3      3     12     20      0      7      7     11     21      3     15     44     42      9      6     18     44     44     86     52     46     21     47     48     45     68     87     84     49     27     57     34     54     38     77     45     81     33     54     36     42     62     11     42     21     16      9      8     38      8     24     45      9      5      0     23      0      1     16      4      3      1      0      0      6      0      0      0      3      0      0      0      0      0      0      0      0      0      0      0      0      0      0
      0      0      0      0      0      0      0      0      0      2      0      0      0      0      2      0      1      0      4      9      1      0     13      6     26     14     20     10     10     25     42     18     15     71     42     53     64     26     44     31     85     39     50     49     97     75     70     57     39     89     56     52     51     44     49     58     70     45     75     29     51      7     17     28     19      8     28     14      8     26     26      2     19      7     11      0      1      0      1      6      0      0      3      0      0      5      0      0      0      0      0      0      0      0      0      0      0      0      0      0
      0      0      0      0      0      0      0      0      0      0      0      0      1      0      3      0      4      4      0      2      0      6     10     28      5     15      9     20     37     24      9     43     23     41     25     58     62     68     60     56     54     85     58     73    116     58     44     43    107     98     45     47     52     73    140     60     54     44     46     44     12     70     18     25     46     13     18     37      9      3      6      6      7      3      6      1      7      2     10      2      4      3      0      0      0      0      4      0      0      0      1      0      0      0      0      0      0      0      0      0
      0      0      0      0      0      0      0      1      0      0      0      1      2      2      5      0      0     10      4      3      6      6      1      3     18     24     11     32     25     32     40     79     35     11     61     67     32     80     25     67     86     82     70    114     87     76     72     95     53     79     60     64     76     85     78     41     42     37     57     30     39     52     59     55     26     26     47     30     24     33      0     18     14      7      4     14      8      0      5      0      0      2      0      0      5      0      0      0      0      0      0      0      0      0      0      0      0      0      0      0
      0      0      0      0      0      0      0      0      0      0      0      0      3      0      1      0     13     10      1      0      8      8      3      7      0     19      7      8     15     16     19     25     55     33     32     49     74     47     56     97     68     61     55     54     34     67     99     57     96     67     86     68     83     58     53     51     60     89     57     49     36     49     41     67     38     15     47      4      3     13     12      6      1      0      7      6     13      7     13      2      0     11      0      0      0      1      2      2      5      0      0      0      2      0      0      0      0      0      0      0
      0      0      0      0      0      0      0      0      0      0      4      0      0      0      0      0      0      1      7      0     24     10     14     16     23      9     22     21      8     24     17     24     50     79     47     73     66     58     37     67     87    102     85     76     81    100    108     74    102     66     77     62     90     38     75     78     51     57     45     36     40     26     23     17     43     33     24     12     53     28      6      7     25     10      9      1      8      1      1      0      0      3      5      1      0      0      0      0      0      5      0      0      0      0      0      0      0      0      0      0
      0      0      0      0      0      0      0      0      0      0      0      0      0      3      0      8      0      0      0      8     11      1      8     26      6     29      9     10     48     33     89     24     33     25     33     43     33     66     36    101     80     57    105     55     75    115     73    123     57     50     72     96     94     48     78     20    116     42     38     41     64     19     29     42     52     12     23     30     45     28     14     12     12     51      3     15      3      4      7      2      4      2      0      0      1      2      0      0      0      0      0      0      0      0      0      0      0      2      0      0
      0      0      0      0      0      0      0      0      0     14      0      0      0      0      0      0      0      5      0      0      0      9      0      1      5     13      9     26     24     47     39     42     48     53     51     39     47     28    135     84     63     82     66     77     58    109     72     97     57    132     79     82     86     42     88     94     56     61     50     30     55     42     29     18     25     20     38     47     13     18      6     10     10      9     20      1      1      0     10      5      2      0      1      0      0      0      1      0      0      0      0      0      0      0      0      0      0      0      0      0
      0      0      0      0      0      0      0      5      0      0      0      0      0      0      0      2      4      7      0     10      8      1     24      7      7      9      4     17     20     34     23     44     56     51     71     50    109     48    106     81     97     61    108     98     53    138     72     95     57     96    100     82     77     69     85     69    106     40     50     26     31     49     29     54     40     23     10     13     40     18      8      5      0     21     13     16      7      7      3      4      0      0      3      2     16      5      0      0      0      0      0      0      0      0      0      0      0      0      0      0
      0      0      0      0      0      0      0      0      0      0      0      0      4      3      1      0      0      6      2      4     13      4     16     11     36     24     19     31     13     32     23     14     53     49     47     24     85     71     82     93     84     62     92    124    100    137    121     52    171     70     98     52    106    101     67     58     20    114     53     47     73     76     44     67     29     23      7     12     52     16      6     14     10      0      8      8      5      1      5      0      7      0      1      2      0      0      0      0      0      0      0      0      0      0      0      0      0      0      0      0
      0      0      0      0      0      0      7      0      0      0      0      0      0      0      0      1      0      1      3      8     12      3      3      9     18     33     22      6     16     12     32     37     66     18     43     67     85     82     82     55    108    124     70    111     96     79     50     83    123    119     54     98     51     85    101    106     64     87     28     23     82     65     46      9     22     30     42     25     21      5     14     30     13     12      2      5      3      0      8     35      7     13      1      0      0      0      0      0      0      0      0      0      0      0      0      0      0      0      0      0
      0      0      0      0      0      0      0      0      0      6      2      0      0      1      4      2      0      3      9      9      1      0     13      6     26      6      7     32     23     48     14     31     38     88     45     31     47     97     46     51     29     93    135     79     84     78     70     74    106     98     85     93     26     61     58     54     50     54     84     34     54     41     53     52     33     26    109      5     29      7      2     22     23     18      0     15      2     17      5      0     25      0      0      0      0      0      0      0     10      6      0      0      0      0      0      0      0      0      0      0
      0      0      0      0      0      0      0      0      0      0      0      1      0      1      1      0      0      3      2      2      1     11      1     18     18     14     10      5     21     14     11     47     49     24     67     63     40     92     61     60     67     94     81     58     57     86     82     58    120     45     84    105    100     68    100     61     66     69     49     59     36     16     37     41     21     36     48     45     15      7     31     10     36     19      5      1      8      0      2     23      0      4      0      2      2      0      5      0      0      0      0      2      0      0      0      0      0      0      0      0
      0      0      0      0      0      0      0      0      0      0      0      2      0      0      0      2      0      0      8      0     12     14      0      0     15     14     13      6     53     21     27     39     34     72     93     69     60     43     70     49     92     89    141     71    122    161     59     65     45     38    109    131     73     43     40     63     53     45     47     42     19     57     63     57     47     17     33     18     17     16     23     42     33      4      1     20      6      0      3      0      1      9      0      0      0      0      0      0      7      0      0      0      0      0      0      0      0      0      0      0
      0      0      0      0      0      0      0      0      0      3      0      0      0      0      0      0      0      2      4      1     13     10      0      5      6     31     21     40      4     34     39     40     48     52     71     20     27     78     49     53     38     85     80    118     66     73    106     82     78    128    106     55     56     54     45     80     43     95     57     63    112     57     23     48     27     44     22     13      5      4     25     26     18      3     20      6      4     12      0      2      1      1      0      0      0      0      0      0      0      0      0      0      0      0      0      0      0      0      0      0
      0      0      0      0      0      0      0      0      0      0      0      0      0      0      0      0      0      0      1      7      2     31      2      5     19      7     10     28     36     49     15     73     25     67     56     40     80     16     53    110     92    117     64     60     97     79     57     85     78     87     76     41     56     41    135     93     45     81     74     35     24     53     35     58     20     49      9     24     16     13      0     22     13      2      5     13      6     13      6      2      1      7      0      0     14      4      4     24      0      1      0      0      0      0      0      3      0      0      0      0
      0      0      0      0      0      0      0      0      0      0      0      0      0      0      0      0     13      0      0      1      2     13      3      0     14     18     20     10     23     21     22     26     46     51     28     77     50     90     80    125     55     70     64     57     78     99     76    112    121     92     53     90    108     42     44     24     81     49     36     26     61     58     54     50     18     48     17     27     31      1     12      9     34      2     13      4      3      3      2      1      1      6      5      1     11      0      0      0      0      0      0      0      0      0      0      0      0      0      0      0
      0      0      0      0      0      0      1      0      0      0      0      0      0      0      0      0      3      0      7      5      3     16     13      0     13     17      4     22     20     10     48     28      2     21     61    103     59     27    102     45     88     53    106     64    146     86     69     50     50     44     59     54    122     80     71    108     50     35     47     62      7     47     14     94     12     50     25     13     54      5     21      8     10     20     18      5      0      7      4      0      8      0      3      3      2      0      0      0      0      0      7      3      0      0      0      0      0      0      0      0
      0      0      0      0      0      0      0      0      0      0      0      0      0      0      0      0      2      2      0     13      0     10      0     16     15     20     15     27     15     39      8     43     36     28     30     66     55     53     84     60     65    123     74     48     70     98     48     69    160     99     47     73     68     49     68     55     91     68     66     16     59     19     24     62     25     15     21     16     15      8      6      3      1      3      1      0      4      0      4      0      0      5      0      1      0      1      4      0      0      0      0      0      0      0      0      0      0      0      0      0
      0      0      0      0      0      0      0      0      0      0      0      0      0      4      0      5      1      0      0      1      0      4      3      6      0     16      9     28      7     17     41     29     32     61     41     46     47     27     57     49    119     67     79     41     98     95     53     69     46     85     74     44     67     69     66     40     59     36     53     64     13     84     33     46     49     19     25     10     12     19     25      0     11      0      9      6      2     11      6      2      0      0      0      0     11      0      0      0      0      0      0      0      0      0      0      0      0      0      0      0
      0      0      0      0      0      0      0      0      0      0      0      0      2      0      0      0      1      0      6      6      0      4      0     16     13     15     16     14     24     25     36     23     40     22     45     32     19     67     49     76     50     60     44     69     55     79     50     89     82     87    109     56     49     58     54     58     78     41     66     35     14     31     86     24     45     21     27     28     21     15     30      8     29     27      7      4     10     10      6      0      6      4      0      0      0      0      0      1      0      0      0      0      0      0      0      0      0      0      0      0
      0      0      0      0      0      0      0      0      0      0      0      0      0      0      4      0      0      4      2      1      1      0     18      2     14      2     12     29      7     25     11      8     25     34     41     38     25     76     32     69     69     81     49     85     26     54     69     75     73    106     89    107     38     13     43     38     70     49     69     32     32     33     52     54     18     10     12     48     16      3     26     12     10     31      0      2     17      2      0      0      0      0      8      0      0      9      0      0      0      0      1      0      0      0      0      0      0      0      0      0
      0      0      0      0      0      0      0      0      0      0      0      0      0      0      0      0      0      0      2      0      0      0      0      2      7     21     18     23      8     20     13     17     36     35     43     26      4     57     43     63     54     73     37     36     57     86     55     71     56     66     47     47     40     35     57     54     25     35     55     38     52     29     18     24     17     32     15      3      5     14      3     13      3     14     10      5     16      5     13      2      3      3      1      5      0      0      0      6      0      0      0      0      0      0      0      0      0      0      0      0
      0      0      0      0      0      0      0      0      1      0      0      0      0      0      0      0      0      1      2      0      5      7      2     15      2     28      8     21     27      9     37     16      6     21     26     33     25     15     45     29     62     34     77     37     73     51     35     36     56     43     35     22     65     13     56     27     15     27     31     32     11     24     60     33     33     17     31     14     23     12      7      2      8      5      6      3      0     10     19      4      5      2     13      4     11      2      0      0      0      0      0      0      0      0      0      0      0      0      0      0
      0      0      0      0      0      0      0      0      0      0      0      0      0      0      0      0      3      3      3      1      2      1      1      2     14      0      3     15     26     12     33     38     41     26     12     39     26     46     62     40     36     67     50     69     26     39     33     40     93     42     62     44     50     58     23     32     12     43     53     10     33     16     18     13     14     10      4      5     14     15     14      9      5     15     22      0     11      5      4     10     15      0      0      0      0      0      0      0      1      0      0      0      0      1      0      0      0      0      0      0
      0      0      0      0      0      0      0      0      0      0      0      0      0      0      0     11      8      0      1      1      2      0      0      5      0     23      2      0      5      3      3      9     18     40     26     41     16     33      2     45     44     29     26     24     72     34     69     43     26     56     73     42     21     19     33     37     30     51     31     36     26      4     16     28     14     18     15      4      6      4     24      0     16      2     12      5      6      0      2      6      8      0      0      0      0      7      0      0      0      0      0      0      0      0      0      0      0      0      0      0
      0      0      0      0      0      0      0      0      0      0      0      0      0      0      6      0      0      3      0      0      0      1     11      6      7      8     10     13      0     20      2     22     41     22      4     37     19     10     35     34     43     35     13     48     99     33     48     29     34     34     26     50     30     57      9     33     24     62     45     26     17     12     20     20      8     21     13      7      3      7      9     12      0     13      6     11      4     18      1      2      6      2      5      0      0      0      0      0      0      0      0      2      0      1      0      0      0      0      0      0
      0      0      0      0      0      0      0      0      0      0      0      0      0      0      0      3      0      0      1      0      0      0      7      1      4      1      2      4      4      4      2     15     15      7     36     36     15     26     29     11     38     32     27     48     19     17     44     35     29     38      7     40     42     32     14     23      5     17     46      3      3     13     13      4     39     12     16     13      2     12     24      6      7     10      2      3      0      0      3      1      2      3      0      6      0      0      5      0      0      5      0      0      0      0      0      0      0      0      0      0
      0      0      0      0      0      0      0      0      0      0      0      0      0      0      0      0      1      0      0      0      3      8      1      0      9      2      3      3      3      0      8      5     32     30     20     12     35     37     20     10      1     31     31     48     30     17     35     53     41     38      4     33     34     35     25     24     14     23     15     11      3      5     35      5     25      6     19      7      1      0      2     26      4      1      8      0      3      2      6      0      5      0      2      0      2      0      0      0      0      0      0      0      0      0      0      0      0      0      0      0
      0      0      0      0      0      0      0      0      0      0      0      0      0      2      0      0      0      0      0      0      0      3      0      0     12      2      1     21      9      0     27     11      4     26     37     45     25      7     20     13     43     17     17     40     39     26     38     24     31     57     15     29     40     12     68     38      3     23     18      8     14     26     19     38      4     11      3      9     12      6      0      7      5      6     13     15      0      5      4      3      0      0      0      0      0      0      0      0      0      0      0      0      0      0      0      0      0      0      0      0
      0      0      0      0      0      0      0      0      0      0      0      0      0      0      0     17      0      5      0      1      5      0      0      9      0      3      4     10     10      3      4      5      9     12     17     31      6     21     39     55     18      4     63     15      9     23     20     32     45     21     47     10     10     57     42     24     20     28     25      7     12     31     17     20      4      0     12     16      4      2      1      0      0      5     11     10      1      0      2     13      0      0      2      2      0      1      0      0      0      0      0      0      0      0      0      0      0      0      0      0
      0      0      0      0      0      0      0      0      0      0      0      0      0      0      0      0      0      0      7      0      0      3      4      4      0      2      3      3      1      0      7      9      4     16      5      3     35     11     10      7     14     18     39      7     34     28     26      7      5     16     18     11     14     11     37     12     40      5     11     17      9      2     14     15     22      3      9      4      3      0      0     13      4      0      0      1      0      0     10      0      0      0      6      0      0      0      0      0      0      0      0      1      0      0      0      0      0      0      0      0
      0      0      0      0      0      0      0      0      0      0      0      0      0      4      0      0      0      0      0      2      0      0      1      0      0      7      0      1      1      4      6      3     24     15     13      4      8     22     15      4      9     15     14     14     15     16     20     16     38     27     21     21     40      8     23     37     12     35      7     17     11      9     13      2      9      4      2      2      0      3      1     11      0      0      8      0      0      1      0      0      1      0      3      0      1      0      0      1      0      0      0      0      0      0      0      0      0      0      0      0
      0      0      0      0      0      0      0      0      0      0      0      0      0      0      0      0      0      0      0      0      0      0      0      0      0      5     15      6      0      3     19      6      0      3      9      8      1      7      3     34     36     17     12      8     29      9      0     36     10     23     36      0      6      6      8     11     21     29      2     17      8      0      7      7      1      1     18      0      8      0      0      6      3      0     19      0      0      0      4      0      0      0      2      0      0      0      0      0      0      1      0      0      0      0      0      0      0      0      0      0
      0      0      0      0      0      0      0      0      0      0      0      0      0      0      0      0      0      0      0      0      0      0      2      1     10      4      0      0      0      4     10      2      0     20      3      0     14     26     11     27     17      2     12     17      5     10      2     14     18     25     17     35     13     10     11      8      9      1     19      7      1     14      6      7      0      1      9     11      8      2      0      1      2      0      0      0      0     19      0      0     11      0      0      0      0      0      3      0      0      0      0      0      0      0      0      0      0      0      0      0
      0      0      0      0      0      0      0      0      0      0      0      3      0      0      0      0      0      0      0      0      0      0      0      0      3      0      1     15      8      6      3      0      1      0      3      5      3      0      5     39      0      8     13     11      2     18      8      4     13     27     13     16     10     13      0      7     15     13     16      9      9      1      4      8      0      6      1      8      2      0      1      7      8      0      0      0      0      0      0      8      0      0      0      0      6      0      1      0      0      0      0      0      0      0      0      0      0      0      0      0
      0      0      0      0      0      0      0      0      0      0      0      0      0      1      0      0      0      5      0      0      0      0      0      1      0     14      2      1      5      0      0      5      2      2     12     17     13      0      6      0      9      4      2      8      6      1      1     13     11      2      5      8      1      7     22     27      2      9      3      5     13     14      0     13      3     22      0      0      2      3      7      7      1      4      0      0      0      0      0      0      0      0      0      0      0      0      0      1      0      0      0      0      0      0      0      0      0      0      0      0
      0      0      0      0      0      0      0      0      0      0      0      0      0      0      0      0      0      0      3      0      0      0      0      0      0      0      2      5      4      8      0      0      3      8      0      0      3      1      0      9      7      8     29     16      0      9      1      2     10      0      6      2      6     10      0     13      0      0      3      3      0      0      0      7      0      0      9     10     10      0      7      0      0      6      5      5      0      0      0      1      0      0      0      0      0      0      0      0      0      0      0      0      0      0      0      0      0      0      0      0
      0      0      0      0      0      0      0      0      0      0      0      0      0      0      0      0      0      0      1      0      0      0      0      0      0      0      3      0      2     14      0      5      0      6      8      0      5      5      6      0     16     13     16      2      4      2     13      2     12      0      3      3      7      3      2      1     13      0      3      0      2     11      8      1      0      0      0     14      0      6      0      0     29      0      0     20      1      0      0      0      0      0      0      0      0      0      0      0      0      0      0      0      0      0      0      0      0      0      0      0
      0      0      0      0      0      0      0      0      0      0      0      0      0      0      4      0      0      2      0      0      0      0      6      2      0      4      1      6      6      0      0      5      1      1      0      6      0      0      1      0     11     14      6      2      8     19      1      7      4     15     18      9     12      4      8      0      3     18      2     13      5      3      5     20      2      0      0      0      2      1      4      0      0      3      0      2      6      0      0      0      0      0      0      8      0      0      0      0      0      0      0      0      0      0      0      0      0      0      0      0
      0      0      0      0      0      0      0      0      0      0      0      0      0      0      0      0      0      0      0      0      0      0      0      0      1      0      1      0      0      0      3      0      0      0      0      6      8      0      5      9      5      3      0     15      0      2      0      3      2      5      5     13      0      2      0      2      0      8      0      8      0      0      1      0      0      7     14      0      1      0      0      0      2      0      4      0      0      0      0      3      0      0      4      0      0      0      0      0      0      0      0      0      0      0      0      0      0      0      0      0
      0      0      0      0      0      0      0      0      0      0      0      0      0      0      0      0      0      0      0      0      0      0      0      0      0      0      1      0      0      2      2      3     22      2      0      3      9      0      2      1      0      1      0      2      9      0      2      0     15      0     15      0      0      1      8      1      4     19      8      0      3      2      0      0      0      3      4      1      1      0      0      0      0      1      0      0      2      1      0      0      0      0      0      0      0      0      0      0      0      0      0      0      0      0      0      0      0      0      0      0
      0      0      0      0      0      0      0      0      0      0      0      0      0      0      0      0      0      0      0      0      0      0      0      0      0      0      0      0      0      0      0      0      0      0      0      0      0      2      9      0      2      0      0      0      1      1      0      0      5      5      2     18      7     11      0      0      0      0      1      3      8      2      0      4      2      1      0      0      0      2      0      0      0      0      6      0      0      0      0      0      0      0      1      0      0      0      0      0      0      0      0      0      0      0      0      0      0      0      0      0
      0      0      0      0      0      0      0      0      0      0      0      0      0      0      0      0      0      0      0      0      0      0      0      0      0      6      0      1      0      1      0      0      0      0      3      0      0      0      0      0      9      0      2      1      4      0      1      3      2      1      2      7      3      6      0      0      0      0      5      2      0      0      0      3      4      6      0      1      0      3      0      0      3      0      0      4      0      0      0      0      0      0      0      0      0      0      0      0      0      0      0      0      0      0      0      0      0      0      0      0
      0      0      0      0      0      0      0      0      0      0      0      0      0      0      0      0      0      0      0      0      0      0      0      0      0      0      0      0      0      0      0      0      0      2      4      0      0      4      0      0      0      0      0      0      5      2      0      0      0      2      6      0      0      0      0      0      1     15      1      2      0      0      3      1      0      2      0      0      0      0      0      0      0      0      0      0      2      0      0      0      0      0      0      0      0      0      0      0      0      0      0      0      0      0      0      0      0      0      0      0
      0      0      0      0      0      0      0      0      0      0      0      0      0      0      0      0      0      0      0      0      0      0      0      0      2      0      0      0      0      0      0      0      0      0      0      1      0      0      0      0      0      1      0      0      3      0      0      1      0      0      0      6      2     10      0      2      7      5      0      0      0      2      0      0      0      0      0      0      0      0      0      0      6      2      0      1      0      0      0      0      0      0      0      0      0      0      0      0      0      0      0      0      0      0      0      0      0      0      0      0
      0      0      0      0      0      0      0      0      0      0      0      0      0      0      0      0      0      0      0      0      0      0      0      0      0      0      0      0      0      2      0      0      0      0      0      0      1      0      0      0      0      5      0      0      0      0      1      0      9      0      5      0      0      0      0      0      0      0      0      1      1      0      0      0      0      0      0      0      6      2      0      0      0      0      0      0      0      0      0      6      0      0      0      0      0      0      0      0      0      0      0      0      0      0      0      0      0      0      0      0
      0      0      0      0      0      0      0      0      0      0      0      0      0      0      0      0      0      0      0      0      3      0      0      0      0      0      0      0      0      0      0      0      0      0      0      0      0      0      0      0      0      0      0      0      0      6      0      0      0      0      0      0      0     18      1      1      1      3      1      0      0      0      0      0      2      0      0      0      0      0      0      0      0      0      0      0      0      0      0      0      0      0      0      0      0      0      0      0      0      0      0      0      0      0      0      0      0      0      0      0
      0      0      0      0      0      0      0      0      0      0      0      0      0      0      0      0      0      0      0      0      0      0      0      0      0      0      0      0      0      0      0      0      0      0      0      1      0      0      0      0      0      0      3      0      3      1      0      0      0      0      2      0      1      0      0      0      0      0      1      0      0      0      4      0      0      0      3      0      0      0      0      0      0      0      0      0      0      0      0      0      0      0      0      0      0      0      0      0      0      0      0      0      0      0      0      0      0      0      0      0
      0      0      0      0      0      0      0      0      0      0      0      0      0      0      0      0      0      0      0      0      0      0      0      0      0      0      0      0      0      6      0      0      0      0      1      0      0      0      1      0      0      0      1      3      2      2      0      1     16      3      0      0      0      1      0      7      1      2      1      0      0      0      0      3      0      5      0      0      0      2      2      0      0      0      0      0      0      0      0      0      0      0      0      0      0      0      0      0      0      0      0      0      0      0      0      0      0      0      0      0
      0      0      0      0      0      0      0      0      0      0      0      0      0      0      0      0      0      0      0      0      0      0      0      0      0      0      0      0      0      0      0      0      5      1      0      0      2      0      0      0      0      0      0      0      0      0      0      0      0      0      8      0      0      0      3      0      0      0      0      0      0      0      0      0      0      0      0      0      0      0      0      5      0      0      0      0      0      0      0      0      0      0      0      0      0      0      0      0      0      0      0      0      0      0      0      0      0      0      0      0
      0      0      0      0      0      0      0      0      0      0      0      0      0      0      0      0      0      0      0      0      0      0      0      0      0      0      0      0      0      0      0      0      0      0      0      0      0      4      0      0      1      2      0      0      0      8      0      0      0      0      4      0      0      0      0      0      0      0      0      1      0      0      0      0      0      0      0      0      0      0      0      0      0      0      0      0      0      0      0      0      0      0      0      0      0      0      0      0      0      0      0      0      0      0      0      0      0      0      0      0
      0      0      0      0      0      0      0      0      0      0      0      0      0      0      0      0      0      0      0      0      0      0      0      0      0      0      0      0      0      0      0      0      0      0      0      1      0      0      0      0      0      0      0      1      0      0      0      0      0      3      0      3      0      0      0      0      4      0      0      0      0      0      0      0      0      0      1      0      0      0      0      0      0      0      0      0      0      0      0      0      0      0      0      0      0      0      0      0      0      0      0      0      0      0      0      0      0      0      0      0
      0      0      0      0      0      0      0      0      0      0      0      0      0      0      0      0      0      0      0      0      0      0      0      0      0      0      0      0      0      0      0      0      0      0      0      0      0      0      0      0      0      0      0      0      3      0      0      0      0      0      0      0      0      0      0      0      0      0      0      0      0      0      0      0      0      1      0      0      0      0      2      0      2      0      0      0      0      0      0      0      0      0      0      0      0      0      0      0      0      0      0      0      0      0      0      0      0      0      0      0
      0      0      0      0      0      0      0      0      0      0      0      0      0      0      0      0      0      0      0      0      0      0      0      0      0      3      0      0      0      0      0      0      0      0      0      0      0      0      0      0      0      0      0      0      0      0      0      0      0      0      0      3      0      0      0      0      0      0      0      0      0      0      0      0      0      0      0      0      0      0      0      0      0      0      0      0      0      0      0      0      0      0      0      0      0      0      0      0      0      0      0      0      0      0      0      0      0      0      0      0
      0      0      0      0      0      0      0      0      0      0      0      0      0      0      0      0      0      0      0      0      0      0      0      0      0      0      0      0      0      0      0      0      0      0      0      0      0      0      0      0      0      0      0      0      0      0      0      0      0      0      0      0      0      0      0      0      0      0      0      0      0      0      0      0      0      0      0      0      0      0      0      0      0      0      0      0      0      0      0      0      0      0      0      0      0      0      0      0      0      0      0      0      0      0      0      0      0      0      0      0
      0      0      0      0      0      0      0      0      0      0      0      0      0      0      0      0      0      0      0      0      0      0      0      0      0      0      0      0      0      0      0      0      0      0      0      0      0      0      0      0      0      0      0      0      0      0      0      0      0      0      0      0      0      0      0      0      0      0      0      0      0      0      0      0      0      0      0      0      0      0      0      0      0      0      0      0      0      0      0      0      0      0      0      0      0      0      0      0      0      0      0      0      0      0      0      0      0      0      0      0
      0      0      0      0      0      0      0      0      0      0      0      0      0      0      0      0      0      0      0      0      0      0      0      0      0      0      0      0      0      0      0      0      0      0      0      0      0      0      0      0      0      0      0      0      0      0      1      0      0      0      0      0      0      1      0      0      0      0      0      0      0      0      0      0      0      0      0      0      0      0      0      0      0      0      0      0      0      0      0      0      0      0      0      0      0      0      0      0      0      0      0      0      0      0      0      0      0      0      0      0
      0      0      0      0      0      0      0      0      0      0      0      0      0      0      0      0      0      0      0      0      0      0      0      0      0      0      0      0      0      0      0      0      0      0      0      0      0      0      0      0      0      0      0      0      0      0      0      3      0      0      0      0      0      0      0      0      0      0      0      0      0      0      0      0      0      0      0      0      0      0      0      0      0      0      0      0      0      0      0      0      0      0      0      0      0      0      0      0      0      0      0      0      0      0      0      0      0      0      0      0
      0      0      0      0      0      0      0      0      0      0      0      0      0      0      0      0      0      0      0      0      0      0      0      0      0      0      0      0      0      0      0      0      0      0      0      0      0      0      0      5      0      0      0      0      0      0      0      0      0      0      0      0      0      0      0      0      0      0      0      0      0      0      0      0      0      0      0      0      0      0      0      0      0      0      0      0      0      0      0      0      0      0      0      0      0      0      0      0      0      0      0      0      0      0      0      0      0      0      0      0
      0      0      0      0      0      0      0      0      0      0      0      0      0      0      0      0      0      0      0      0      0      0      0      0      0      0      0      0      0      0      0      0      0      0      0      0      0      0      0      0      0      0      0      0      0      0      0      0      0      0      0      0      0      0      0      0      0      0      0      0      0      0      0      0      0      0      0      0      0      0      0      0      0      0      0      0      0      0      0      0      0      0      0      0      0      0      0      0      0      0      0      0      0      0      0      0      0      0      0      0
