\ 
\ Covariance Function Histogram Table
\ 
\ X Parameter: Log of Period
\ X Abbrev   : logP
\ X Units    : none
\ X Items    : 100         
\ 
\ Y Parameter: Stellar Surface Gravity
\ Y Abbrev   : logg*
\ Y Units    : cgs
\ Y Items    : 100         
\ 
|col000|col001|col002|col003|col004|col005|col006|col007|col008|col009|col010|col011|col012|col013|col014|col015|col016|col017|col018|col019|col020|col021|col022|col023|col024|col025|col026|col027|col028|col029|col030|col031|col032|col033|col034|col035|col036|col037|col038|col039|col040|col041|col042|col043|col044|col045|col046|col047|col048|col049|col050|col051|col052|col053|col054|col055|col056|col057|col058|col059|col060|col061|col062|col063|col064|col065|col066|col067|col068|col069|col070|col071|col072|col073|col074|col075|col076|col077|col078|col079|col080|col081|col082|col083|col084|col085|col086|col087|col088|col089|col090|col091|col092|col093|col094|col095|col096|col097|col098|col099|
|int   |int   |int   |int   |int   |int   |int   |int   |int   |int   |int   |int   |int   |int   |int   |int   |int   |int   |int   |int   |int   |int   |int   |int   |int   |int   |int   |int   |int   |int   |int   |int   |int   |int   |int   |int   |int   |int   |int   |int   |int   |int   |int   |int   |int   |int   |int   |int   |int   |int   |int   |int   |int   |int   |int   |int   |int   |int   |int   |int   |int   |int   |int   |int   |int   |int   |int   |int   |int   |int   |int   |int   |int   |int   |int   |int   |int   |int   |int   |int   |int   |int   |int   |int   |int   |int   |int   |int   |int   |int   |int   |int   |int   |int   |int   |int   |int   |int   |int   |int   |
      0      0      0      0      0      0      0      0      0      0      0      0      0      0      0      0      0      0      0      0      0      0      0      0      0      0      0      0      0      0      0      0      0      0      0      0      0      0      0      0      2      0      0      0      0      0      0      0      0      0      0      0      0      0      0      0      0      0      0      0      0      0      0      0      0      0      0      0      0      0      0      0      0      0      0      0      0      0      0      0      0      0      0      0      0      0      0      0      0      0      0      0      0      0      0      0      0      0      0      0
      0      0      0      0      0      0      0      0      0      0      0      0      0      0      0      0      0      0      0      0      0      0      0      0      0      0      0      0      0      0      0      0      0      0      0      0      0      0      0      0      0      0      0      0      0      0      0      0      0      0      0      0      0      0      0      0      0      0      0      0      0      0      0      0      0      0      0      0      0      0      0      0      0      0      0      0      0      0      0      0      0      0      0      0      0      0      0      0      0      0      0      0      0      0      0      0      0      0      0      0
      0      0      0      0      0      0      0      0      0      0      0      0      0      0      0      0      0      0      0      0      0      0      0      0      0      0      0      0      0      0      0      0      0      0      0      0      6      0      0      0      0      0      0      0      0      0      0      0      0      0      2      0      0      0      0      0      0      0      0      0      0      0      0      0      0      0      4      0      0      0      0      0      0      0      0      0      0      0      0      0      0      0      0      0      0      0      0      0      0      0      0      0      0      0      0      0      0      0      0      0
      0      0      0      0      0      0      0      0      0      0      0      0      0      0      0      0      0      0      0      0      0      0      0      0      0      0      0      0      0      0      0      0      0      0      0      0      0      0      0      0      0      0      0      0      0      0      0      0      0      0      0      2      0      0      0      0      0      0      0      0      0      0      0      0      0      0      0      0      0      0      0      0      0      0      0      0      0      0      0      0      0      0      0      0      0      0      0      0      0      0      0      0      0      0      0      0      0      0      0      0
      0      0      0      0      0      0      0      0      0      0      0      0      0      0      0      0      0      0      0      0      0      0      0      0      0      0      0      0      0      0      0      0      0      0      0      0      0      0      0      0      0      0      0      0      0      0      3      0      0      0      0      0      0      0      0      0      0      0      7      0      0      0      0      0      0      0      0      0      0      0      0      0      0      0      0      0      0      0      0      0      0      0      0      0      0      0      0      0      0      0      0      0      0      0      0      0      0      0      0      0
      0      0      0      0      0      0      0      0      0      0      0      0      0      0      0      0      0      0      0      0      0      0      0      0      0      0      0      0      0      1      0      0      0      0      0      0      0      0      0      0      0      0      0      0      0      0      0      0      0      0      0      0      0      0      0      0      0      0      0      0      0      0      0      0      0      0      0      0      0      0      0      0      0      0      0      0      1      0      0      0      0      0      0      0      0      0      0      0      0      0      0      0      0      0      0      0      0      0      0      0
      0      0      0      0      0      0      0      0      0      0      0      0      0      0      0      0      0      0      0      0      0      0      0      0      0      0      0      0      0      0      0      0      0      0      0      0      0      0      0      0      6      0      0      0      0      6      0      0      0      3      0      0      0      0      2      0      0      0      0      0      0      0      3      0      0      0      0      0      0      0      0      0      0      0      0      0      0      0      0      0      0      0      0      0      0      0      0      0      0      0      0      0      0      0      0      0      0      0      0      0
      0      0      0      0      0      0      0      0      0      0      0      0      0      0      0      0      0      0      0      0      0      0      0      0      0      0      0      0      0      0      0      0      0      0      0      0      0      0      1      3      5      0      0      0      0      0      0      1      5      0      0      0      0      0      0      0      0      0      5      0      0      0      0      0      0      0      0      0      0      0      0      0      0      0      0      0      0      0      0      0      0      0      0      0      0      0      0      0      0      0      0      0      0      0      0      0      0      0      0      0
      0      0      0      0      0      0      0      0      0      0      0      0      0      0      0      0      0      0      0      0      0      0      0      0      0      0      0      0      0      0      0      0      0      0      0      0      0      0      0      0      0      0      0      0      6      0      0      0      0      2      0      0      0      0      1      0      0      0      0      0      0      0      4      0      0      0      0      0      0      0      0      0      0      0      0      0      0      0      0      0      0      0      0      0      0      0      0      0      0      0      0      0      0      0      0      0      0      0      0      0
      0      0      0      0      0      0      0      0      0      0      0      0      0      0      0      0      0      0      0      0      0      0      0      0      0      0      0      0      0      0      0      0      0      0      1      0      0      0      0      7      0      0      3      0      0      0      0      0      0      0      0      0      0      0      0      0      0      0      0      0      0      0      0      0      0      0      5      0      0      0      0      0      0      0      0      0      0      0      0      0      0      0      0      0      0      0      0      0      0      0      0      0      0      0      0      0      0      0      0      0
      0      0      0      0      0      0      0      0      0      0      0      0      0      0      0      0      0      0      0      0      3      0      0      0      0      0      0      0      0      0      0      0      0      0      0      0      0      0      3      0      0      0      0      1      0      0      0      0      0      6      1      0      0      0      0      0      5      3      0      0      0      1      0      0      0      2      0      0      0      0      0      0      0      0      0      0      0      0      0      0      0      0      0      0      0      0      0      0      0      0      0      0      0      0      0      0      0      0      0      0
      0      0      0      0      0      0      0      0      0      0      0      0      0      0      0      0      0      0      0      0      0      0      0      0      0      0      0      0      0      0      0      0      5      0      0      0      0      0      0      0      1      0      1      0      0      0      9      0      0      0      0      0      0      1      0      0      0      0      0      0      0     10      0      0      6      2      0      0      0      0      0      0      0      0      0      0      0      1      0      0      0      0      0      0      0      0      0      0      0      0      0      0      0      0      0      0      0      0      0      0
      0      0      0      0      0      0      0      0      0      0      0      0      0      0      0      0      2      0      0      0      0      0      0      0      0      0      0      0      1      0      3      0      0      4      0      0      0      0      1      2      7      0      0      0     11      0      0      1      0      1      0      1      0      0      0      0      2      7      3      0      0      0      0      0      4      0      0      0      0      0      0      0      0      1      0      0      0      0      0      0      0      0      0      0      0      0      0      0      0      0      0      0      0      0      0      0      0      0      0      0
      0      0      0      0      0      0      0      0      0      0      0      0      0      0      0      0      0      0      0      0      0      0      0      0      0      0      0      0      0      0      0      1      0      0      2      0      0      0      0      1      3      3      2      1      0      1      1      0      2      0      3      6      0      0      0     22      0      0     13      0      0      0      3      4      0      0      0      0      0      4      0      0      0      0      0      0      0      0      0      0      0      0      0      0      0      0      0      0      0      0      0      0      0      0      0      0      0      0      0      0
      0      0      0      0      0      0      0      0      0      0      0      0      0      0      0      0      0      0      0      0      0      0      0      0      0      0      0      0      0      0      0      5      0      0      2      2      0      0      0      0      0      0      0      0     16      5      2      0      0      0      4      0      0      8      0      3      0      0      0      2      0      5      2      0      0      0      0      0      0      0      5      0      0      0      0      0      0      0      0      0      0      0      0      0      0      0      0      0      0      0      0      0      0      0      0      0      0      0      0      0
      0      0      0      0      0      0      0      0      0      0      0      0      0      0      0      0      0      0      0      0      0      0      0      0      0      0      0      3      0      0      3      5      9      2      6      7      0      0      1      0      4      4      0      0     14      2      7      4      3      3      4      0      3      0      0      1      0      0      2      0      0      1      0      0      0      0      0      0      3      0      0      0      0      0      0      0      0      0      0      6      0      0      0      0      0      0      0      0      0      0      0      0      0      0      0      0      0      0      0      0
      0      0      0      0      0      0      0      0      0      0      0      0      0      0      0      0      0      0      0      0      0      0      0      0      0      1      0      0      0      1      0      0      0      0      0      1     14      3      0      2      0      2      1      0      1      1      3      7      0      1      8      3      1      3      0      2      1      0      1      2      0      0      0      0      4      0      0      0      0      4      0      0      7      0      1      4      0      0      0      0      0      0      0      0      0      0      0      0      0      0      0      0      0      0      0      0      0      0      0      0
      0      0      0      0      0      0      0      0      0      0      0      0      0      0      0      0      0      0      0      3      0      0      0      0      0      0      0      0      0      2      0      0      0      0      0      6      1      8      4      0      0      8      0      2      0      6      0     11      1      0      4      0      2      2      5      3      2      0      2      8      0      0      4      0      0      0      4      0      0      0      3      0      0      0      0      0      0      0      0      0      0      0      0      0      0      0      0      0      3      0      0      0      0      0      0      0      0      0      0      0
      0      0      0      0      0      0      0      0      0      0      0      0      0      0      0      0      0      0      0      5      0      0      0      1      0      6      0      0      0      0      0      1      0      3      0      3      0      0      7      1      2      4      0      0      1      5      1      5      5      0      6      5      4      4      3      6      1      0      0      5      2      0      0      4      1      0      0      0      1      0      0      3      0      4      0      0      0      2      2      0      0      0      0      0      0      0      0      0      0      1      0      0      0      0      0      0      0      0      0      0
      0      0      0      0      0      0      0      0      0      0      0      0      0      0      0      0      6      0      0      0      0      3      0      0      0      0      1      0      0      0     13      0      6      9      2      7     11      5      5      0      4      0      0      0      0     11      5      0      1      1      7      7     12      5      0      5      1      0      2     10      0      0      0      4      0      0      0      2      0      3      0      6      0      0      0      0      1      0      0      0      0      0      0      0      0      0      0      0      0      0      0      0      0      0      0      0      0      0      0      0
      0      0      0      0      0      0      0      0      0      0      0      0      0      0      0      0      0      0      0      0      2      0      0      1      1      0      3      0      0      0      0      0      0      7      1      3      0      5      0      0      1      2      0      3      4      0     10      8      1     21     16      1      6      4      5      0      0      1      0      4      0      0      6      0      0      3     20      0      0      2      0      6      3      0      3      0      0      0      0      0      0      0      0      0      0      1      0      0      0      0      0      0      0      2      0      0      0      0      0      0
      0      0      0      0      0      0      0      0      0      0      0      0      0      0      0      0      1      0      0      0      0      0      0      0      4      0      0      3      0      0      6      4      1      1      3      8      8     10      8      0      5      3      3     28      8      3     14      6      3      1      8     11      4     11      6      0      5      1      1      3      0      0      0     14      0      0     22      0      0     13      0      1      1      0      0      0      0      0      0      0      0      0      0      0      2      0      0      0      0      0      0      0      0      0      0      0      0      0      0      0
      0      0      3      0      0      0      0      0      0      0      0      0      0      0      0      0      0      0      1      4      0      4      0      0      0      0      0      0      0      0     12      5      1      5      2      4      0      0      0      5      6      8     24      8      7      5      0     12     12     11      4      3      2      1      5      5     10     11      0      5      6      3      5      1      0     13      0      0      5      0      0      3      0      4      0      0      0      0      1      0      1      0      0      0      0      0      0      0      0      0      0      0      0      0      0      0      0      0      0      0
      0      0      0      0      0      0      0      0      0      0      0      2      0      0      0      2      0      0      0      0      0      0      0      0      0      2      9      2      6      0      1      8      0     10      9     15     26      1      7      2      7      8     22      1      0      3      5      6     12     11      9     36     27     11     10      7      5      0      0      9      8     16      7      0      2      8      0     17      5      2      1      8      0      0      0      0      0      8      0     13      0      0      0      0      0      0      0      0      0      0      0      0      0      0      0      0      0      0      0      0
      0      0      0      0      0      0      0      0      0      0      0      0      0      0      4      0      0      0      0      0      0      5      1      0      4      2      1      0      2      9      3      2      7      6      1      1      1     43      7      8     20      7      5      9      0      2     10      4     27     11      8      3      8      3     33     21     12      7     19      1      7     14     14      8      0     15      1     15      0      0      0      0      1      0      0      0      0      1      0      3      0      0      0      0      0      0      0      0      0     11      0      0      0      0      0      0      0      0      0      0
      0      0      0      0      0      0      0      0      0      0      0      0      0      0      0      0      2      0      0      0      0      0     13      0      0      1      0      0      0      1      1      0     17      5      4     20      5      2     11      6     32      2     56     32     16      5     22     15      8     43     23      0      6      5      8      7     12      8     17     18     18      5     11      2      0     17      0      0      0      6      0      0      1      0      0      0      0      5      0      2      0      0      0      5      0      0      0      0      0      0      0      0      0      0      4      0      0      0      0      0
      0      0      0      0      0      0      0      0      0      0      0      0      0      0      0      0      0      0      0      0      0      1      0      0      0      7      0      0      2      3      1      0      6      9      4      8     34      1      2      7     15     43      4     14     33     16      4     26     39     13     26      9     21     39     16     11      1     18      8     15      5     15      2     11      0      3      0      9      0      0      0      0      0      0      1      0      0      0      0      0      0      0      0      0      0      0      0      0      0      0      0      0      0      0      0      0      0      0      0      0
      0      0      0      0      0      0      0      0      0      0      0      0      0      0      0      0      0      0      0      0      0      0      0      3      8      2      6      0      3      0      7      3      7      2      9     11      8     19      8     23     25     20     29     15     10      5     34     14      6     21      3     11     10      2     14     38     35     17      4      8     18      0      3     24     18     15      4      0     20      2      7      0      0      6      0      0      0      4      0      0      0      0      0      0      0      0      0      0      2      0      1      0      0      0      0      0      0      0      0      0
      0      0      0      0      0      0      0      0      0      0      0      0      0      0      0      0      0      0      3      0      0      0      0      1      0      3      0      2      7      7      6     14      1      9      8     14     20      4      6      9     22     13      9     13     49     21     27     33     24      8      6     12     48      2     25     24     16      8      6     33     11      5      4      2      9     10      8      4     18      0      3      1      0      5      2      3      3      2      0      0      0      1      0      0      0      2      0      0      0      0      0      1      0      0      0      0      0      0      0      0
      0      0      0      0      0      0      0      0      0      0      0      0      0      1      0      0      0      0      1      0      2      4      3      7      1      4      3      3     22     10      9      3      8      3      0      2      7     12     20     33      8     39     34     24     12     15     27      8     19     11     11     10     41     21     37     16     16     10     34     15     37     29      8      9      5      4      2     12     14      7      4      1     13      4      1      2      2      2      0      0      0      0      1      0      0      0      0      0      0      0      0      0      0      0      0      0      0      0      0      0
      0      0      0      0      0      0      0      0      0      0      0      0      1      0      4      0      0      1      0      1      3      0      3      0      0      2      1      0      3     16      3      4     21      7     17     19      6     14     28     25     41     34     53     29     21     27      6     16      6     69     21     14      7     24     15     33     47     29      2     11     17     18     12     11     19      5     14      9     13      0     11      5      6      5      1      4      2      2      0      0      0      0      0      2      0      0      0      0      0      0      0      1      1      0      0      0      0      0      0      0
      0      0      0      0      0      0      0      0      0      0      0      0      0      0      0      0      0      0      2      2      2      1      4      4      0      0      7      5     12      6     27     23      5      0      9     11     11     27     18     22     12     42     49     25     33     33     48      4     39     33     32     13     50     21     31     18     10     20     19     15      0     16     31      6     30     14     17     15     14     12      8      9      0      0     15      3      0      1      2      3      0      0      0      0      0      0      0      0      5      0      0      0      0      0      0      0      0      0      0      0
      0      0      0      0      0      0      0      0      0      0      0      0      0      0      0      0      0      0      1      0      9     11      1      0      1      0      3     16      0      1     13     11      6     14     24     17     33      9     35     28     16     22     14     42     62     26     48     53     17     32     36     50     22     62     46     36     19     31     36     25     30      4      7     35      4     28     12      2     13      7     25     20      0      8      3      0      0      0     12      6      4      0      0      0      1      0      0      0      0      0      0      0      0      0      0      0      0      0      0      0
      0      0      0      0      0      0      0      0      0      0      0      2      0      0      0      0      1      0      0      3      5      0     10     21      1      5      2      2     15      6      9      8     21     11     14     49     27     10     22     16     18     35     54     44     49     24     35     21     34     35     31     37     29     19     10     25     18     18     28     42     17     22     29     12      7     23     15      3     15      2     12      2      1     23      0      1      0      0     14      0      1      5      0      0      0      0      0      0      0      0      4      0      0      0      0      0      0      0      0      0
      0      0      0      0      0      0      0      0      0      0      3      0      0      0      0      0      0      0      0      0      0      0     10      0      0      5      9      9      8      1     16     24     12      9     41     19     46     22      7     19     42     50     55     26     45     27     33     25     44     44     23     36     24      9     33     58     25     54     24      8     29     11     13     43     15     18     26     13     12      0     11      2      0     15     10      0      2      1      7     11      1      0      0      1      0      0      0      0      0      0      0      0      0      0      0      0      0      0      0      0
      0      0      0      0      0      0      0      0      0      0      0      0      0      0      0      0      0      2      0      0      7      0      1      1     12     21     10     17      5     11     16      2      7     12     15     16     26     23     43     39     16     30     48     24     46     55     34     73     34     76     42     63     73     41     41     24     34     36     21     15     43     33      9     28     24      3     14      7     15     30     13     11      3      3      0     13      0      2      0      0      0      1      0      8      0      0      0      0      0      0      0      0      0      0      0      0      0      0      0      0
      0      0      0      0      0      0      0      0      0      0      0      0      0      0      0      0      0      0      2      4      1      9     11     25      0     13      3     13     10      0      3      7     16      5     20     25     28     35     31     30     26     55     67     43     54     81     12     36     57     31     85     35     54     66     61     38     64     52     20     36     19     24     38     16     21      9     12     15     14     28     11      6      3      3      1      9     13      2      0      1      0      1      0      0      9      0      0      2      0      0      0      0      0      0      0      0      6      0      0      0
      0      0      0      0      0      0      1      0      0      0      0      0      0      0      0      1      0      0      1      0      6      2      0      5     16      8     13      5      9      6      9      2     43     32     41     40     33     42     42     48     28     46     70     67     34     56     28     89     26     40     70     69     37     37     31     38     36     50     49     53     61     27     10      5     18     13     26     24     11     15     21     12     10     12      2      5     12      8      3      5      2      0      1      7      0      0      0      0      0      0      0      0      0      0      0      0      0      0      0      0
      0      0      0      0      0      0      0      0      0      0      0      0      0      0      9      1      0      2      1      0      0      3      1     15     10      4     15     25     10     12     32     33     38     30     28     35     31     21     71     27     46     61     36     39     38     84     70     33     60     81     49     54     59     46     19     67     41     54     44     21     32     28     19     28     27     24     26     23     43     17     17     12     11      6     16      5      9      0      2      2      4      8      0      5      0      0      0      0      1      0      0      0      0      0      0      0      0      0      0      0
      0      0      0      0      0      0      0      0      0      0      0      0      0      0      3      0      1      1      0      0      0     10      2     10      9      3     14      1     34     17     29      7     38     51     19     20     30     16     58     22     45     66     74     34     34     48     92     75     62     50     59     92     70     65     57     38     33     52     38     26     55     30     36      9     52     12     16     17     17     12     19     28     25      6      6      8      9      6      0      1      2      0      0     10      0      3      2      0      0      0      0      0      0      0      0      0      0      0      0      0
      0      0      0      0      0      0      0      0      0      0      0      0      0      0      0      0      0      1      6      2      3      6      2      4     10      9     13     21     19     26     24     26     40     19     49     20     21     43     46     84     27     66     61     44     50     58     80    105     92     62     56     30     52     31     38     46     76     46     83     18     36     57     41     31     24     24     28     27     20      1     29     18     11      0     11      8      6      0      5      0      1      0     10      6      0      0      6      0      0      0      0      0      0      0      0      0      0      0      0      0
      0      0      0      0      0      0      0      0      0      0      0      1      4      0      0      0      0      1      5      4      0      4     10     12      2     10     11     18     19     11     33     44     12     51     19     36     37     36     41     41     37     41     74     78     47    133     94     83    148     88     55     58     68     80     50     77     83     71     31     72     39     29     21     42     22     56     12     21     22     14      5      1     14     10      7      4      2      1      0      1      0      0      0      0      6      8      0      0      0      0      0      4      0      0      0      0      0      0      0      0
      0      0      0      0      0      0      0      0      0      4      0      0      0      1      0      5      3      1      0     13     20      4     14     16      5     13      6     21     13     45     41     22      9     47     47     61     50     33    104     47     47     58     36     75     23     89     38     41    105     77     81    103     68     74    114     49     42     51    130     40     42     31     31     18     54     27     78     39     17     39     25      9     23     30      0     14     13     28      6      4      5      0      5      9      0      0      2      0      0      0      0      0      0      0      0      0      0      0      0      0
      0      0      0      0      0      0      0      7      0      0      0      0      0      6      2      0      5     19      5      2      9     14     35      3     12      4      4     27      8     44     12     25     37     45     31     22     35     45     55     52     46     67     45    125     65     75     78     17     60     56     74     64     47    107    116     64     42     70     71     23     63     53     32     40     21     42     16     28     40     23     14     11     16      4     12     16      1      2      5      5      1      0      0      0      0      1      0      0      3      0      1      0      0      0      0      0      0      0      0      0
      0      0      0      0      0      0      0      0      0      0      0      2      5      0      1      0      4      6      0     23      0     20     10     20     38      1      4     14      2     23     11     34     26     46     49     54     21     45     71     13     55     97     26     82    120     63     90     99     46     75     83     60     47     50     70    113     26    127     80     50    102     15     55     70     31     19     16     74     26     16     20     30     27     20      0      7      6      7      1      5      8     15      0      0      0      0      0      0      0      0      0      0      0      0      0      0      0      0      0      0
      0      0      0      0      2      0      0      0      0      0      8      0      0      9      3      4      0      0      2      1      7      4      4      8      5      5     15     29     20     34     50      8     52     27     32     67     25     39     80     57     60     36     85     96     88     82     93    103     62     92     86     68     78     80     83    143     94     64     19     46     59     44     28     40     41     33     29     23     17     22     24      6      3      4     33     13      3      5      4      5      0      4      0      0      0      0      0      0      1      0      0      0      0      0      0      0      0      0      0      0
      0      0      0      0      0      0      0      0      0      0      0      0      0      1      0      0      5      1      0      1     10     10     10     12     18     20      9     16     19     24     24     25     19     14     52     50     24     69     82     43     71    103     66     97     58     32     31    158     37    104     77     85    115     87     79     36    111     54     46     92     47     54     33     35     30     18     29     17     42     24     25     44     16     16     21     11      1      7      3      3      0      4      0      0      0      1      1      0      0      0      0      0      2      0      0      0      0      0      0      0
      0      0      0      0      0      0      0      0      0      0      3      4      0      0      0      0      1      0      3      9      0      5      5     18     16      9     11     27     19     22     25     22     13     45     44     36     66     50     69     30     52     76    107     62     94     78    106    100     38     76     75    105     99     65     54     58     77    103     72    100    142     49     55     61     50     34     40     29     29     22     12     30      8      9     21      5      8      5      3      3      4      0      6      8      0      7      0      0      5      0      0      0      0      0      0      0      0      0      0      0
      0      0      0      0      0      0      0      0      0      0      0      0      1      0      0      4      8      0      2      3      0      3      0     51     21      2      8     24     11     12     25     25      5     60     17     62     82     14     79     63     50     54     86    116     78    103     82    128    120    102     71     88    186     86     91     90    127     68     79     55     93     20     44     50     21     54     16     15     48      6     18     21     16     13     20      9      7      0      2     10      0     12      6      0      0     10      2      0      0      0      0      0      0      0      0      0      0      0      0      0
      0      0      0      0      0      0      0      0      0      0      0      1      2      3      0      1      0      2      0      0      0      0     12      0      6     26     28     18     20     25     45     44     24     37     43     30     48     16     68     79     71     45     62     77     91    159     60    101     47    124    103     81    113     92     74     41    111     97    128     76     69     50     76     49     30     25     22     40     18     29     30     49      5      2      3      4      7      5     11      0      1      8      0      0      0      0      0      0      0      0      0      7      0      0      0      0      0      0      0      0
      0      0      3      0      0      0      0      0      0      0      0      3      1      0      0      3      7      0      4     15      1      5     17     12      3     25     29     23     12     32     45     21     16     52     48     85     71     63     68     50     78     52     72     27     85     78     94     68     53     99     81     84     74    129     73     63     67     54     58     79     58     59     23     48     32     28     43     27      9     12     13     40      7     12     43      1     16      4      5      2      0      1     10      0      1      0      0      0      4      6      0      0      0      2      0      0      0      0      0      0
      0      0      0      0      0      0      2      0      0      6      0      0      0      0      5      0      8      9      0      4     14      0      3     16     27     14     16      2     19      4     15     18     48     56     45     75     24     97     42     43     54     87     51     80     88     53     72     60    127     99     97    113     95    107     48     67     74     88     48     46     34     35     86     32     49     34     16     23     18     24      2     22     23     13      0      0      7      1      6      0      0      0      0      0      2      4      0      0      0      0      0      0      7      0      0      0      0      0      0      0
      0      0      0      0      0      0      0      0      0      0      0      0      0      9      0      0      5      4      2     11      2     12     14      3      8      2     19     21     36     16     42     24     35     18     44     37     38     29     65     45     93    110     69     61     79     85    116     93     55     57    106    115     56     96     65     89    101     32     51     59     81     75     78     22     45     57     34     47     23     14     16     19      5      8      4      8     30     18      0      9      0     11      0      0      1      0      0      0      0      0      0      4      0      0      0      0      0      0      0      0
      0      0      0      0      0      0      0      0      0      0      0      0      0      0      0      0      0      4      0      1      2      9      1      2     18      3      0      4     36     21     20     26     14     61     73     42     87     35     55    116     65     55     96    125     79     44     84     86     64     90     93     24     77     76     57     66     43    107     77     72     37     62     38     57     41     58     30     26     28     53     25      7      4     15     18      9      6      4      0      0      0      0      0      0      4      0      0      0      0      0      0      0      0      0      0      0      0      0      0      0
      0      0      0      0      0      0      0      0      0      0      0      0      0      0     15     13     10      8      1      1      7     23     13      0      9     11     10     14     49     16     27     41     23     28     14     34     93     23     39     27     56     81    103     64     79     78     84     55    101     67     51     68    122     72    101     69     90     47     81     44     56     41     47     23     61     71     20     26     44     76     65      9      1     22      4      0      0      3     21      9      4      0      0      0      0      0      0      0      0      0      0      1      0      0      0      0      0      0      0      0
      0      0      0      0      0      0      0      0      0      0      0      2      1      0      0      0      0      6      7      2     14      1      1      2      1      0     15     13     25     42     45     36     34     44     59     55     80     69     53     53     28     53     48     58     97    114     40    101     87     62     64     53    114    103    100     52     81     68     77     52     43     29     25     61     37     50     47     20     12     39      7     27      8     11     18      3      2     16      0      1      2      0      0      7      0      0      0      0      0      0      0      5      0      0      0      0      0      0      0      0
      0      0      0      0      0      0      0      0      0      0      0      0      0     17      0      1      1      0      0      7      3      3      4      9     20      9     19      0     25     20      2     18     50     35     47     59     53     15     35     30     69     70     95    140    115     68     56    104     49    114     84     61     74     53     36     78    114     57     45     26     46     36     31     46     53     41     22     19     52     37     14     28     12      8     16     14      6      2      9      8      8      0      0     10      1      0      0      0      3      0      0      2      0      0      0      0      0      0      0      0
      0      0      0      0      0      0      0      0      0      0      0      0      0      5      0      0      0      0      0      0      3      7      5      0     14      9      0      5     16     21     13     17     11     31     15     34     33     25     68     33     34     45     89     65     81     76     76     88     84    122    100     40     95     61    152    125     38     25     53     43     92    101     60     53     25     18     26     19      7     16      3     18     26     12     12      4      8      1      9      0     12      0      3      1      1      0      0      0      0      5      0      0      0      0      0      0      0      0      0      0
      0      0      0      0      0      0      0      0      0      0      0      0      0      2      0      0      4      0      0      9      4     46     12     11      1      3     12      8     12      9     18     23     47      4     45     60     50     41     48     62     57     29     51     63     93     84     81     38     98     71    138     28     58     53     66     77     48     33     54     25     58     26     25     25     89     34     25     55     12      9      6     19     11     15      4      6      8      0     13      5      7      0      0      0      0      0      0      3      0      0      2     10      0      5      0      0      0      0      0      0
      0      0      0      0      0      0      0      0      0      0      0      0      1      5      4      1      0     23      0      9      8      1      5      8     16     29      6     16     24     27     47     46     24     52     15     10     49     60     30     33     54     41     61     84     66     61     55    114    123     52     89     62     37    102     86     41     29     57     23     63     33     39     45     29     31     31     47     16     31     22     11     11      7     17     20      3      0      5      6      0      1      3     11      0      0      0      0      0      0      0      0      0      0      0      0      6      0      0      0      0
      0      0      0      0      0      0      0      0      0      0      0      0      0      0      0      0      0      0      6      6      5      8      1      5     11     30     16      2     13     22     22     13     25     22     21     23     43     54     19    111     12     45     44     49     72    109     96     88     92     78     25    144     64     62     47     63     33     27     77     20     31     43     26     47     17     37     21     13     60      7     20      8      0     13      8      6     16      0      0      0      0      0      0      3      6      2      0      2      0      0      0      0      0      0      0      0      0      0      0      0
      0      0      0      0      0      0      0      0      0      0      0      6      0      0      0      0      0      0      0      0      4      0      3      5     13     11     14      2     10      4      5      5      8     25     48     33     25     33     69     51     43     42     28     81     56     40     63     39     46     62     97     21     65     81     51     74     40     35     81     29     32     19     38     47     30     28     25     29      9     12     12     10      7      7      1      0      3      0      1      0      0      4      1      0      0     10      0      0      0      0      0      0      0      0      0      0      0      0      0      0
      0      0      0      0      0      0      0      0      0      0      0      0      0      0      4      2      7      0      0      8      0      6      9     10      1      9      9     22     29      6     17     44     12     31     18     18     38     35     33     33     41     39     34     40     79     46     30     42     35     59     70     68     59     57     45     43     37     15     31     25     53     13     16     19     27     12     13     18     37     12      2     11      9      6      1      0      1     12      2      0      5      0      2      0      0      0      0      0      0      0      0      0      0      0      0      0      0      0      0      0
      0      0      0      0      0      0      0      0      0      0      0      0      0      3      0      0      0      3      0      4      5      0      0      5      0     10     10     27     16     26     11     24      3     30     13     21     49     52     14     51     53     17     27     26     31     24     50     29     71     36     42     20     73     68     31     49     38     32     57     19     61     60     65     14     31     16     27     39      9     11     38      0      3      4      3     15     13      2      1      1      1      1      0      0      0      0      0      0      0      0      0      0      0      0      0      0      0      0      0      0
      0      0      0      0      0      0      0      0      0      0      0      0      0      0      4      0      0      0      0      4      0      1     10      9      0      2      3      1      3     11     16     24     18     17     33     29     24     29     21     30     35     50     79     30     28     27     16     27     35     43     66     59     23     19     34     43     35     38     42     45     16     33     17     27     19     12     11     12      9      7      3     39      9      6      0     11     13      0      4      0      0      0      0      0      1      0      0      1      0      0      0      0      0      0      0      0      0      0      0      0
      0      0      0      0      0      0      0      0      0      0      0      0      0      0      1      1      0      0      9      0      4      2      3      5     13     29      9     13      1     15     13     14     15      4     31     29     12     17     12     48     23     40     42     57     14     27     42     50     36     48     68     30     34     42     56     38     19     31     11     27      6     48     14     40     16     13     25     14     10      9     17      1      7      5      5      7     15      0      0      8      0      1      0      0      0      0     13      0      0      0      0      0      0      0      0      0      0      0      0      0
      0      0      0      0      0      0      0      0      0      0      0      0      0      0      0      0      0      0      0      0      3      0      4      0      0      0     11     18      3      3     11     12     14      9      5     30     35     11     22     15     36     20     57     21     26     37     21     33     26     33     31     41     19     30     28     34     41      6     35     15      9     10     12      6     22     19     15     19      0     12     12      5      6     18      0      0      2      0     11      0      0      4      0      0      0      0      0      4      0      0      0      0      0      0      0      0      0      0      0      0
      0      0      0      0      0      0      0      0      0      0      0      0      0      0      0      0      0      0      0      2      9      9      6      6     12      3      7      2      0      4      2      6      3     14      7     12     12     12      6     26     32     26     19     26     48     48     33     27     24     33     47     34     38     28     24     29     24     27     21     41     13     30     10     11      8     13      4      4     20     13      2      0      3      3      3      0      6      0      6      0      6      0      6      0      0      2      0      0      0      0      0      0      0      0      0      0      0      0      0      0
      0      0      0      0      0      0      0      0      0      0      0      0      0      0      0      0      1      0      0      6      0      0      0      0      2      4     12     16      2      7      5     19     22      7     19     20     17     22     11      7     38     19     46     32     43     56     41     21     19     29     38     55     11     16     24     46     19     13     23     44     11     44      7     43      7     11     18      8     11     12     13      4      1      1     12      0      0      0      4      0      0     12      0      0      0      0      0      0      0      0      0      0      0      0      0      0      0      0      0      0
      0      0      0      0      0      0      0      0      0      0      0      0      0      4      0      0      0      0      0      0      0      0      9      0      9      0      4     13      0      6      3     17     12      6     14      4     15     15     43     22     37     37     13     16     38     36     20     69     14     20     28     46     27     21     49     10     42     15      5     19     13     15     19      8      4     19     10     19      2      9     13      3      0      2      0      1      5     17      7      0     14      9      0      3      0      0      0      0      0      2      0      0      0      0      0      0      0      0      0      0
      0      0      0      0      0      0      0      0      0      0      0      0      0      0      0      3      0      0      1      3      7      0     21      0      0      0      1     12      2      2      0      9     25      2      0      0     23      8     20      4     18     26     32     17     13     31      8      4     18     24      8     29     18     19     32     14     15     20      5      5     15     24      6      2     11     12     17      2      8      3      7      4      0      0      0      4      4      2      0      0      0      0      0      0      0      0      0      0      0      0      0      0      0      0      0      0      0      0      0      0
      0      0      0      0      0      0      0      0      0      0      0      0      0      3      0      0      0      0      0      0      0      3      1      1      2      0      4      0      0      0     11      0      8      3      7     27     13     21     23      2     37      5     21      8     24     37     14      8     30     14      9     24     17     11     43     19     24     16     12     10     10     15      7     13     20      5      4      5     16      0      5      0      3      1      0      0      0      2      0      0      0      0      0      0      3      0      0      0      0      0      0      0      0      0      0      0      0      0      0      0
      0      0      0      0      0      0      0      0      0      0      0      0      0      0      0      0      0      3      0      0      4      0      0      0      4      0      3      0      5      6      5      5      1      6     13      0     13      1     16      7     43     17      2     13     15     13      7      5     19     29      5      4     24      2     21     23     11     16     28      9      7     37      7      5     24      5      3      7      0      0      5      0      5      3      1      0      0      0     13      0      0      0      0      0      0      0      0      0      0      0      0      0      0      0      0      0      0      0      0      0
      0      0      0      0      0      0      0      0      0      0      0      0      0      0      0      0      3     17      0      0      0      0      0     11      0      1     11      0      1      3     19      3     10     15      2      3      5      2      4     19     13     25     20      9     10     10      9      3      4     15     10      4     32      8      6     33      3     18      9      9     12      5      9      0     22      0     14      2      7      2     10      0      8      0      0      0      1      0      6      0      0      0      0      0      0      0      0      0      0      0      0      0      0      0      0      4      0      0      0      0
      0      0      0      0      0      0      0      0      0      0      0      0      0      0      0      0      0      0      8      0      2      0      0      6      0      0      2      0      0      0      4      1      7      6      7     17      4     12     12     12      2     22      0      0      1      5      0      6     25     13      9     22     20      5      6      6     27     18      1      1     16      6      0      8      2     10      4      0      5     18      0      9      5      1      5      0      0      0      0      3      0      0      0      0      0      0      0      0      0      0      0      0      0      0      0      0      0      0      0      0
      0      0      0      0      0      0      0      0      0      0      0      0      0      0      0      0      0      0      2      0      0      0      0      4      0      7      2      1      0      2      1      9      4      8      3      0      4     22      7      3      1      1      2     15      7     21     14      0     22     11      0     23     23     18      3      2      5      3     12      0      0     23      5      0      0      3      8      5      6      0      0      0      0      2      1      0      0      0      0      0      0      0      0      0      0      0      0      0      0      2      0      0      0      0      0      0      5      0      0      0
      0      0      0      0      0      0      0      0      0      5      0      0      0      0      0      0      0      0      0      0      0      0      0      0      0      0     12      0      3      8      4      0      0      1      0      0      9      0      0      0     10     21      5      0      9     13      7      0     11      3     12      1      3     15      0     13     12     11      0      1     14      1     11      1      0      3      0      2      0      2      0      0      5      0      0      0      0      0      0      1      0      2      0      0      0      0      0      0      0      0      0      0      0      0      0      0      0      0      0      0
      0      0      0      0      0      0      0      0      0      0      0      0      0      0      0      1      0      0      0      0      0      0      0      0      0      0      0     20      0      7      0      8      0     14      0      1      3      0      1      0     35      1      0      4     30      9     14      0      2      4     17     22      4      3      3      1      3      5      8     11      2      3      3      2     11      0      0      0      2      0      4      0      3      0      0      0      0      0      0      1      0      0      0      0      0      0      0      0      0      0      0      0      0      0      0      0      0      0      0      0
      0      0      0      0      0      0      0      0      0      0      0      0      0      0      0      0      0      0      0      0      0      0      2      0      0      0      0      1      0      5      0      0     14      0      0     29      0     12      0      5      2      5      3      5      3      2      6      5      9     33      2      8      4      3     15      3      6      6     11      8      5      2     16     10      2      4      6      9      0      0      2      6      1      6      0      4      0      0      0      0      0      0      0      0      0      0      0      0      0      0      0      0      0      0      0      0      0      0      0      0
      0      0      0      0      0      0      0      0      0      0      0      0      0      0      0      0      0      0      0      0      3      0      0      0      1      2      0      0      0      2      0      0      0      0      0      4      4      0      0      7     15      1      4      6      2      4      7      0      2     10      8      6     11      0      2      0      0      9     11      1      8      1      0      0      0      0      0      5      0      0      0      3      0      0      0      0      0      0      0      0      0      0      0      0      0      0      0      3      0      0      0      0      0      0      0      0      0      0      0      0
      0      0      0      0      0      0      0      0      0      0      0      0      0      0      0      0      0      0      0      0      0      0      0      0      0      0      4      0      0      2      0      0      0      2      8      0      0      1      6      0      5      0      7     14     15      0      1     19      2      0      4      8      0      0      0      7      2      5      1      5      0      1      0      0      0      0      2      0      2     22      0      0      0      0      0      0      0      0      2      3      0      0      0      0      0      0      0      0      0      0      0      0      0      0      0      0      0      0      0      0
      0      0      0      0      0      0      0      0      0      0      0      0      0      0      0      0      0      0      0      0      0      0      0      0      0      0      0      0      0      0      3     10      0      2      0      0      0     11      0      0      0     11      7      2      0      0      0      6      2      1      4     10      1      0     14      0      0      6      1      0      1      1      0      0      0      0      0      0      0      0      0      0      0      0      0      0      0      0      0      0      0      0      0      0      0      0      0      0      0      0      0      0      0      0      0      0      0      0      0      0
      0      0      0      0      0      0      0      0      0      0      0      0      0      0      0      0      0      0      0      0      0      0      0      0      1      0      0      0      1      0      4      0      0      0      4      0      0      0      0      6      2      0      6      0      0      2      4      1      1      5     14      0      0     13      0      2      1      1      0      0      0      0      2      0      0      0      0      5      1      0      1      6      0      0      0      0      0      0      0      0      0      0      0      0      0      0      0      0      0      0      0      0      0      0      0      0      0      0      0      0
      0      0      0      0      0      0      0      0      0      0      0      0      0      0      0      0      0      0      0      0      0      0      0      0      0      0      0      4      0     11      0      0      1      0      1      0      2      1      0      0      0      0      2      1      0      9      1      1      4      0      0      0      5      0      0      2      1      0      0      0      0      0      0      0      2      0      0      0      0      0      0      0      0      4      0      0      0      0      0      0      0      0      0      0      0      0      0      0      0      0      0      0      0      0      0      0      0      0      0      0
      0      0      0      0      0      0      0      0      0      0      0      0      0      0      0      0      0      0      0      0      0      0      6      0      0      0      0      0      0      5      0      0      0      0      0      2      2      0      0      0      0      1      0      0      1      0     17      0      0      0      4      1      1      0      0      1      0      3      0      0      0      0      0      4      1      0      0      0      2      0      0      0      0      0      0      0      0      0      0      0      0      0      0      0      0      0      0      0      0      0      0      0      0      0      0      0      0      0      0      0
      0      0      0      0      0      0      0      0      0      0      0      0      0      0      0      0      0      0      0      0      0      0      0      0      0      0      1      0      0      0      6      0      0      0      0      1      0      0      0      0      6      0      0      0      0      0      0      5      0      0      4      5      0      2      0      0      0      0      0      1      4      0      0      1      0      1      2      0      0      0      0      0      0      0      0      0      0      0      0      0      0      0      0      0      0      0      0      0      0      0      0      0      0      0      0      0      0      0      0      0
      0      0      0      0      0      0      0      0      0      0      0      0      0      0      0      0      0      0      0      0      0      0      0      0      0      0      0      0      0      0      0      0      0      0      0      1      0      0      0     18      0      0      0      1      0      6      0      0      0      1      1      2      0      0      0      0      0      0      3      0      0      0      0      0      0      0      0      3      0      0      0      0      0      0      0      0      0      0      0      0      0      0      0      0      0      0      0      0      0      0      0      0      0      0      0      0      0      0      0      0
      0      0      0      0      0      0      0      0      0      0      0      0      0      0      0      0      0      0      0      0      0      0      0      0      0      0      0      0      0      0      0      0      1      1      0      0      3      0      0      0      0      0      0      0      0      0      5      0      0      0      0      3      0      0      0      1      0      0      1      0      0      3      0      0      0      0      1      0      0      0      0      0      0      0      0      0      0      0      0      0      0      0      0      0      0      0      0      0      0      0      0      0      0      0      0      0      0      0      0      0
      0      0      0      0      0      0      0      0      0      0      0      0      0      0      0      0      0      0      0      0      0      0      0      0      0      0      0      0      0      0      1      4      2      0      0      0      0      0      0      1      0      5      0      3      0      3      0     10      0      0      0      0      0      3      5      2      4      0      0      1      4      0      0      0      9      0      3      0      0      0      0      0      0      0      0      0      0      0      0      0      0      0      0      0      0      0      0      0      0      0      0      0      0      0      0      0      0      0      0      0
      0      0      0      0      0      0      0      0      0      0      0      0      0      0      0      0      0      0      0      0      0      0      0      0      0      0      5      0      0      0      0      0      0      0      0      0      0      0      0      0      0      0      0      0      0      0      3      0      0      0      0      0      0      0      0      0      0      1      0      0     15      0      0      0      0      0      0      0      0      0      0      0      0      0      0      0      0      0      0      0      0      0      0      0      0      0      0      0      0      0      0      0      0      0      0      0      0      0      0      0
      0      0      0      0      0      0      0      0      0      0      0      0      0      0      0      0      0      0      0      0      0      0      0      0      0      0      0      0      0      0      0      0      0      0      0      0      0      0      0      0      0      0      0      2      4      0      0      1      0      8      5      0      0      0      0      0      0      0      0      0      0      0      0      0      0      0      0      0      0      0      0      0      0      0      0      0      0      0      0      0      0      0      0      0      0      0      0      0      0      0      0      0      0      0      0      0      0      0      0      0
      0      0      0      0      0      0      0      0      0      0      0      0      0      0      0      0      0      0      0      0      0      0      0      0      0      0      0      0      0      0      1      0      0      0      0      0      0      0      0      0      0      3      0      0      0      0      0      0      3      0      0      0      0      4      0      0      0      0      1      0      0      0      0      0      0      0      1      0      0      0      0      0      0      0      0      0      0      0      0      0      0      0      0      0      0      0      0      0      0      0      0      0      0      0      0      0      0      0      0      0
      0      0      0      0      0      0      0      0      0      0      0      0      0      0      0      0      0      0      0      0      0      0      0      0      0      0      0      0      0      0      2      0      0      0      0      0      2      0      0      0      0      0      0      0      0      0      1      2      0      0      0      0      1      0      0      0      0      0      0      0      0      0      0      0      0      0      0      0      0      0      0      0      0      0      0      0      0      0      0      0      0      0      0      0      0      0      0      0      0      0      0      0      0      0      0      0      0      0      0      0
      0      0      0      0      0      0      0      0      0      0      0      0      0      0      0      0      0      0      0      0      0      0      0      0      0      0      0      0      0      0      0      0      0      0      0      0      0      0      0      0      0      0      0      0      0      0      0      0      0      0      0      0      0      0      0      0      0      0      0      0      0      0      0      3      0      0      0      0      0      0      0      3      0      0      0      0      0      0      0      0      0      0      0      0      0      0      0      0      0      0      0      0      0      0      0      0      0      0      0      0
      0      0      0      0      0      0      0      0      0      0      0      0      0      0      0      0      0      0      0      0      0      0      0      0      0      0      0      0      0      0      0      0      0      0      0      0      0      0      0      0      0      0      0      0      0      0      0      0      0      0      0      0      0      0      0      0      0      0      0      0      0      0      0      0      0      0      0      0      0      0      0      0      0      0      0      0      0      0      0      0      0      0      0      0      0      0      0      0      0      0      0      0      0      0      0      0      0      0      0      0
      0      0      0      0      0      0      0      0      0      0      0      0      0      0      0      0      0      0      0      0      0      0      0      0      0      0      0      0      0      0      0      0      0      0      0      0      0      0      0      0      0      0      0      0      0      0      0      0      0      0      0      0      0      0      0      0      0      0      0      0      0      0      0      0      0      0      0      0      0      0      0      0      0      0      0      0      0      0      0      0      0      0      0      0      0      0      0      0      0      0      0      0      0      0      0      0      0      0      0      0
      0      0      0      0      0      0      0      0      0      0      0      0      0      0      0      0      0      0      0      0      0      0      0      0      0      0      0      0      0      0      0      0      0      0      0      0      0      0      0      0      0      0      0      1      0      0      0      0      0      0      0      0      1      0      0      0      0      0      0      0      0      0      0      0      0      0      0      0      0      0      0      0      0      0      0      0      0      0      0      0      0      0      0      0      0      0      0      0      0      0      0      0      0      0      0      0      0      0      0      0
      0      0      0      0      0      0      0      0      0      0      0      0      0      0      0      0      0      0      0      0      0      0      0      0      0      0      0      0      0      0      0      0      0      0      0      0      0      0      0      0      0      0      0      0      0      0      0      0      0      0      3      0      0      0      0      0      0      0      0      0      0      0      0      0      0      0      0      0      0      0      0      0      0      0      0      0      0      0      0      0      0      0      0      0      0      0      0      0      0      0      0      0      0      0      0      0      0      0      0      0
      0      0      0      0      0      0      0      0      0      0      0      0      0      0      0      0      0      0      0      0      0      0      0      0      0      0      0      0      0      0      0      0      0      0      0      0      0      0      0      0      0      0      0      0      0      0      0      0      0      0      0      0      0      0      0      5      0      0      0      0      0      0      0      0      0      0      0      0      0      0      0      0      0      0      0      0      0      0      0      0      0      0      0      0      0      0      0      0      0      0      0      0      0      0      0      0      0      0      0      0
      0      0      0      0      0      0      0      0      0      0      0      0      0      0      0      0      0      0      0      0      0      0      0      0      0      0      0      0      0      0      0      0      0      0      0      0      0      0      0      0      0      0      0      0      0      0      0      0      0      0      0      0      0      0      0      0      0      0      0      0      0      0      0      0      0      0      0      0      0      0      0      0      0      0      0      0      0      0      0      0      0      0      0      0      0      0      0      0      0      0      0      0      0      0      0      0      0      0      0      0
