\ 
\ Covariance Function Histogram Table
\ 
\ X Parameter: Log of Period
\ X Abbrev   : logP
\ X Units    : none
\ X Items    : 100         
\ 
\ Y Parameter: Effective Temperature
\ Y Abbrev   : Teff
\ Y Units    : K
\ Y Items    : 100         
\ 
|col000|col001|col002|col003|col004|col005|col006|col007|col008|col009|col010|col011|col012|col013|col014|col015|col016|col017|col018|col019|col020|col021|col022|col023|col024|col025|col026|col027|col028|col029|col030|col031|col032|col033|col034|col035|col036|col037|col038|col039|col040|col041|col042|col043|col044|col045|col046|col047|col048|col049|col050|col051|col052|col053|col054|col055|col056|col057|col058|col059|col060|col061|col062|col063|col064|col065|col066|col067|col068|col069|col070|col071|col072|col073|col074|col075|col076|col077|col078|col079|col080|col081|col082|col083|col084|col085|col086|col087|col088|col089|col090|col091|col092|col093|col094|col095|col096|col097|col098|col099|
|int   |int   |int   |int   |int   |int   |int   |int   |int   |int   |int   |int   |int   |int   |int   |int   |int   |int   |int   |int   |int   |int   |int   |int   |int   |int   |int   |int   |int   |int   |int   |int   |int   |int   |int   |int   |int   |int   |int   |int   |int   |int   |int   |int   |int   |int   |int   |int   |int   |int   |int   |int   |int   |int   |int   |int   |int   |int   |int   |int   |int   |int   |int   |int   |int   |int   |int   |int   |int   |int   |int   |int   |int   |int   |int   |int   |int   |int   |int   |int   |int   |int   |int   |int   |int   |int   |int   |int   |int   |int   |int   |int   |int   |int   |int   |int   |int   |int   |int   |int   |
      0      0      0      0      0      0      0      0      0      0      0      0      0      0      0      0      0      0      0      0      0      0      0      0      0      0      0      0      0      0      2      0      0      0      0      0      0      0      0      0      0      0      0      0      0      0      0      0      0      0      0      0      0      0      0      0      0      0      0      0      0      0      0      0      0      0      0      0      0      0      0      0      0      0      0      0      0      0      0      0      0      0      0      0      0      0      0      0      0      0      0      0      0      0      0      0      0      0      0      0
      0      0      0      0      0      0      0      0      0      0      0      0      0      0      0      0      0      0      0      0      0      0      0      0      0      0      0      0      0      0      0      0      0      0      0      0      0      0      0      0      0      0      0      0      0      0      0      0      0      0      0      0      0      0      0      0      0      0      0      0      0      0      0      0      0      0      0      0      0      0      0      0      0      0      0      0      0      0      0      0      0      0      0      0      0      0      0      0      0      0      0      0      0      0      0      0      0      0      0      0
      0      0      0      0      0      0      0      0      0      0      0      0      0      0      0      0      0      0      0      0      0      0      0      0      0      0      0      0      0      0      0      0      0      0      0      0      0      6      0      0      0      0      0      0      2      0      0      4      0      0      0      0      0      0      0      0      0      0      0      0      0      0      0      0      0      0      0      0      0      0      0      0      0      0      0      0      0      0      0      0      0      0      0      0      0      0      0      0      0      0      0      0      0      0      0      0      0      0      0      0
      0      0      0      0      0      0      0      0      0      0      0      0      0      0      0      0      0      0      0      0      0      0      0      0      0      0      0      0      0      0      0      0      2      0      0      0      0      0      0      0      0      0      0      0      0      0      0      0      0      0      0      0      0      0      0      0      0      0      0      0      0      0      0      0      0      0      0      0      0      0      0      0      0      0      0      0      0      0      0      0      0      0      0      0      0      0      0      0      0      0      0      0      0      0      0      0      0      0      0      0
      0      0      0      0      0      0      0      0      0      0      0      0      0      0      0      0      0      0      0      0      0      0      0      0      0      0      0      0      0      0      0      0      0      0      0      0      0      0      0      0      0      0      0      0      0      0      0      0      0      0      0      0      0      0      0      7      0      3      0      0      0      0      0      0      0      0      0      0      0      0      0      0      0      0      0      0      0      0      0      0      0      0      0      0      0      0      0      0      0      0      0      0      0      0      0      0      0      0      0      0
      0      0      0      0      0      0      0      0      0      0      0      0      0      0      0      0      0      0      0      0      0      0      0      0      0      0      0      0      0      0      0      0      0      0      0      0      0      0      1      0      0      0      0      0      0      0      0      0      0      1      0      0      0      0      0      0      0      0      0      0      0      0      0      0      0      0      0      0      0      0      0      0      0      0      0      0      0      0      0      0      0      0      0      0      0      0      0      0      0      0      0      0      0      0      0      0      0      0      0      0
      0      0      0      0      0      0      0      0      0      0      0      0      0      0      0      0      0      0      0      0      0      0      0      0      0      0      0      0      0      0      0      0      0      0      0      0      0      0      0      0      0      3      0      0      0      0      0      0      0      0      0      0      6      6      2      0      0      0      0      0      0      3      0      0      0      0      0      0      0      0      0      0      0      0      0      0      0      0      0      0      0      0      0      0      0      0      0      0      0      0      0      0      0      0      0      0      0      0      0      0
      0      0      0      0      0      0      0      0      0      0      0      0      0      0      0      0      0      0      0      0      0      0      0      0      0      0      0      0      0      0      0      0      0      0      0      0      0      0      0      0      0      0      0      0      0      0      0      0      0      0      6      3      5      1      0      0      0      0      0      0      0      0      5      0      0      0      0      0      0      0      0      0      0      0      0      0      0      0      0      0      0      0      0      0      0      0      0      0      0      0      0      0      0      0      0      0      0      0      0      0
      0      0      0      0      0      0      0      0      0      0      0      0      0      0      0      0      0      0      0      0      0      0      0      0      0      0      0      0      0      0      0      0      2      0      0      0      0      0      0      0      0      0      1      0      0      0      0      0      0      0      6      0      4      0      0      0      0      0      0      0      0      0      0      0      0      0      0      0      0      0      0      0      0      0      0      0      0      0      0      0      0      0      0      0      0      0      0      0      0      0      0      0      0      0      0      0      0      0      0      0
      0      0      0      0      0      0      0      0      0      0      0      0      0      0      0      0      0      0      0      0      0      0      0      0      0      0      0      0      0      0      0      0      0      0      1      0      0      0      0      0      0      0      5      0      0      0      0      0      0      0      0      3      0      0      0      0      0      0      0      0      0      0      7      0      0      0      0      0      0      0      0      0      0      0      0      0      0      0      0      0      0      0      0      0      0      0      0      0      0      0      0      0      0      0      0      0      0      0      0      0
      0      0      0      0      0      0      0      0      0      0      0      0      0      0      0      0      0      0      0      0      0      0      0      0      0      0      0      0      0      1      0      3      0      0      5      0      0      0      0      6      0      0      0      0      2      0      3      0      0      0      0      1      0      0      0      4      0      0      0      0      0      0      0      0      0      0      0      0      0      0      0      0      0      0      0      0      0      0      0      0      0      0      0      0      0      0      0      0      0      0      0      0      0      0      0      0      0      0      0      0
      0      0      0      0      0      0      0      0      0      0      0      0      0      0      0      0      0      0      0      0      0      0      0      0      0      0      0      0      0      0      0      0      0      9      0      0      0      0      0      0      0      0      1      0      0      1      0      0      0      0     11      1      0      0      6      0      0      0      0      5      0      0      0      0      2      0      0      0      0      0      0      0      0      0      0      0      0      0      0      0      0      0      0      0      0      0      0      0      0      0      0      0      0      0      0      0      0      0      0      0
      0      0      0      0      0      0      0      0      0      0      0      0      0      0      0      0      0      0      0      0      0      0      0      0      0      0      0      0      0      2      1      0      3      0      0      0      0      2      0      0      9      7      1      0      0      0      0      0      3      0      0      0      5      2      3      7      0      0      1      0      0      0      0      0      0      0      0      0      1      0      4      0      0      0      0      0      0      0      0      0      0      0      0      0      0      0      0      0      0      0      0      0      0      0      0      0      0      0      0      0
      0      0      0      0      0      0      0      0      0      0      0      0      0      0      0      0      0      0      0      0      0      3      1      0      0      2      0      0      0      0      0      0      0      0      1      0      0      0      0      0      0      0      0      0      3      1      0      0      2      0      1      1      0      0      0      5      2      0      0      7      6      4      0      0      0      0     17     13      3      0      0      0      0      0      0      0      0      0      0      0      0      0      0      0      0      0      0      0      0      0      0      0      0      0      0      0      0      0      0      0
      0      0      0      0      0      0      0      0      0      0      0      0      0      0      0      0      0      0      0      0      0      0      0      0      0      0      0      0      0      0      0      0      2      0      0      0      3      2      0      0      0      0      0      0      0      2      0      0      3      5      0      0      2      0      0      0     27      0      0      4      0      5      0      0      0      0      2      0      0      0      2      2      0      0      0      0      0      0      0      0      0      0      0      0      0      0      0      0      0      0      0      0      0      0      0      0      0      0      0      0
      0      0      0      0      0      0      0      0      0      0      0      0      0      0      0      0      0      0      0      0      0      0      0      0      0      0      0      0      3      4      0      0      0      0      0      1      2      0      0      8      0      0      0      5      3      1      6      0      4      5      0      6      0      2      0      8      0      0      0     12      1      0      0      0      0      4      0      0      4      0      0      7      0      2      0      9      0      0      0      0      0      0      0      0      0      0      0      0      0      0      0      0      0      0      0      0      0      0      0      0
      0      0      0      0      0      0      0      0      0      0      0      0      0      0      0      0      0      0      0      0      0      0      0      0      0      0      2      0      0      0      0      0      0      0      0      1      0      7      0      5      1      3      0      5      4      2      2      3      1      4      7     10      0      1      1      1      1      0      0      0      4      0      0      4      3      0      3      0      0      0      0      0      0      0      2      0      0      2      0      0      0      0      0      0      0      0      0      0      0      0      0      0      0      0      0      0      0      0      0      0
      0      0      0      0      0      0      0      0      0      0      0      0      0      0      0      0      0      0      0      0      0      0      0      0      0      8      0      0      0      9      0      0      0      4      0      0      7      0      4      7      3      0      4      0      0      3      0      7      1      2      9      2      2      0      2      3      0      1      2      5      1      6      0      0      0      0      2      0      0      0      0      0      0      0      0      0      0      0      0      0      0      0      0      0      0      0      0      0      0      0      0      0      0      0      0      0      0      0      0      0
      0      0      0      0      0      0      0      0      0      0      0      0      0      0      0      0      0      0      0      0      0      0      0      0      0      0      0      0      1      1      2      0      0      4      0      3      1      1      0      1      0      9      3      5      2      0      5      0      0      2      0      1      0      4      1      4      0      7     10      5      8      6      0      1      1      0      5      1      1      0      0      0      5      0      0      0      0      0      0      0      0      1      0      0      0      0      0      0      0      3      0      0      0      0      0      0      0      0      0      0
      0      0      0      0      0      0      0      0      0      0      0      0      0      0      0      0      0      0      0      0      3      0      0      0      0      0      6      1      1      0      3      0      0      0      0      0      4      1      0     11      2      1      6      0     13      3      0      1      7      0      4     15      5      1      1      3      1      4     11      2      5      0      6     10      0      2      0      4      3      0      0      6      0      7      0      0      0      2      0      0      0      0      0      0      0      0      0      0      0      0      0      0      0      0      0      0      0      0      0      0
      0      0      0      0      0      0      0      0      0      0      0      0      0      0      0      0      0      0      0      0      0      0      0      4      0      0      0      0      0      1      1      0      0      1      0      1      0      0      0      3      9     15      0      7      1      3     12     23     11      6      0      3      3      0      4      0      5      7      8      3      1      3      0      0      4      0      2      0      5      0      0      0      6      0      0      4      0      0      0      0      0      0      0      0      0      0      0      0      0      0      0      0      0      0      0      0      0      0      0      0
      0      0      0      0      0      0      0      0      0      0      0      0      0      0      0      0      0      0      0      0      0      0      0      0      0      0      0      0      0      3      5      3      3      0      8      0     14      0      0      5     13      6     12      3     14      4      7     10      3      6      8      6      3      6      9     23      9     20      0      0      6      4      0      0      4      0      4      0      6      0      1      0      0      0      0      0      0      0      0      0      0      0      0      0      0      0      0      0      6      0      0      0      0      0      0      0      0      0      0      0
      0      0      0      0      0      0      0      0      0      0      0      0      0      0      0      0      0      0      0      0      0      0      0      5      0      0      0      0      0      2      0      2      0      5      2      3      1      0      5      0     13      2      2     24     16      7      0      4      4     10      1      3     15     21      9     13     14     11      2      9      7      1      4      2      0      1      1      1      0      0      0      0      2      2      0      1      0      0      0      0      0      0      0      0      0      0      0      0      0      0      0      0      0      0      0      0      0      0      0      0
      0      0      0      0      0      0      0      0      0      0      0      0      0      0      0      0      0      0      0      0      0      0      0      0      3      0      0      1      1      4      5      2      0      9      3      8      2      4     16     12      6      5      7      8      8     21     16      9      7      5     13     20     15     25     14      5      8      3     14     12      0     15     18      4     18      8      5      0      9      0      0      4      0      5      0      0      0      0      0      1      0      0      8      0      0      0      0      0      0      0      0      0      0      0      0      0      0      0      0      0
      0      0      0      0      0      0      0      0      0      0      0      0      0      0      0      0      0      0      0      0      0      0      0      0      3      3      0      0      0     11      2     14      3      1     14     14      2     12      4      6     17     11     13     10      6      5     18      5      7     33      3     20     15     15     17      2     21     13     18     21      8      0      2      3     12      0      1      0      2      3      6      5      1      1      2      2      0      0      0      0      0      0      0      0      0      0      0      0      0      0      0      0      0      0      0      0      0      0      0      0
      0      0      0      0      0      0      0      0      0      0      0      0      0      0      0      0      0      0      0      5      0      0      0      0     11      0      0      0      2      3      7      0      0      0      2      0      1     35      6     33      3     20     13     16     52      3      6      1     12     11     10     25     30      9     24      6      3     19      9     22      4     16     13     11      1      2      3     13      8      2      0     16      0      1      0      3      0      2      0      0      0      0      0      0      0      0      5      0      0      0      0      0      0      0      0      0      0      0      0      0
      0      0      0      0      0      0      0      0      0      0      0      0      2      0      0      0      0      0      0      1      0      0      0      0      0      0      1      0      0     10     11      0      7      0     21      0     10      5      0      5     51     22     22     14      5      8      9     13     19      0     12     12     42     32     14     23      9      6     10     30     11     12      6      3     17      0      1      0      8      6      0      0      1      0      1      0      9      0      0      0      0      0      0      0      0      0      0      0      0      0      0      0      0      0      1      0      0      0      0      0
      0      0      0      0      0      0      0      0      0      0      0      0      0      0      0      0      4      0      0      0      1      0      0      0      7      0      0      0      1      6      1      6      7      7      1      7     40      1     18     17     12     17      9     34      4     18     12      8      7     19     21     46     17     12     12     26      8      0     10      8     21     15     13      8      0     18     11      6     10      6     12      1      0      7      5      0      4      0      0      0      0      0      3      0      0      0      0      0      0      0      0      0      0      0      0      0      0      0      0      0
      0      0      0      0      0      2      0      0      0      0      0      0      0      0      0      0      0      0      2      0      3      0      0      0      3      4      9      7      0      1      2     24      1     16      9      6     24     15     14     14      7     19     13     16     26     11     10     27     16     26     21     19     21     24     27     24      5      7     10      1     17     11      4     27      5      5      2      9      8      6      1      0      3      0      1      3      1      0      6      0      3      0      0      0      0      0      0      7      2      0      0      0      0      0      0      0      0      0      0      0
      0      0      0      0      0      0      0      0      0      0      0      0      0      0      0      0      0      0     12      1      0      1      0      0      1      0     22      4      5     10      7     13     24     16      9     10      9     26     18      3     22     30     26     23     33     25     35     21     17     19      0     15     12      8     11     18      8     20     15     27      7      5     25     11      9     19      8     11     15     18      5      3      4      0      0      2      0      0      0      0      0      0      0      1      0      0      3      0      0      1      0      0      0      0      0      0      0      0      0      0
      0      0      0      0      0      0      0      0      0      0      0      0      0      0      0      0      0      0      1      0      0      0      0      0      0      9      0      2      0     16      1      3      2      0     20     18     28     24     15     17     16     15     19     32     33     32     33     45     46     18     14     16     44     35     12      9     44     25      9     43      8      6     14     30      4     11     22      3      9      1     10      0      0     11      2      3      0      4      0      4      0      0      0      4      0      0      0      0      0      0      0      0      0      0      0      0      0      0      0      0
      0      0      0      0      0      0     11      0      0      0      0      0      2      0      0      0      0      0      0     20      0      1      0      6      2     11     25      3     15     13      6     23      3      7     23     15     17     28      8      8     21     36     15      9     28     27     16     30     33     11     29     33     43     30     33     15     18     31      7     36     16     15     18     39     15      5     16     14      5     19      2      0      3      2      8      0      0      6      0      1      9      0      5      0      0      0      0      0      0      0      0      0      0      0      0      0      0      0      0      0
      0      0      0      0      0      0      0      0      0      0      0      0      0      0      0      5      0      0      0      0      1      6      4      1      6      9      1      5     26      7      8     14      7     17      5     26     28     31     28     35     14     33     29     38     21     35     34     44     13     55     11     12     39     30     30     20     40     11     36     52     17     20      4     16     30     36     23     18     40     17      7      2      5      2      0      3      5      0     17      3      0      0      0      0      4      0      0      0      0      0      0      0      0      0      0      0      0      0      0      0
      0      0      0      0      0      0      0      0      0      0      0      1      0      5      2      0      1      2      0      0      0      5      7      3      2      9     14     22      4      5      0     14      8     10     13     17     21      7     15     15     20     24     19     38     17     39     47     24     48     42     25     13     55     31     28     21     26     48     77     24     16     12     24     25     17      8      1     14     23      0      0      4      1     14      8      2     23      3      2      0      7      0      2      0      0      0      0      0      0      0      0      0      0      0      0      0      0      0      0      0
      0      0      0      0      0      0      0      0      0      0      0      0      0      0      0      0      0      0      0      1      0      2      6      9      4      4     12      3      8      7     31     14      9     12     13     16     33     27      9     27     19     12     28     38     64     43     24     56     59     10     25     39     56     25     27     34     40     17     40     20     16     34     22     12      6     19     10     15     13     44     10      5      9      1      0      0      8      0     10      2      8      4      0      0      9      0      0      0      0      0      0      0      0      0      0      0      0      0      0      0
      0      0      0      0      0      0      0      0      0      7      0      0      0      2      0      0      1      1      0      0      0      0      0      5     12      0      2     18      2      3      8     23      8     32     55     28     18     46     20     35      6     32     54     12     14     48     33     64     22     71     34      7     66     35     43     46     37     18     37     22     35      7     28     39     40     16     22     35     15     35     16     14     21      4      0      0      9      4      3      2      0      0      0      0      0      0      0      0      0      0      0      0      0      0      0      0      0      0      0      0
      0      0      0      0      0      0      0      0      0      0      0      0      3      1      0      6      0      9      0      2      0     11     15     14      9      1      6      3     10     10      6      7      9     10     36     11     36     22     18     42     30     31     36     45     58     55     72     32     43     35     41     54     36     20     38     48     81     26     31     69     47     39     18     34     41     10      8     11     34     17     13     17     18     16      3      7      2      2      3      0      0      1      2      0      0      0      5      1      0      0      0      0      0      0      0      0      0      0      0      0
      0      2      0      0      0      0      0      0      0      0      0      2      1      0      0      0      0      0      0      2      4      3      0      6      3      4      4     14      4     25     15      9     14     19     17     26     20      8     13     25     27     30     67     41     69     58     33     44     85     66     40     44     44     22     51     85     64     30     80     44     36     70     23     44     27     16      8     50      9      0     15     31     23     20     10      3      3      6      0      4      5      0      0      1      0      0      0      0      0      0      0      0      1      0      0      0      0      0      0      0
      0      0      0      0      0      0      0      0      0      0      0      0      0      0      1      0      0      9     15      6      0      0      0      4      4      4      3      0     10     28     24     11     40     60     10     31     42     20     12     22     26     22     49    117     43     60     33     24     71     61     52     58     62     70     65     82     30     38     65     29     17     57     42     13     32     38     33     57     23     16     19      1     11      3      4      1      1      8     16      7      4      1      0      0      0      1      3      0      0      0      0      0      0      0      0      0      0      0      0      0
      0      0      0      0      0      0      0      0      0      0      0      0     22      0      4      6      0      0      3      5     21     21     22      6      8      0     21     22      7     10      4     16     27     28     33     19     28     36     32     33     55     32     46     46     20     33     46     34     45     58     41     51     68     45     46     58     60     32     85     30     55     55     28     40     54     29     38     24     29     11     16     46     17      9      6      3      8     27      1     15      0      2      0      0      2      0      0      1      0      0      0      3      0      0      0      0      0      2      0      0
      0      0      0      0      0      0      0      0      0      0      0      0      0      0      0      0      0      0      0      3      2     10      7      7      5     18     15     25     39      7     17      2     32     27     25     39     35     25     27     28     63     68     30     44     37     60     29     75     53     80     60    128     69     75     49     32     51     39     73     47     68     68     42     37     26     35     56      9     16     10     14      3     18     12      3      2      1      2      7      3      9      0      0      0      2      0      4      0     11      0      0      0      0      0      0      0      0      0      0      0
      0      0      1      0      0      0      0      0      0      0      0      0      6      0      0      2      2      1     10      1      7      2     10     14     18      4     17     21      3     25     45     35     19     32     16     69     30     20     36     71     37     92     51     63     68     58     80     32     75     77     82     65     71     77     72     62     28     42     29     55     71     51     58     17     77     15     23     56     36     12     43     11      6      1      9     26      2      4     12      0      2      0      1      2      0      0      0      1      0      0      0      0      0      2      0      0      0      0      0      0
      0      0      0      1      0      0      0      1      0      0      0      0      0      0      0      0      0      0      1     13     11      3      8     11      0      2     18      6      5     18     41     33     13     37     25     58     32     48     49     71     55     74     88     51     56     71     38     88     55     85     83     88     86     59     26    105    117     78     70     84     32     88     53     51     72     16     32     63     30      7     11     10     25     27      8      4     18      2      0      8      5      6      1      0      0      0      4      0      0      0      0      0      0      0      0      0      0      0      0      0
      0      0      0      0      2      0      0      0      0      0      0      0      0      0      0      3      0      4      0      0      3      0      3     11      9      1     16      4      8     26     23      9     35     25     11     36     39     40     35     35     66     80     41     41     91     71     75     98     63     40    125     42     87     75     80     69    133     50     56     56     64     44     27     13     66     48     45     39     20     25      5     11     19     13     17      3     12     11      0      5      5      7      2      0      0      0      0      0      0      0      0      0      0      0      0      2      0      0      0      0
      0      0      0      0      0      0      0      0      0      0      0      0      7      0      0      0      0      2      0      4      0      8      3     16     21      4      9     28     12      8     45      4     10     29     46     66     35     32     52     62     73     62    103     87     82    117     74    139     95     43     61     97     71     65     45     58     78    102     32     40     30     44     56     55     56     21     35     34     24     35     55      8     16     19      1      5     10     13      5      1      1      0     10      9      0      0      0      0      0      0      0      0      0      0      0      2      0      0      0      0
      0      0      0      0      5      0      0      0      2     12      0      0      0      5      4      0      2     16     12      1     15      3      3      8      9      4      8     15     12     22     30     16     45     17     36     82     24     64     43     55     68     85     42     49     66     70    101     82    144     52     50     67     72    129    101     72     61     61     51     59    100     30     51      5     51     57     54     18     21     37     18     11      6      6     18     10     11      8      9      4      3      7      6      2      0      1      0      0      0      0      0      0      0      0      0      0      0      0      0      0
      0      0      0      0      0      0      0      0      0      0      0      0      0      0      9      0      4      7      0     12      1      7      1      5      9     10     24     29     29      5     17     22     41     29     27     26     63     59     53     51    102     63     69     36     95     84     72     73     93    104     63    101     63     67     93    107     70     20    100    104     55     39     28     27     57     58     34     13     17     27     15     12     17     15      2      0     12     12      1      5      4      3      8      0      0      0      0      1      0      0      0      0      0      0      0      0      0      0      0      0
      0      0      0      0      0      0      0      1      0      0      2      0      0      3      0      8      0     10      1      0     16      5      0      2      0      9      7      9     36     14     22     31     40     37     34     69     73     32     31     68     39     91     70     43     53     58     81     67    113     85    126     92    114     57    121     56     68     70     94    100     60    111     43     53     13     63     27     40     16     19     41     43      7     14     12      4     14      8      6     18      1      9      0     13      0      0      1      0      0      0      0      0      0      0      0      0      0      0      0      0
      0      6      0      0      0      0      0      0      0      0      0      0      0      0      0      0      0      0      0     14      6     14     13     20      7     22     18     14     13     13     28     31     32     25     40     60     61     55     39     65     50     65    110    140    126     38     53    112    100    111    132     71    116    105     53     86     54     72     70     70     65     35     55      8     43     51     46     42     43     45     38     29     23     22      2     13     15      0      3     26      0      9      2      0      0      1      0      0      0      0      3      6      0      0      0      0      0      0      0      0
      0      0      0      0      0      0      0      0      0      0      0      0      0      0      0      0      0      1      0     13     10      7      4      2     32      2     12     11     22     51     15     29     10     56     28     54     45     71     37     69     54     81    104     41     53    103    118     72     97    105     81     55     78    128    105     39    102     81     51     51     65     97     52     68     77     40     43     38     36     67     10     13      2      9      2     10      0     29     18      0      6      1      1      7      0      0      0      0      0      0      0      0      0      0      0      0      0      0      0      0
      0      0      0      0      0      0      3      0      0      0      0      0      5      0      0      0      5      0      0      0      0      8      8      5     12      2      0     21     15      8     34     14     22     33     45     37     79     39     32     35     49     48    111     82     79    105     81     72     99    120     55    102     77    116    102    119     84     65     88     59     29     27     49     61     21     23     56     43     49     32     29     12      2      5      7     23      8      7     12      0      1     10      5      0      0      0      0      0      0      0      0      2      0      0      0      0      0      0      0      0
      0      0      0      0      0      0      0      0      2      0      0      0      0      0      0      0      0      8      9      5      0      7     11      7     20      7      8     35     15      7      7     12     45     21     40     12     30     62     88     59     50     59     55     63     89    102    136     77     71     74     91     92     57     48     53     82     69     68     66     67     49     99     67     57     43     42     80     18     17     25     23      6      2      0      9     10      8      1      2     14      9      2      0      6      0      4      2      0      0      1      0     22      0      0      0      0      0      0      0      0
      0      0      0      0      0      0      0      0      1      0      0      0      0      0      0      0      4      0      4      3      0      8     10      3      0     11     29     19     16     28     12     45     65     60     44     48     67     54     65     39     38     59     87     95     53     91     81     93    103     87     68     49     64    124     49    103    106    110     79     83     30     53     55     27     22     38     27     42     29     26     28     40      1      3     14      2     14      1      0      5      0      0      1      0     12     11      0      0      0      0      0      0      0      0      0      0      0      0      0      0
      0      0      0      0      0      8      0      0      0     10      0      0      6      0     12      4      0      0      0      0      0      0      0     13      9      7     36      4     28      0     41     26     49     28     43     81     29     38     27     25     28     91     89     60     98     59    100    103     65    113     55     62    124    108     72     92     62     83     66     48     42     47     39     49     41     67     16     39     18     51     33     15     16      1     26      0      5      6      6      0      0      5      2      0      0      2      0      0      0      0      0      0      4      0      0      0      0      0      0      0
      0      0      0      0      0      0      0      0      0      0      0      0      4      0      0      5      0      0      0      3      9      6      8      1      2      3     16     25     20     31     38     39      2     40     21     58     57     42     65     46     24     60     79     82    118     50     38     84     86    114    125    126     96     67     92    121     74     62    104     65     59     20     24     20     28     39     31     38     13     41     21     20      3      9      4     26     22      5     19      0      8      8      0      0      0      0      0      0      0      0      0      0      0      0      0      0      0      0      0      0
      0      0      0      0      0      0      0      0      0      0      0      0      0      1      0      5     11      0      0      0      0      0      6      2      2      6     10     14     39     23     25     37     18     16     38     42     27     32     69     36     57     33     99     91     76     37    105     79     74     91     66    103     78     50     94    143     33     64     86     64     78     57     53     45     62     74     44     37     32      6     23     29      9     14     20      1      0      6      4      1      1      3      1      0      0      0      0      0      0      0      0      0      0      0      0      0      0      0      0      0
      0      0      0      0      0      0      0      0      0      0      0      0      0      0      0      6      0      6      1      0      0      5      1     12      8      9      8     23     23      7     14     37     17     21     34     26     42     34     68     45     48     45     70     48     98    131     55    125     83    120     46     60    134    105     36     35     55    102     52     48     59     48     72     79     43     20     34     52     16     23     18     26     12     21      2      0     13     15      5      9      0      0      0      2      0      0      0      0      0      0      0      2      0      0      0      0      0      0      0      0
      0      0      0      0      0      0      0      0      0      3      5      0      0      0      5      8      0      0      2      0     16     27     23      4      6     11      3     17     14     21     30      7     44     24     40     60     65     61     69     30     57     91     61     68     37     53     72     69     77     35     70     84     81     46     58     96    113     87     45     63     84     18     43     24     25     27     43     25     13     27     26     10     11      2     19      9      0      6      4      2      1      5      1      0      0      2      0      0      4      0      0      0      0      0      0      0      0      0      0      0
      0      0      0      0      0      0      0      0      1      0      0      1      5      0      2      0      5      0      1      0      0      2      0      0      7      4     15      6     17     18     30     14     27      5     30     23     21     91     54     51     93     47     26     62     90     63     80     25     96    106    104     78     60    112     58     32     55     74     81     68     35     50     51     23     44     46     36     25     15     13      6     12      0     11      4      0      2      4      0      0     15      0      4      1      2      5      0      4      0      0      0      0      0      0      0      0      0      0      0      0
      0      0      0      0      0      0      0      0      0      0      0      6      0      0      4      0      6      2      0      4      2      0      2      4     17      7      6     28     18      3     25     10     31     27     29     49     53     39     47     68     47     44     34     44     93     69     84     48     77     54     23     89     60     78     58     78     76     98     26     44    103     31     46     57     19     42     35     40     19     17     11      3     11      8     32     29     11     10      4      0      6      2      1      0      0      6      1      0      0      0      0      0      0     19      0      0      0      0      0      0
      0      0      0      0      0      0      0      0      0      0      0      0     15      0      0      0      1      1      1     10      3     13      8     23      1     15     13     12     24     13      2     24     43     21     14     48     34     41     10     55     51     99     52     53    105     84     74    130     56     80     30     62     25     61     44     52     31     67     92     39     38     36     52     36     26     27     43     14     31     16      0      7     19      9      0      0      0      0      8      2      2      6      0      6      0      0      1      0      0      0      0      0      0      0      0      0      0      0      0      0
      0      0      0      0      0      0      0      0      0      0      0      0      0      0      0      0      1      0      7      3      0      2      6      2      3      6      7     31     14     19     11     20     29     23     20     22     13     28     45     47     17     35     39     36     70     51     73     62     83     29     69     60     83     42     99     24     63     81     45     42     51     35      7     20     13     15     35     19     26     24      4      5      7      6     12     12      3      0      1      3      5      4      0      4      0      0      0      0      0      0      0      0      0      0      0      0      0      0      0      0
      0      0      0      0      0      0      0      0      0      0      3      0      0      1      0      0      3      5      0      1      1      9      4      2      0      3      0      3      5     46     10     25     13     18     29     32     18     23     46     36     37     34     26     42     49     35     49     65     55     27     66     51     51     51     28     47     48     46     25     34     24     50     46     19     36     42     11      8     35     11     12     26      2      5      6      0      9      5      5      0      2      2      0      1      5      3      0      0      0      0      0      0      0      0      0      0      0      0      0      0
      0      0      0      0      0      0      0      0      0      0      0      0      0      2      0      0      3      0      2      1      0      7     14      2      3     14      6     11     33     11     10     21     15     27     18     10     34     39     36     38     24     67     54     84     11     22     69     49     56     20     19     25     55     71     49     35     50     74     42     51     38     30     43     18     23     49     26      9      8     10      8      0     11      0      3      3      8      1      1      3      0      0      9      0      0      0      0      0      0      0      0      0      0      0      0      0      0      0      0      0
      0      0      0      0      0      0      0      0      0      0      0      0      0      0      0      0      0     11      0      0      0      1      3      1      1      3      2      4     13      6      6      7     43     18     24     12      9     21     24     50     38     16     24     40     42     25     42     55     44     35     65     49     45     39     39     36     55     43     34     43     31      5     10     13     27      5     10     33      2     14     15      4      5     11     13      0     13     15      5      7      0      0      0      0      0      4      3      0      0      0      0      0      0      0      0      0      0      0      0      0
      0      0      0      0      0      1      0      0      0      0      3      0      0      0      0      0      0      1      0      0      0      0      1      5      0      8     26      6     13      1      0     16     38      4     32     13      9     10     28     48     33     41     48     26     38     35     48     48     50     23     38     56     34     57     66      8     19     32     27     54     49     17     29     15     21     50     29      6     13      0     16      1      5      2      1      0      1      7      1      0      0      2      0      0      0      0      0      0      0      0      0      0      0      0      0      0      0      0      0      0
      0      0      0      0      0      0      0      0      0      0      3      0      0      0      0      0      0      6      0      6      0      1      0      1      0      0     11     17      6     14      9      0      8      9     10     15      4     18     27     18     11     17     40     14     19     45     35     35     21     43     26     41      6     43     43     22     15     68     24     24     27     21     31     29     10     14     23      2      1      2      3     11      9      0     11      0      0      0      5      0      0      0      0      0      0      6      0      0      0      2      0      1      0      0      0      0      0      0      0      0
      0      0      0      0      0      0      0      0      0      0      0      0      0      0      0      0      6      0      0      0      4      1      3      1      4     12      1      0     23      6      0     12     22     11     14      9      8     21      5     43     10     14     26     48     27     28     22     52      8     13     48     39     12     43     24     50     49     21      6     20     22     25      9     14     12      6     10     12     16      7     16      1      6      9      1      0      1      3      0     13      3      0      0      0      0      0      0      0      0      0      0      0      0      0      0      0      0      0      0      0
      0      0      0      0      0      0      0      0      0      0      0      0      1      0      0      0      1      0      0      4      0      9      0      0      1      5      5      0      0     15      8     16     29     17      4      1     45     17     21     12     20     36     33     52     29     46     24     25     47     62     36      9     42     53     19     11     35     46     10     31     46     41      2     31      2      5      8      7      0      5      2     11      0      2      2      0      6      0      4      0      0      0      0      0      0      0      0      0      0      0      0      0      0      0      0      0      0      0      0      0
      0      0      0      0      0      0      0      0      8      0      0      0      0      0      0      2      1     12      0      0      0      7      0      3      2      3      5     13      0      7      9      7      9     21      8     11      1      8     11     15     31     23     27     50     13     14     47     18     32     42     64     29     29     40     55     28     43      7     40     12     21     25     30     12      0      6      3      5      4      3      1      4      9      4     16      1      0      0      0      0      0      0      1      0      0      0      0      0      0      0      0      0      0      0      0      0      0      0      0      0
      0      0      0      0      0      0      0      0      0      0      0      0      0      0      0      0      0      1      0      0      0     12      7      0      1      0      0      1     23      0      4      9      2     16     22     14      5     10     24     11     26     11      2     15     31     14      9     24     11     10      3     18     19     23     35     15     10     37      6     13     14     19      2     22      9      4      2      8     15      0      2     11      4      1      1      2      0      0      9      0      0      0      0      0      0      1      0      0      0      0      0      0      0      0      0      0      0      0      0      0
      0      0      0      0      0      0      0      0      0      0      0      0      0      0      0      0      1      1      0      0      0      0      0      3      9      1      0     11      1      3      7     29      5     30      6      0      6     12     18      6     28     12      4     16     11     37      4     13     11     47     14      8      8     20      1     11     11     19     17      5     24     35      7     22     16      9      7      4      4      3     13      5     15      0      0      5      0      0      3      0      0      0      0      0      0      0      0      0      1      2      0      0      0      0      0      0      0      0      0      0
      0      0      0      0      0      0      0      0      0      1      0      0      0      0      0      5      0      0      8      0      0      0      3      0     13      7      0     16      4      0      5      4      0      3     15      2     13      5      8     10      2     14     33      2      5     25      0     13     19      1      7     16     10      2     32     20     17     15     32     24      3      7     12      2      3      2      7      5      9      9      9      0     10     14      1      0      0      4      8      4      0      0      0      0      0      0      0      0      0      0      0      0      0      0      0      0      0      0      0      0
      0      0      0      0      0      0      3      0      0      0      0      0      0      0      0      0      0      0      0      0      0      0      0      0      0      0      1      7      0      4      2     16      0      5      1     16     22      0      2      5      9     29     11      4      8      8      6     21      7     15     25     31     14     42     12     26     30     21     13     10      3      4     15      8      5      0     11      0      6      0      0      0      1      0      0      0      0      0      0      0      0      0      0      2      0      0      0      0      0      0      0      0      0      0      0      0      0      0      0      0
      0      0      0      0      0      0      0      0      0      0      0      0      0      0      3      0      0      0      0      0      0      0      3      0      0      3      0      2      0      2      4     16      0      0      6     14      8      3     17     10     18      0     14     18      4     12      7     11     11     13      5      4     14     17      6     13      1     12     17      8      2     11      5      4     12      1      0     12      5     13      1      2     12      2      2      0      0      0      0      0      0      0      1      0      0      0      0      0      0      0      0      0      0      0      0      0      0      0      0      0
      0      0      0      0      0      0      0      0      1      0      0      0      0      0      0      0      0     20      0      0      0      0      0      0      3      0      0      8      4      2      0      4      5      2      1      0      7      1      5      4      0     24      6      9     11      4     12      6     12     16      4      9      9      9      0      6     19     18     10      5      0      2      0      8      4      0     36      2      0      0      1      0      0      0      0      0      1      9      0      0      1      2      0      0      0      0      0      0      0      0      0      0      0      0      0      0      0      0      0      0
      0      0      0      0      0      0      0      0      0      0      0      0      0      0      3      0      0      0      0      0      0      8      0      0      0      0      0      1      0      0      8      3      2     10      5      0      0      0      6      7      3      6      9     12     16      4      5      0      8      4     10     20      9      2      7      3      0      1      5      9      9      0      0      8      3     12      0      0      0      0      0      0      0      0      0      0      0      1     10      0      0      2      0      0      0      0      0      0      0      0      0      0      0      0      0      0      0      0      0      0
      0      0      0      0      0      0      0      0      0      0      0      0      0      0      0      0      0      0      0      0      5      0      0      1      0     17      0      0      0      0      1      9      1      0      1      6      0     19      3      1      5      1      7      0     10      1     20      9      3     50      3      7     23      7     15      0      2      5     11      1      0      1      1      3      2      2      5      0      2      0      2      0      0      0      0      0      0      0      0      0      0      0      0      0      0      0      0      0      0      0      0      0      0      0      0      0      0      0      0      0
      0      0      0      0      0      0      0      0      1      0      0      0      0      0      0      0      0      1      0      0      0      0      0      0     13      0      0      0      0      1      1      0      2      9      9      0     10      1      8      1     18      4      2      9      5      6      8     21      2      4     13     19      5      2     17      2      5      3     22      2      8     11      0      8      3      5      1      0      0      0      0      6      0      8      1      0      0      0      0      0      0      0      0      3      0      0      0      0      0      0      0      0      0      0      0      0      0      0      0      0
      0      0      0      0      0      0      0      0      0      0      0      0      0      0      0      0      0      0      0      0      0      0      0      0      0      0      0      0      0      0      2      1      7     15      1      0      0      4      7      7     15      6      0      8      4      1      1      8      0      0      0      1      0      0      1      0      3      0      0     15      0      2      0      0      3      0      0      0      0      7      1      6      9      2      0      0      2      0      0      0      3      0      0      0      0      0      0      0      0      0      0      0      0      0      0      0      0      0      0      0
      0      0      0      0      0      0      0      0      0      0      0      0      0      0      0      0      0      0      0      0      0      0      0      0      0      0      2      0      0      0      0      0      0      0     10      0      0      2      0      3      0     15      9      0      7     10     11      0      0      5     10      0      2     28     12      0      1      0      9      3      0      1      1      4      0      0      1      0      0      0      0      0      0      0      2      0      0      0      0      0      0      0      0      2      0      0      0      0      0      0      0      0      0      0      0      0      0      0      0      0
      0      0      0      0      0      0      0      0      0      0      0      0      0     10      0      0      0      0      0      0      0      0      0      4      0      0      0      0      0      4      0      5      0      0      0      0      2      0      4      1      1      1      0      0      0      0      9      0      0      0      0      1      7      0      0      0      1     16      0      1      2      1      4      1      0      0      0      6      1      2      0      0      0      0      0      0      0      9      0      0      0      0      0      0      0      0      0      0      0      0      0      0      0      0      0      0      0      0      0      0
      0      0      0      0      0      0      0      0      0      0      0      0      0      0      0      0      0      0      0      0      0      0      0      0      0      0      0      0      0      0      0      1      0      3      2      0      6      0      0      0      0      3      2      1      0      7      6      3      3      8      3      4      7      1      1      1      3      0      0      0      4      3      0      0      0      7      0      0      0      0      0      0      4      0      0      0      0      0      0      0      0      0      0      0      0      0      0      0      0      0      0      0      0      0      0      0      0      0      0      0
      0      0      0      0      0      0      0      0      0      0      0      0      0      0      2      0      0      0      0      0      0      0      0      0      0      0      0      0      0      0      0      0      0      0      0      0      1      0      2     11      2      0      0      2      6      0      1      1      0      0      1      0      4      0      0      1      0      0      0      0      0      0      0      1      0     11      3      1      0      0      0      0      0      0      2      0      0      0      0      0      0      0      0      0      0      0      0      0      0      0      0      0      0      0      0      0      0      0      0      0
      0      0      0      0      0      0      0      0      0      0      0      0      0      0      0      0      0      0      0      0      0      0      0      0      0      0      0      0      0      1      0      0      0      0      0      0      0      0      0      0      0      1      0      0      7      2      1      1      0      7      0      3      0      3      0      5      3      1      2      1      2      0      0      1      0      0      0      0      0      0      0     10      0      0      0      0      0      0      0      0      0      0      0      0      0      0      0      0      0      0      0      0      0      0      0      0      0      0      0      0
      0      0      0      0      0      0      0      0      0      0      0      0      0      0      0      0      0      0      0      0      0      0      0      0      0      0      0      0      0      0      0      0      0      2      0      0      0      0      0      0      0      0      1      0      0      0      0      1      5      4      6      0      2      0      2      0      0      4      6      0      6      0      0      0      0      0      0      0      0      0      0      0      0      0      0      0      0      0      0      0      0      0      0      0      0      0      0      0      0      0      0      0      0      0      0      0      0      0      0      0
      0      0      0      0      0      0      0      0      0      0      0      0      0      0      0      0      0      0      0      0      0      0      0      0      0      0      0      0      0      0      0      0      0      7      0      3      0      0      0      0      0      0      0      0      0      0      0      1      0      1      0      0      0      3      0     18      1      0      0      0      0      0      0      0      0      0      0      0      0      0      0      0      0      0      0      0      0      0      0      0      2      0      0      0      0      0      0      0      0      0      0      0      0      0      0      0      0      0      0      0
      0      0      0      0      0      0      0      0      0      0      0      0      0      0      0      0      0      0      0      0      0      0      0      0      0      0      0      0      0      0      0      0      0      0      0      0      0      0      0      0      2      1      0      1      2      0      0      2      0      0      0      3      0      0      0      0      0      5      0      0      0      0      0      0      3      0      0      0      0      0      0      0      0      0      0      0      0      0      0      0      0      0      0      0      0      0      0      0      0      0      0      0      0      0      0      0      0      0      0      0
      0      0      0      0      0      0      0      0      0      0      0      0      0      0      0      0      0      0      0      0      0      0      0      0      0      2      0      0      0      0      0      0      0      0      3      0      1      0      0      0      4      0      0      0      1      2      0      0      4      0      0      0      3      0      1      0      0      0      0      5      0      2      3      0     15      0      0      0      0      0      0      6      0      0      0      0      3      0      0      0      0      0      0      0      0      5      0      0      0      0      0      0      0      0      0      0      0      0      0      0
      0      0      0      0      0      0      0      0      0      0      0      0      0      0      0      0      0      0      0      0      0      0      0      0      0      0      0      0      0      0      0      0      0      0      0      0      0      0      0      0      1      0      5      0      0      0      0      2      0      0      0      0      3      5      0      0      8      0      0      0      0      0      0      0      0      0      0      0      0      0      0      0      0      0      0      0      0      0      0      0      0      0      0      0      0      0      0      0      0      0      0      0      0      0      0      0      0      0      0      0
      0      0      0      0      0      0      0      0      0      0      0      0      0      0      0      0      0      0      4      0      0      4      0      0      0      0      0      0      0      0      0      0      0      0      0      0      0      0      0      2      0      8      0      0      0      0      0      0      0      1      0      0      0      1      0      0      0      0      0      0      0      0      0      0      0      0      0      0      0      0      0      0      0      0      0      0      0      0      0      0      0      0      0      0      0      0      0      0      0      0      0      0      0      0      0      0      0      0      0      0
      0      0      0      0      0      0      0      0      0      0      0      0      0      0      0      0      0      0      0      0      0      0      0      3      0      0      1      0      0      0      0      0      0      0      0      0      0      0      0      4      0      0      0      0      0      0      0      4      0      0      0      0      0      0      0      0      0      0      0      0      0      0      0      0      0      0      0      0      0      0      0      0      0      0      0      0      0      0      0      0      0      0      0      0      0      0      0      0      0      0      0      0      0      0      0      0      1      0      0      0
      0      0      0      0      0      0      0      0      0      0      0      0      0      0      0      0      0      0      2      0      0      0      0      0      0      0      0      0      0      0      0      1      0      0      0      0      0      0      0      0      0      0      0      0      2      0      0      0      0      0      0      0      0      0      0      0      1      0      0      0      0      0      0      0      0      0      0      0      0      0      2      0      0      0      0      0      0      0      0      0      0      0      0      0      0      0      0      0      0      0      0      0      0      0      0      0      0      0      0      0
      0      0      0      0      0      0      0      0      0      0      0      0      0      0      0      0      0      0      0      0      0      0      0      0      0      0      0      0      0      0      0      0      0      0      0      0      0      0      0      0      0      0      0      0      0      0      0      3      0      0      3      0      0      0      0      0      0      0      0      0      0      0      0      0      0      0      0      0      0      0      0      0      0      0      0      0      0      0      0      0      0      0      0      0      0      0      0      0      0      0      0      0      0      0      0      0      0      0      0      0
      0      0      0      0      0      0      0      0      0      0      0      0      0      0      0      0      0      0      0      0      0      0      0      0      0      0      0      0      0      0      0      0      0      0      0      0      0      0      0      0      0      0      0      0      0      0      0      0      0      0      0      0      0      0      0      0      0      0      0      0      0      0      0      0      0      0      0      0      0      0      0      0      0      0      0      0      0      0      0      0      0      0      0      0      0      0      0      0      0      0      0      0      0      0      0      0      0      0      0      0
      0      0      0      0      0      0      0      0      0      0      0      0      0      0      0      0      0      0      0      0      0      0      0      0      0      0      0      0      0      0      0      0      0      0      0      0      0      0      0      0      0      0      0      0      0      0      0      0      0      0      0      0      0      0      0      0      0      0      0      0      0      0      0      0      0      0      0      0      0      0      0      0      0      0      0      0      0      0      0      0      0      0      0      0      0      0      0      0      0      0      0      0      0      0      0      0      0      0      0      0
      0      0      0      0      0      0      0      0      0      0      0      0      0      0      0      0      0      0      0      0      0      0      0      0      0      0      0      0      0      0      0      0      0      0      0      0      0      0      0      0      0      0      0      0      0      0      0      0      0      0      0      0      1      0      0      0      0      1      0      0      0      0      0      0      0      0      0      0      0      0      0      0      0      0      0      0      0      0      0      0      0      0      0      0      0      0      0      0      0      0      0      0      0      0      0      0      0      0      0      0
      0      0      0      0      0      0      0      0      0      0      0      0      0      0      0      0      0      0      0      0      0      0      0      0      0      0      0      0      0      0      0      0      0      0      0      0      0      0      0      0      0      0      0      0      0      0      0      0      3      0      0      0      0      0      0      0      0      0      0      0      0      0      0      0      0      0      0      0      0      0      0      0      0      0      0      0      0      0      0      0      0      0      0      0      0      0      0      0      0      0      0      0      0      0      0      0      0      0      0      0
      0      0      0      0      0      0      0      0      0      0      0      0      0      0      0      0      0      0      0      0      0      0      0      0      0      0      0      0      0      0      0      0      5      0      0      0      0      0      0      0      0      0      0      0      0      0      0      0      0      0      0      0      0      0      0      0      0      0      0      0      0      0      0      0      0      0      0      0      0      0      0      0      0      0      0      0      0      0      0      0      0      0      0      0      0      0      0      0      0      0      0      0      0      0      0      0      0      0      0      0
      0      0      0      0      0      0      0      0      0      0      0      0      0      0      0      0      0      0      0      0      0      0      0      0      0      0      0      0      0      0      0      0      0      0      0      0      0      0      0      0      0      0      0      0      0      0      0      0      0      0      0      0      0      0      0      0      0      0      0      0      0      0      0      0      0      0      0      0      0      0      0      0      0      0      0      0      0      0      0      0      0      0      0      0      0      0      0      0      0      0      0      0      0      0      0      0      0      0      0      0
