\ 
\ Covariance Function Histogram Table
\ 
\ X Parameter: Stellar Mass
\ X Abbrev   : M*
\ X Units    : Msun
\ X Items    : 100         
\ 
\ Y Parameter: Mass Ratio
\ Y Abbrev   : Mp/M*
\ Y Units    : none
\ Y Items    : 100         
\ 
|col000|col001|col002|col003|col004|col005|col006|col007|col008|col009|col010|col011|col012|col013|col014|col015|col016|col017|col018|col019|col020|col021|col022|col023|col024|col025|col026|col027|col028|col029|col030|col031|col032|col033|col034|col035|col036|col037|col038|col039|col040|col041|col042|col043|col044|col045|col046|col047|col048|col049|col050|col051|col052|col053|col054|col055|col056|col057|col058|col059|col060|col061|col062|col063|col064|col065|col066|col067|col068|col069|col070|col071|col072|col073|col074|col075|col076|col077|col078|col079|col080|col081|col082|col083|col084|col085|col086|col087|col088|col089|col090|col091|col092|col093|col094|col095|col096|col097|col098|col099|
|int   |int   |int   |int   |int   |int   |int   |int   |int   |int   |int   |int   |int   |int   |int   |int   |int   |int   |int   |int   |int   |int   |int   |int   |int   |int   |int   |int   |int   |int   |int   |int   |int   |int   |int   |int   |int   |int   |int   |int   |int   |int   |int   |int   |int   |int   |int   |int   |int   |int   |int   |int   |int   |int   |int   |int   |int   |int   |int   |int   |int   |int   |int   |int   |int   |int   |int   |int   |int   |int   |int   |int   |int   |int   |int   |int   |int   |int   |int   |int   |int   |int   |int   |int   |int   |int   |int   |int   |int   |int   |int   |int   |int   |int   |int   |int   |int   |int   |int   |int   |
      0      0      0      0      0      0      0      0      0      0      0      0      0      0      0      0      0      0      0      0      0      0      0      0      0      0      0      0      0      0      0      0      0      0      0      0      0      0      0      0      0      0      0      0      0      0      0      0      0      0      0      0      0      0      0      0      0      0      0      0      0      0      0      0      0      0      0      0      0      0      0      0      0      0      0      0      0      0      0      0      0      0      0      0      0      0      0      0      0      0      0      0      6      0      0      0      7      0      0      0
      0      0      0      0      0      0      0      0      0      0      0      0      0      0      0      0      0      0      0      0      0      0      0      0      0      0      0      0      0      0      0      0      0      0      0      0      0      0      0      0      0      0      0      0      0      0      0      0      0      0      0      0      0      0      0      0      0      0      0      0      0      0      0      0      0      0      0      0      0      0      0      0      0      0      0      0      0      0      0      0      0      0      0      0      0      0      0      0      0      0      0      0      0      0      0      0      0      0      0      0
      0      0      0      0      0      0      0      0      0      0      0      0      0      0      0      0      0      0      0      0      0      0      0      0      0      0      0      0      0      0      0      0      0      0      0      0      0      0      0      0      0      0      0      0      0      0      0      0      0      0      0      0      0      0      0      0      0      0      0      0      0      0      0      0      0      0      0      0      0      0      0      0      0      0      0      0      0      0      0      0      0      0      0      0      0      0      0      0      0      0      0      0      0      0      0      0      0      0      0      0
      0      0      0      0      0      0      0      0      0      0      0      0      0      0      0      0      0      0      0      0      0      0      0      0      0      0      0      0      0      0      0      0      0      0      0      0      0      0      0      0      0      0      0      0      0      0      0      0      0      0      0      0      0      0      0      0      0      0      0      0      0      0      0      0      0      0      0      0      0      0      0      0      0      0      0      0      0      0      0      0      6      0      0      0      0      0      0      0      0      0      0      0      0      0      0      0      0      1      0      0
      0      0      0      0      0      0      0      0      0      0      0      0      0      0      0      0      0      0      0      0      0      0      0      0      0      0      0      0      0      0      0      0      0      0      0      0      0      0      0      0      0      0      0      0      0      0      0      0      0      0      0      0      0      0      0      0      0      0      0      0      0      0      0      0      0      0      0      0      0      0      0      0      0      0      0      0      0      0      0      0      0      0      0      0      0      0      0      0      0      0      0      0      0      0      0      0      0      0      0      0
      0      0      0      0      0      0      0      0      0      0      0      0      0      0      0      0      0      0      0      0      0      0      0      0      0      0      0      0      0      0      0      0      0      0      0      0      0      0      0      0      0      0      0      0      0      0      0      0      0      0      0      0      0      0      0      0      0      0      0      0      0      0      0      0      0      0      0      0      0      0      0      0      0      0      0      0      0      0      0      0      0      0      0      0      0      0      0      0      5      1      0      0      0      0      0      0      0      0      0      0
      0      0      0      0      0      0      0      0      0      0      0      0      0      0      0      0      0      0      0      0      0      0      0      0      0      0      0      0      0      0      0      0      0      0      0      0      0      0      0      0      0      0      0      0      0      0      0      0      0      0      0      0      0      0      0      0      0      0      0      0      0      0      0      0      0      0      0      0      0      0      0      0      2      0      0      0      0      0      0      0      0      0      0      0      0      0      0      0      0      0      0      0      0      0      0      0      0      0      0      0
      0      0      0      0      0      0      0      0      0      0      0      0      0      0      0      0      0      0      0      0      0      0      0      0      0      0      0      0      0      0      0      0      0      0      0      0      0      0      0      0      0      0      0      0      0      0      0      0      0      0      0      0      0      0      0      0      0      0      2      0      0      0      0      0      0      0      0      0      0      0      0      2      3      0      0      0      0      1      0      0      0      1      0      0      0      0      0      0      0      0      3      0      0     11      0      0      0      0      0      0
      0      0      0      0      0      0      0      0      0      0      0      0      0      0      0      0      0      0      0      0      0      0      0      0      0      0      0      0      0      0      0      0      0      0      0      0      0      0      0      0      0      0      0      0      0      0      0      0      0      0      0      0      0      0      0      0      0      0      0      0      0      0      0      0      0      0      0      0      0      0      0      0      0      0      0      1      0      0      0      0      0      0      0      0      0      5      0      0      0      1      0      0      0      0      0      0      0      0      0      0
      0      0      0      0      0      0      0      0      0      0      0      0      0      0      0      0      0      0      0      0      0      0      0      0      0      0      0      0      0      0      0      0      0      0      0      0      0      0      0      0      0      0      0      0      0      0      0      0      0      0      0      0      0      0      0      0      0      0      0      0      0      0      0      0      1      0      0      0      0      2      0      0      0      0      0      2      0      0      0      0      0      0      0      0      0      0      0      0      0      0      0      0      0      0      0      0      0      0      0      0
      0      0      0      0      0      0      0      0      0      0      0      0      0      0      0      0      0      0      0      0      0      0      0      0      0      0      0      0      0      0      0      0      0      0      0      0      0      0      0      0      0      0      0      0      0      0      0      0      0      0      0      0      0      0      0      0      0      3      0      0      3      0      0      0      0      0      0      0      0      0      0      0      1      0      0      0      0      0      0      0      0      0      0      0      0      0      0      0      1      0      0      0      0      0      0      0      0      0      0      0
      0      0      0      0      0      0      0      0      0      0      0      0      0      0      0      0      0      0      0      0      0      0      0      0      0      0      0      0      0      0      0      0      0      0      0      0      0      0      0      0      0      0      0      0      0      0      0      0      0      0      0      0      0      3      0      0      0      0      0      0      0      0      0      0      0      0      0      0      0      0      0      0      7      0      0      0      1      0      3      0      0      0      1      0      1      0      0      0      4      0      0      0      0      3      0      0      0      0      0      0
      0      0      0      0      0      0      0      0      0      0      0      0      0      0      0      0      0      0      0      0      0      0      0      0      0      0      0      0      0      0      0      0      0      0      0      0      0      0      0      0      0      0      0      0      0      0      0      0      0      0      0      0      0      0      0      0      0      0      0      0      0      0      0      0      0      0      0      0      0      0      0      0      8      0      0      0      0      0     13      0      0      0      0      0      0      0      0      0      0      0      5      0      0      0      0      0      0      1      0      0
      0      0      0      0      0      0      0      0      0      0      0      0      0      0      0      0      0      0      0      0      0      0      0      0      0      0      0      0      0      0      0      0      0      0      0      0      0      0      0      0      0      0      0      0      0      0      0      0      0      0      0      0      0      0      0      0      0      6      0      0      0      0      0      0      0      0      0      0      0      0      0     11      0      2      0      0      1      9      0      7      0      1      0      0      0      0      0      7      0      0      0      0      0     10      0      0      0      0      0      0
      0      0      0      0      0      0      0      0      0      0      0      0      0      0      0      0      0      0      0      0      0      0      0      0      0      0      0      0      0      0      0      0      0      0      0      0      0      0      0      0      0      0      0      0      0      0      0      0      0      0      0      3      0      0      0      0      0      0      0      0      0      0      0      0      0      1      0      0      0      0      0     12      0      2     15      6      0      0      0      0      2      0      0      0      0      0      0      0      0      1      0      0     10      0      0      0      0      0      0      0
      0      0      0      0      0      0      0      0      0      0      0      0      0      0      0      0      0      0      0      0      0      0      0      0      0      0      0      0      0      0      0      0      0      0      0      0      0      0      0      0      0      0      0      0      0      0      0      0     12      4      0      0      0      0      0      0      0      0      7      0     12      0      1      0      1      0      0      2      0      0      7      0     14      0     20      5      0      3      0      0      2      4      0      0      6      4      0      2      0      4      0      1      0      0      0      7      6      5      0      0
      0      0      0      0      0      0      0      0      0      0      0      0      0      0      0      0      0      0      0      0      0      0      0      0      0      0      0      0      0      0      0      0      0      0      0      0      0      0      0      0      0      0      0      0      0      0      0      0      0      5      0      0      0      3      0      0      0      0      0      0      0      0      0      4      0      0      8      0      0      4      2      2      3      9      2      1      0      0      0      0      0      2      0      0      2      6      0      0      0      0      2      0      0      0      5      0     10      0      0      0
      0      0      0      0      0      0      0      0      0      0      0      0      0      0      0      0      0      0      0      0      0      0      0      0      0      0      0      0      0      0      0      0      0      0      0      0      0      0      0      0      2      0      0      0      0      0      0      2      0      3      7      0      0      0      0      2      0      0      8      0      0      1      9      6      3      2      3      2      0      0      2      2      0     15      1      0      0      5      0      0      0      1      2      0      0      0      1      8      0      2      0      0      0      0      0      0      0      0      0      0
      0      0      0      0      0      0      0      0      0      0      0      0      0      0      0      0      0      0      0      0      0      0      0      0      0      0      0      0      0      0      0      0      0      0      0      0      0      0      0      0      0      0      0      5      0      0      6      0      0      0      0      4      2      6      3      3      5      1     12      0      0      2     15      0      1     14      0      4      3      1      0      0      5      5      1      0      3      0      0      0      7      5      0      0      2      0      3      1      0      0      0      0      0      0      0      0      0      0      0      0
      0      0      0      0      0      0      0      0      0      0      0      0      0      0      0      0      0      0      0      0      0      0      0      0      0      0      0      0      0      0      0      0      0      0      0      0      0      0      0      0      0      0      0      0      0      0      0      6      3      0      4      0      0      7      0      6      0      5      1      1      0      5      1      7      0      0      7      3      4      1      6     11      2      7      0      0      1      0      6      0      0      0      6      3      7      3      0      8      1      0      0      0      0      0      0      0      0      0      0      0
      0      0      0      0      0      0      0      0      0      0      0      0      0      0      0      0      0      0      0      0      0      0      0      0      0      0      0      0      0      0      0      0      0      0      0      0      0      0      0      0      0      0      0      0      0      0      0      0     17      0      0      0      0      8      0      6      3      0      5      4      6      2      0      0      1      6     11     11      9     12      4      2      3      0      0     13      7      0      4      0      4      0      2      3      2      0      1      0      0      9      0      0      0      0      0      0      0      0      0      0
      0      0      0      0      0      0      0      0      0      0      0      0      0      0      0      0      0      0      0      0      0      0      0      0      0      0      0      0      0      0      0      0      0      0      0      0      0      0      0      0      0      0      4      0      1      0      4      0      1      0      0      8      2      1      0     11      0      5      4     16      7     20     23      0      4      3      5      7      8      0      5      3     13      5      0     25      2      5      2      8      0     10      2      5      0      0      0      2      0      0      0      0      0      0      0      0      0      0      0      0
      0      0      0      0      0      0      0      0      0      0      0      0      0      0      0      0      0      0      0      0      0      0      0      0      0      0      0      0      0      0      0      0      0      0      0      0      0      0      3      0      0      0      0      4      0      8      0     13      3      6      0      7      3      4      7      4      0      0      2      0      2      1      5      0      3      9      6     10     15      5     11      6      3      5     24     12     15     13      0      0      8      5     10      2      1      0      0      4      0      0      1      3      0      0      0      0      0      0      0      0
      0      0      0      0      0      0      0      0      0      0      0      0      0      0      0      0      0      0      0      0      0      0      0      0      0      0      0      0      0      0      0      0      0      0      0      0      0      0      2      0      0      0      0      0      3      0      0      3      5     18     13      0      0      7      0      3     15     12     21      3      1      6     38     30     16      5     43     14      2      1     13     11     11     18      0      2      9      4     18      1      0      4      2      4      4      0      1      0      0      0      0      0      0      0      1      0      0      9      0      0
      0      0      0      0      0      0      0      0      0      0      0      0      0      0      0      0      0      0      0      0      0      0      0      0      0      0      0      0      0      0      0      0      0      0      1      0      0      0      0      0      0      0      0      5      3      0      2      8      9      7     13      3      0      0     10     21      7     28     30     27     27      2      3     17     23      6      9      8     16      9      5      0      0      4      6     12      0      0      3      5      0     25      4      0      6      0      0      2      2      0      0      0      0      0      0      0      0      0      0      0
      0      0      0      0      0      0      0      0      0      0      0      0      0      0      0      0      0      0      0      0      0      0      0      0      0      0      0      0      0      0      0      0      0      0      0      0      0      0      0      2      5      1      7      1      7      4      0     12      8      6      2      6     21      9     19      8      9     21      5      5      4     38      7     25     15     17     15     16      6     10     27     19      1     12     22      5     28      3      0      0      1      5      0      4      6      3      4      0      0      0      0      0      0      0      0      0      0      0      0      0
      0      0      0      0      0      0      0      0      0      0      0      0      0      0      0      0      0      0      0      0      0      0      0      0      0      0      0      0      0      0      0      0      0      0      0      0      0      0      0      0      0      0      5      1      0      2      3      5      3      1     11      4      3     20      9     13     13     11      3     20     18     14     19     12     21      4     38     19      7      3      3     12     13     34     17      8     28      1      3     16      4     19      0      0      3      0      0      0      0      0      0      0      3      0      0      0      0      0      0      0
      0      0      0      0      0      0      0      0      0      0      0      0      0      0      0      0      0      0      0      0      0      0      0      0      0      0      0      0      0      0      0      0      0      0      0      0      1      0      4      0      0      0      1      4     22      1      0     14     12     24     22     12     25     12      7      6      7      9     18     44     33      2     12     11     11     29      7     24     17     28     17      0     35      7     16      4      9     11      3      0      0      9      0      8      0      3      0      0      0      0      2      0      0      0      0      0      0      0      0      0
      0      0      0      0      0      0      0      0      0      0      0      0      0      0      0      0      0      0      0      0      0      0      0      0      0      0      0      0      0      0      0      0      0      0      0      1      6      6      0      0      0      7      7      3      1     10      4     10     14     17     13      8      5     37     19     40     19     18      8     31     23     38     28      4     43     21     26     23     48     27      6      4     12     32      5     13     15      9      7     16      6     20      9      2      0      5      0      0      0      0      0      0      0      0      0      0      0      0      0      0
      0      0      0      0      0      0      0      0      0      0      0      0      0      0      0      0      0      0      0      0      0      0      0      0      0      0      0      0      0      1      0      0      0      0      0      6      8      0      7      5      3      1      0     14      1     16     22     24     19     13     20     31     21     16     10     34     30     59     30     16     48     19     53     25     37     35     20     14     23     23     46      6     24      9      1     21      2     30      3     27     13      0      0      0      1      0     10      0      0      0      0      0      0      0      0      0      0      0      0      0
      0      0      0      0      0      0      0      0      0      0      0      0      0      0      0      0      0      0      0      0      0      0      0      0      0      0      0      8      0      0      0      0      0      0      0      2      0      7      1      2      8      5     25      8     12     21     31     12     14     17     37     22     47     21     47     43     51     14     27     41     21     66     11     23     13     35     10      2     26      9     14     15     32     29     13     29      5      2     13      2      0      0     10      2      6      0      0      7      0      0      2      0      0      0      0      0      0      0      0      0
      0      0      0      0      0      0      0      0      0      0      0      0      0      0      0      0      0      0      0      0      0      0      0      0      0      0      0      0      0      0      0      0      9      0      1      1      2      8      9      2     11      5     16     21     16     10     18     25     23     29     29     28     67     34     66     37     25     44     63     33     28     56     55     43     27     68     25     30     26     16     23     16     10     20      2      7     10      8      0     20      5      5      0      1      0      0      1     11      0      0      0      0      0      0      0      0      0      0      0      0
      0      0      0      0      0      0      0      0      0      0      0      0      0      0      0      0      0      0      0      0      0      0      0      0      0      0      0      0      0      0      0      0      0      0      0      1      0      0     12      3      7     24      6      6     13     10     25     50     14     47     48     20     50     18     26     31     35     28     55     24     44     14     48     26     50     22     35     44     22      8     50     21     29     19     14      1      7      1      3     16      9     10      0      0      0      1     20      3      0      0      1      0      0      0      0      0      0      0      0      0
      0      0      0      0      0      0      0      0      0      0      0      0      0      0      0      0      0      0      0      0      0      0      0      0      0      0      0      0      0     11      0      0      2      0      9      0      7     13      4     18     16     15      6      7     19     30     45     35     29     42     44     32     30     31     21     63     52     33     37     72     53     62     44     31     28     22     44      8     13     21     11     27     19     15     12     16      2      9      7      0      2      2     12      0      0      0      0      0      0      0      0      0      0      0      0      0      0      0      0      0
      0      0      0      0      0      0      0      0      0      0      0      0      0      0      0      0      0      0      0      0      0      0      0      0      0      0      3      0      0      0      0      5      0      5      7      4      2     12     11     21      6     24      9     24     12     37     24     28      8     22     26     44     80     39     69     39     72     46     40     56     67     58     50     49     58     33     61     26      6     18      6      8      8     16     28      3      2      1      1      6      0      6      1      1      0      1      0      0      0      0      0      0      0      0      0      0      0      0      0      0
      0      0      0      0      0      0      0      0      0      0      0      0      0      0      0      0      0      0      0      0      0      0      0      0      0      0      1      0      0      0      0      1      0      0      3     19      8      8      2     16     25     14     22     38     22     22     24     12     28     68     31     49     74     25     41     80     62     47     34     44     46     27     23     24     37     49     37     45     23     26     21      5     44     18     17      4      3      8      3      0      0      2      7      6      1      0      1      0      0      0      0      0      0      0      0      0      0      0      0      0
      0      0      0      0      0      0      0      0      0      0      0      0      0      0      0      0      0      0      0      0      0      0      0      0      0      4      0      0      0      0      1      2      0      0     13     16     17      0     26     30     17     47      6     26     17     26     49     51     39     61     85     93     73     50     57     49     55     39     75     69     50     65     41     15     55     67     44     66     62     46     22      9     21     24      7      4     10      1      3     10      9     16      0      0      2      0      4      0      0      0      0      0      0      0      0      0      0      0      0      0
      0      0      0      0      0      0      0      0      0      0      0      0      0      0      0      0      0      0      0      0      0      0      0     10      0      2     14      1      9      2      2      0      0      8     15     13     16     17     22     20     12     18     18     36     34     29     65     43     52     74    103     59     52     62     90     65     51     61     90     31     54     42     65     72     26     19     44     23     27     56     13      9     32     15     10      7     13      1      7      0      4      1      8      8      1      0      0      1      0      0      0      0      0      0      0      0      0      0      0      0
      0      0      0      0      0      0      0      0      0      0      0      0      0      0      0      0      0      0      0      0      0      0      0      0      0      2      2      0      0      1      6      6     11      5      5      5     11     10     17     17     22     40     61     24     26     99     64     57     85     56     17     89     69     40     56     83     88     75    116     48     76     36     72     40     50     46     39     44     23     50      3     13     11     29      9      8      8      7     11      1     22      1      0      2      0      2      0      0      0      4      0      0      0      0      0      0      0      0      0      0
      0      0      0      0      0      0      0      0      0      0      0      0      0      0      0      0      0      0      0      0      0      0      0      0      7      0      4      1      0      3      2      0      7     15     13      9     20      6     19     37     27     37     60     47     42     78     74     95     89     47     59     62     92     62     59     92     54     86     65     39     65     75     59     75     13     34     39     49     76     18      4     18      5      6     13      2      0     10      1      0      0      0      4      2      5      0      0      3      0      0      0      0      0      0      0      0      0      0      0      0
      0      0      0      0      0      0      0      0      0      0      0      0      0      0      0      0      0      0      0      0      0      0      0      3      0      0      0      1      9      1      8      0     23     16     31     21     25     25     70     28     46     32     53     42     37     60    119     57     40     50    145     73     49     70     42     86     55     90     80     79     51     49     69     50     60     22     16     22     17     24      8     33     11     13      9     22     13      1      0     22      0      0      0      0      0      0      0      0      0      0      0      0      0      0      0      0      0      0      0      0
      0      0      0      0      0      0      0      0      0      0      0      0      0      0      0      0      0      0      0      0      0      1      0      1      0      4      0      0      0     11      0     11     27      4     15     21     11     87     59     48     55     63     57     91     71     69     31     74    113     26    108     63    129     89    105    128     85    134     52     66     37     23     56     87     36     45     51     70     21      5     11      7      8     20      5     20     16      2      3      0      0      0      0      0      0      0      0      0      0      0      0      0      0      0      0      0      0      0      0      0
      0      0      0      0      0      0      0      0      0      0      0      0      0      0      0      0      0      0      0      0      0      0      0      0      0      0      0      5      0      8     17     14     15     10     19     40     21     53     63     60     60     54     36     43     91     85     55     95    104    139     67     83     67     86     66     88     69    112     64     46     76     87     70     61     55     47     18     21     14     47     24     39     41      5      5      0      7      0      7      1      0      0      0      0      0      0      0      0      0      0      0      0      0      0      0      0      0      0      0      0
      0      0      0      0      0      0      0      0      0      0      0      0      0      0      0      0      0      0      0      0      0      0      1      2      0      0      5      8      5     13     11     21      6     10     35     24     89     52     54     63     84     65     71     65     47    151     75     54    101    133     49     70     71     97     62     40     66     48     77     59     98    122     45     32     58     44     25     30     17     13     14     18     30     12      1      4      6      0      0      0      0      0      0     18      0      0      0      0      0      0      0      0      0      0      0      0      0      0      0      0
      0      0      0      0      0      0      0      0      0      0      0      0      0      0      0      0      0      0      0      0      0      5      0      0      0      1     12     33      0      4     18     15     16     32     43     29     19     20     47     85     67     47     79     96     63     51     57    155     80    108    115    111    100    117     82     98     62    106     80     17     91    101    111     66     20     44     15     26     16     10     32      2     14     14      4      2      0      0      0      0      0      0      0      0      0      3      0      0      0      0      0      0      0      0      0      0      0      0      0      0
      0      0      0      0      0      0      0      0      0      0      0      0      0      0      0      0      0      0      0      0      0      0      2      0      8      3      2      6      5     19     23      9     26     39     27     57     63      8     82     43     67     72     89     82     77    113     68     91    129    131     86    127    154    103    107    102     88     63     66     49     57     81     56     20     59     18     45     38     11     14     11      5     28     11     19      2     13      0      0      2      0      0      0      0      0      0      0      3      0      0      0      0      0      0      0      0      0      0      0      0
      0      0      0      0      0      0      0      0      0      1      0      0      0      0      0      0      0      0     12      0      0      0      9      0      2      2     15      0     25     20     23     17     29     20     70     37     14     93     52     78     76     56     99    105     68    114    127    113    133    108    136    108     78     42    139     94    112     85     49     65     38     63     56     59     58     26     41     30      3     15      6      9      0      9      0      2      0      8      2      0      1      0      0      0      0      0      0      0      0      0      0      0      0      0      0      0      0      0      0      0
      0      0      0      0      0      0      0      0      0      0      0      0      0      0      0      0      0      0      0      0      7      0      0      1      1      2     20      5     12      8     35     40     36     34     49     39     46    101     29     40     62     51     73     66    111     94     65    121     76    109    163     90    121    137     99     65     93     95     78     72     45     28     30     37     37      9     11      8      0     11     11     34      8      0      8      0      0      0      0      0      5      0      0      0      0      0      0      0      0      0      0      0      0      0      0      0      0      0      0      0
      0      0      0      0      0      0      0      0      0      0      0      0      0      0      0      0      0      1      3      2      9      0      0      0      6      8     10      3     16     10     24     40     21     29     13     65     41     54     30     66    106     86     87    127    133    153    114    142    116    100    116    126    115     66    114     38    110     50     49     44     21     25     67     14     25     14     31     15     30     11     10      0      1      0      1      7      0      2      1      0      2      0      0      0      0      2      0      0      0      0      0      0      0      0      0      0      0      0      0      0
      0      0      0      0      0      0      0      0      0      0      0      0      0      0      0      0      0      0      4      0      0      7      0      3      6      3     22      8     49     17     16     44     28     29     82     85     64     76     87     75     70    133    131    117    112    108     71     82    187    143    155    102     92    119    146     77     46     96     46     36     69     43     49     23     40     32     42     10      4     12      7      1      7      6      1      0      0      9      0      0      0      0      0      0      0      0      0      0      0      0      0      0      0      0      0      0      0      0      0      0
      0      0      0      0      0      0      0      0      0      0      0      0      0      0      0      0      0      2      2      0      1      5     11     11      9     29     13     27     20     13     16     16     49     79     62     39     61     93     93     79    123     72     56    103     95     95    131     75    121    120    105    107     77     82    122     62     85     57     87     40     25     22     18     34     15      6     39     16     27     10     10      5      1      8      2      3      0      0      4      0      0      0      0      0      0      0      0      0      0      0      0      0      0      0      0      0      0      0      0      0
      0      0      0      0      0      0      0      0      0      0      0      0      0      0      0      0      0      1      0      2      0      1      6      3      9      8     15     13     42     29     41     37     37     70     83     63     83    100     74     69     88     64     93     58    107     91    214    113    112     78     97     96     87    101     54     92     39     47     27     35     47     59     33     18     25      5      6      5      7      6      4      4      0      0      0      2      1      0      0      0      1      0      0      0      0      0      0      0      0      0      0      0      0      0      0      0      0      0      0      0
      0      0      0      0      0      0      0      0      0      0      0      0      0      2      1      0      0      2      3     15      3      0      3     11     15     15     26     29     26     13     17     21     44     31     61     81     50     78     79     83     81    133    121     66    131     50    106    101    126     99     71     77     97    126     80     60     51     32     88     34     11     22     49     21     20     12      4      0      1      4      6      0      0      0      8      0      0      0      2      0      0      0      0      0      0      0      0      0      0      0      0      0      0      0      0      0      0      0      0      0
      0      0      0      0      0      0      0      0      0      0      0      0      0      0      0      0      0      6      6      2      0      4      3     16     11      6     23      8     28     46     49     19     52     77     64     82     83     41    125     44    101     72    115     60     92     86    150     59     99     87     69    111     70     69     59     63     64     62     63     49     31     39     14     21     31     12      9      7      1      0      0      0      0      2      0      0      8      0      0      0      0      0      0      0      0      0      0      0      0      0      0      0      0      0      0      0      0      0      0      0
      0      0      0      0      0      0      0      0      2      0      0      3      0      0      0      2      0      0      0      0      5      0      8      9      2     31     27     23     17     33     24     43     24     49     52     63     67    138    107     45     63     69    137     84    127     72    124    115     90    107     95     90     68     52     51     38     54     45     35     41     37     40     26     20      3      6      0      2      0      0      1     10      0      3      0      0      0      1      0      0      0      0      0      0      0      0      0      0      0      0      0      0      0      0      0      0      0      0      0      0
      0      0      0      0      0      0      0      0      0      0      0      0      1      0      3      0      0      1      5      9     13      4      0      5     10     16     12     13     30     30     24     69     19     27     16     83    112     74    117     65     80    114    160    102     56     74    114     84     78    105     76     90     70     61     64     47     62     32     22     19     24     18     18     18     19      3      0     20      4      9     11     11      0      0      0      0      5      1      0      0      0      0      0      0      0      0      0      0      0      0      0      0      0      0      0      0      0      0      0      0
      0      0      0      0      0      0      0      0      0      0      0      0      0      0      3      0      4      0      6      1      9     18      3     10     14     18      3     28     25     48     40     39     47     47     62     77     77     65     98     64     91     71     76     87    191    125     89    117     37    106     85    148     95     54     38     44     24     47     40     26     17     63     27     15      8      2      7      2      2      1      0      1      0      0      1      0      9      0      0      0      0      0      0      0      0      0      0      0      0      0      0      0      0      0      0      0      0      0      0      0
      0      0      0      0      0      0      0      0      0      5      0      5      0      0      3      0      0      0      3      0      0      5      1      8      4     29     13     21     23     12     28     55     54    103     58     93     31     86     51    112    119     86     74     64    132     94    101     93     81     94     27     41    107     45     29     39     29     88     13     50     26     16     13      9      4     11     10      9      0      0      0      0      0      0      0      0      0      0      0      0      0      0      0      0      0      0      0      0      0      0      0      0      0      0      0      0      0      0      0      0
      0      0      0      0      0      0      0      0      0      0      0      0      0      0      0      1      0      3      6     15      6      4     21      9      7     13     13     31     14     14     60     25     45     53     26     87     64     64     79     99     61     51    123     97     75     85     68     63     59     77     62     31     42     58     54     23     52     16     42     21     21     10      9      0      5      8     18      7      8      2      6      0      0      0      0      0      0      0      0      0      0      0      0      0      0      0      0      0      0      0      0      0      0      0      0      0      0      0      0      0
      0      0      0      0      0      0      0      0      0      0      0      0      0      0      3      0      0      0      2      2     16     21     11     19     12     19     12     15     27     37     60     31     33     49     49     58     71    121     62     57    126     94     54    103     92     48     98     91     88     60     34     72     37     49     35     32      6     33     44     15     12      4      0      1     10      4      3      7      3      3      0      0      0      0      0      0      0      0      0      0      0      0      0      0      0      0      0      0      0      0      0      0      0      0      0      0      0      0      0      0
      0      0      0      0      0      0      0      0      0      0      0      0      0      0      7      0      0      0      0      0      0      4     19     13     31     18     33     24     35     27     15     29     83     49     72     84     50     94    118     72     75     82     61     60     87    107     56     67     41    124     78     59     35     53     35     13     50     24     21      6     24      8      5      3      0      0      5      0      1     16      0      0      0      0      0      0      0      0      0      0      0      0      0      0      0      0      0      0      0      0      0      0      0      0      0      0      0      0      0      0
      0      0      0      0      0      0      0      0      0      0      0      0      0      0      0      2      0      9      0      3     15     12     14      0     23     31     20     33     20     74     62     25     79     43     62     46     86     60     44     88     44     70     91     35     83    104     52     67     62     38     52     13     39     20     31     24     10      1     15      5     15      9      0      1      2      0      4      0      1      8      0      4      0      0      0      0      0      0      0      0      0      0      0      0      0      0      0      0      0      0      0      0      0      0      0      0      0      0      0      0
      0      0      0      0      0      0      0      0      0      0      0      0      0      3      3      5      3      0      0      0      1     12     10     12     39     34     21     20     20     37     36     23     47     42     56     61     43     53    119     46     71     70     59     53     36     24     79     51     56     67     69     28     23     46     11     14     34      6      4     12      5      7      3      5      5      0      5      0      0     22      0      0      0      0      0      0      0      0      0      0      0      0      0      0      0      0      0      0      0      0      0      0      0      0      0      0      0      0      0      0
      0      0      0      0      0      0      0      0      0      0      0      0      2      1      0      0      0      4      9      9      7      8      2     17     26     20     44     13     21     20     30     51     20     22     67     54     61     38     21     66     42     73    120     44     56     56     27     39     72     17     14     44     25      8     24     16     20      8      7     17      2      2      1     10      0      0      3      0      0      0      0      0      0      0      0      0      0      0      0      0      0      0      0      0      0      0      0      0      0      0      0      0      0      0      0      0      0      0      0      0
      0      0      0      0      0      0      0      0      0      0      0      0      0      2      0      4      6      4     14     14      3     16     17     36     21     13     15     27     31     63     26     42     78     67     17     51     57     54     76     37     92     63     64     40     37     53     52     83     66     35     12     39     10     24     20     19      5      5      5     11      0      0      0      8      5      0      0      0      0      0      0      0      0      0      0      0      0      0      0      0      0      0      0      0      0      0      0      0      0      0      0      0      0      0      0      0      0      0      0      0
      0      0      0      0      0      0      0      0      0      0      0      0      0      3      0      0      8      5      0      5     17      4      0     19     20     19     37     17     19     16     39     17     62     71     33     38     78     35     70     55     46     76     72     86     26     24     47     39     30     36     25     34     29     13     20     15     17      0      1      3      0      6      2      1      0      0      0      0      0      0      0      0      0      0      0      0      0      0      0      0      0      0      0      0      0      0      0      0      0      0      0      0      0      0      0      0      0      0      0      0
      0      0      0      0      0      0      0      0      0      0      0      2      0      0      0      0      0      0     15      5      3      5     16     28     24     23     11     33      3     44     43     29     68     55     30     37     62     42     52     37     61     46     34     39     24     24     49     15     15     60     26     12     19     22     11      0     11      7      0      6      3      0      0      0      0      0      0      0      0      0      0      0      0      0      0      0      0      0      0      0      0      0      0      0      0      0      0      0      0      0      0      0      0      0      0      0      0      0      0      0
      0      0      0      0      0      0      0      0      0      1      5      0      0      4      0      0      0      0     10      4     11      0      9      8     18     17      4     31      2     17     19     31     59     18     17     40     30     19     65     30     40     22     34     20     26     10     40      6     55     24     18     33     16      4      1      2     12      9      1      4      3      4      1      0      4      0      0      0      0      0      0      0      0      0      0      0      0      0      0      0      0      0      0      0      0      0      0      0      0      0      0      0      0      0      0      0      0      0      0      0
      0      0      0      0      0      0      0      0      0      0      0      0      3      0      0      0      0      0     16      0      9      3      9     12      1      3     28     16      8     16     20     47     40     29     48     26     32     23      4      6     30     39     19     35     33     24     17     30     19     10      0     18     14     11      6      0     17      6      1      0      0      0      0      0      0      0      0      0      0      0      0      0      0      0      0      0      0      0      0      0      0      0      0      0      0      0      0      0      0      0      0      0      0      0      0      0      0      0      0      0
      0      0      0      0      0      0      0      0     10      0      1      1      0      0     13      4      0      4      2      0      1      2      1      6     14     21     12     13     17     17     13     45     24     44     30     23     11     28     29     18     11     14     21     13     24     17     30     16     13      5     39      4      0      0      0      5      0      3      9      0      0      1      0      0      0      0      0      0      0      0      0      0      0      0      0      0      0      0      0      0      0      0      0      0      0      0      0      0      0      0      0      0      0      0      0      0      0      0      0      0
      0      0      0      0      0      0      0      0      0      0      1      0      0      0      5      0      0      7      9      4     23      6     22      0     13     25     14     21     12     36     17      8     22     21     59      7     31     20     31     48     13     15      0     12     30     22      6     18     12      6      8      9     32      8      4      0      1      7      0      0      0      0      0      0      0      0      0      0      0      0      0      0      0      0      0      0      0      0      0      0      0      0      0      0      0      0      0      0      0      0      0      0      0      0      0      0      0      0      0      0
      0      0      0      0      0      0      0      0      2      0      0      1      0      0      2      0      0      1      0     11      5      6     30      5      5     24     20     36     10     27      8      7     13     16     29      9     47     35     26     26     26     18     32     18      4     16     35     11      5     10     10      6      2      1      0      9      7      2      0      0      2      0      0      1      0      0      0      0      0      0      0      0      0      0      0      0      0      0      0      0      0      0      0      0      0      0      0      0      0      0      0      0      0      0      0      0      0      0      0      0
      0      0      0      0      0      0      0      0      0      0      0      0      2      8      0      0      3     13      0      8      5     10      1      9      4     36     26      6     20      1     34     14     15     20     21     52      8     15     34     17      0     10      7     11     20      2     23      6      0      2      2     17      5      3      0      0      0      9      0      0      0      0      0      0      0      0      0      0      0      0      0      0      0      0      0      0      0      0      0      0      0      0      0      0      0      0      0      0      0      0      0      0      0      0      0      0      0      0      0      0
      0      0      0      0      0      0      0      0      7      0      0      0      0      0      0      0      0      0      6      0      0      6      1      2     27     12     23      8      6      6     11     22     10     11     12     16     16     15     18     40     21     13     12      3      0      4      8      1      3      2      2     10      5      1      0      0      1      0      0      0      0      0      0      0      0      0      0      0      1      0      0      0      0      0      0      0      0      0      0      0      0      0      0      0      0      0      0      0      0      0      0      0      0      0      0      0      0      0      0      0
      0      0      0      0      0      0      0      0      0      0      0      0      0      0      0      0      2      0      0      2      7      0     13     24      7     17      3      0     24     13     10     14     12      5     19     11     21      9     23     20     26     16      1      1      7     11     10      3      0     12      0      6      4      0      3      4      0      0      0      0      5      0      0      0      0      0      0      0      0      0      0      0      0      0      0      0      0      0      0      0      0      0      0      0      0      0      0      0      0      0      0      0      0      0      0      0      0      0      0      0
      0      0      0      0      0      0      0      0      0      0      0      0      0      0      0      3     11      0      0      3      0      0      3      1      2      8      6      4     20     23     22      6     18     15     16      9     46      7     34      8      1     12      7      9      6     16      5      0      0      8      0      0      5      0      0      1      0      0      0      0      0      0      0      0      0      0      0      0      0      0      0      0      0      0      0      0      0      0      0      0      0      0      0      0      0      0      0      0      0      0      0      0      0      0      0      0      0      0      0      0
      0      0      0      0      0      0      0      0      0      0      0      0      0      0      0      1      0      9      0      1      9      3      2      1      0      3      2     28     16      1     10     14     38      9      8      0     21      8      8      8     17     14      5      1      1      2     15      0      0      0      3      0      2      0      0      0      0      0      0      0     15      0      0      0      0      0      0      0      0      0      0      0      0      0      0      0      0      0      0      0      0      0      0      0      0      0      0      0      0      0      0      0      0      0      0      0      0      0      0      0
      0      0      0      0      0      0      0      0      5      0      0      0      0      0      0      0      0      0      0      0      0      3      1      8      4      0      0     24      2      9     22     12     13     17     14     29      9      3      6     20      8     15      9      1      6      2     14      3      4      0      1      0      0      0      0      0      0      0      0      0      0      0      0      0      0      0      0      0      0      0      0      0      0      0      0      0      0      0      0      0      0      0      0      0      0      0      0      0      0      0      0      0      0      0      0      0      0      0      0      0
      0      0      0      0      0      0      0      0      0      0      0      0      0      0      0      0      1      0      6      0      0      0      3      7      0      0      9      0      9     11      0      8      1      5     14     12     25      8      0     14      0      1      0      6      1      0      2      0      1      0      2      0      2      0      0      1      0      0      0      4      0      0      0      0      0      0      0      0      0      0      0      0      0      0      0      0      0      0      0      0      0      0      0      0      0      0      0      0      0      0      0      0      0      0      0      0      0      0      0      0
      0      0      0      0      0      1      0      0      0      0      0      0      3      0      0      2      0      2      8      3      0      1      6      5      0      6      3      3      0      2      2     13      9      2      0     11     19      7      0      3      0      1      0     17      0      2      0      0      0      0      0      0      0      0      0      0      0      0      0      0      0      0      1      0      0      0      0      0      0      0      0      0      0      0      0      0      0      0      0      0      0      0      0      0      0      0      0      0      0      0      0      0      0      0      0      0      0      0      0      0
      0      0      0      0      0      0      0      0      3      0      0      0      0      0      0      0      0      0      0      1      5      0      0      1     11     10      0     13     11     11      1     12      0      0     10      0      5      0      5      0      3      0      7      0      0      0      0      1      0      0      0      0      0      1      4      0      0      0      0      0      0      0      0      0      0      0      0      0      0      0      0      0      0      0      0      0      0      0      0      0      0      0      0      0      0      0      0      0      0      0      0      0      0      0      0      0      0      0      0      0
      0      0      0      0      1      0      0      0      0      0      0      0      0      0      0      0      0      0      0      3      1      0      7      0      0      0      0      6      3      0      1      1      4      3      3     11      5     11      0      3      0      3      0      0      0      4      0      0      0      0      0      0      0      0      0      0      0      0      0      0      0      0      0      0      0      0      0      0      0      0      0      0      0      0      0      0      0      0      0      0      0      0      0      0      0      0      0      0      0      0      0      0      0      0      0      0      0      0      0      0
      0      0      0      0      8      0      0      0      1      0      0      0      0      0      0      0      0      0      0      5      1      0      0      0      7      5      0      1      0      4      0      2      5     19      0     10      4      0      0      5      3     10     18      0      0      0      1      0      0      8      2      0      1      0      0      0      0      0      0      0      0      0      0      0      0      0      0      0      0      0      0      0      0      0      0      0      0      0      0      0      0      0      0      0      0      0      0      0      0      0      0      0      0      0      0      0      0      0      0      0
      0      0      0      0      0      0      0      0      0      0      0      0      0      5      2      0      0      0      0      0      0     13      5      6      0      1      0      0      0      9      5      0      2      5      5      2      1      0      2      5      0      0      0      0      0      2      0      0      0      0      0      0      0      0      0      0      0      0      0      0      0      0      0      0      0      0      0      0      0      0      0      0      0      0      0      0      0      0      0      0      0      0      0      0      0      0      0      0      0      0      0      0      0      0      0      0      0      0      0      0
      0      0      0      0      0      0      0      0      0      0      0      0      0      0      0      4      0      0      0      3      0      0      4      0      0      0      0      5      6      0      6      1      0     10      0      0      6      0      4      0      2      0      0      0      0      0      0      4      0      0      0      2      0      0      0      0      0      0      0      0      0      0      0      0      0      0      0      0      0      0      0      0      0      0      0      0      0      0      0      0      0      0      0      0      0      0      0      0      0      0      0      0      0      0      0      0      0      0      0      0
      0      0      0      0      0      0      0      0      0      0      0      0      0      0      0      0      0      0      1      0      0      2      0      1      0      2      0      0      8      0      0      0      0      0      6      2      6      0      0      0      4      0      0      0      4      0      5      0      0      0      0      0      0      0      0      0      0      0      0      0      0      0      0      0      0      0      0      0      0      0      0      0      0      0      0      0      0      0      0      0      0      0      0      0      0      0      0      0      0      0      0      0      0      0      0      0      0      0      0      0
      0      0      0      0      0      0      0      0      0      0      0      0      0      0      0      4      9      0      1      0      3      0      4      2      2      1      0      2      0      0      0      0      2      0      1      0      0      0      0      4      2      0      0      0      0      0      0      0      0      0      0      0      0      0      0      0      0      0      0      0      0      0      0      0      0      0      0      0      0      0      0      0      0      0      0      0      0      0      0      0      0      0      0      0      0      0      0      0      0      0      0      0      0      0      0      0      0      0      0      0
      0      0      0      0      0      0      0      0      0      0      0      0      0      0      0      0      0      5      2      1      0      0      0      4      0      0      0      0      2      0      0      0      0      0      0      0      0      1      0      0      0      0      0      6      0      0      0      0      0      0      0      0      0      0      0      0      0      0      0      0      0      0      0      0      0      0      0      0      0      0      0      0      0      0      0      0      0      0      0      0      0      0      0      0      0      0      0      0      0      0      0      0      0      0      0      0      0      0      0      0
      0      0      0      0      0      0      0      0      0      0      0      3      0      0      0      0      0      0      0      0      1      0      4      5      0      4      0      3      2      0      0      0      0      0      0      0      0      8      0     12      0      0      0      0      0      0      0      0      0      0      0      0      0      0      0      0      0      0      0      0      0      0      0      0      0      0      0      0      0      0      0      0      0      0      0      0      0      0      0      0      0      0      0      0      0      0      0      0      0      0      0      0      0      0      0      0      0      0      0      0
      0      0      0      0      0      0      0      0      0      0      0      0      0      0      0      0      0      0      0      0      0      0      0      0      2      3      0      0      0      0      2      0      7      0      0      0      0      0      0      0      0      0      0      0      0      0      0      0      0      0      0      0      0      0      0      0      0      0      0      0      0      0      0      0      0      0      0      0      0      0      0      0      0      0      0      0      0      0      0      0      0      0      0      0      0      0      0      0      0      0      0      0      0      0      0      0      0      0      0      0
      0      0      0      0      0      0      0      0      0      0      0      0      0      0      4      2      0      0      0      3      0      0      0      0      0      3      0      1      0      0      0      0      0      0      0      0      0      0      0      0      0      0      0      3      4      0      0      0      0      0      0      0      0      0      0      0      0      0      0      0      0      0      0      0      0      0      0      0      0      0      0      0      0      0      0      0      0      0      0      0      0      0      0      0      0      0      0      0      0      0      0      0      0      0      0      0      0      0      0      0
      0      0      0      0      0      0      0      0      0      0      0      0      0      0      0      0      0      0      0      1      0      0      0      0      0      0      0      2      0      0      0      0      0      0      0      0      0      0      0      0      0      0      0      0      0      0      0      0      0      0      0      0      0      0      0      0      0      0      0      0      0      0      0      0      0      0      0      0      0      0      0      0      0      0      0      0      0      0      0      0      0      0      0      0      0      0      0      0      0      0      0      0      0      0      0      0      0      0      0      0
      0      0      0      0      0      0      0      0      0      0      0      0      0      0      0      0      0      2      0      0      0      0      0      0      0     19      6     11      0      0      0      0      0      0      0      0      0      0      0      4      0      0      0      0      0      0      0      0      0      0      0      0      0      0      0      0      0      0      0      0      0      0      0      0      0      0      0      0      0      0      0      0      0      0      0      0      0      0      0      0      0      0      0      0      0      0      0      0      0      0      0      0      0      0      0      0      0      0      0      0
      0      0      0      0      0      0      0      0      0      0      0      0      0      1      0      0      2      0      0      0      0      0      0      0      0      0      0      0      0      1      0      0      0      0      0      0      0      0      0      0      0      0      0      0      0      0      0      0      0      0      0      0      0      0      0      0      0      0      0      0      0      0      0      0      0      0      0      0      0      0      0      0      0      0      0      0      0      0      0      0      0      0      0      0      0      0      0      0      0      0      0      0      0      0      0      0      0      0      0      0
      0      0      0      0      0      0      0      0      0      0      0      0      0      0      0      0      0      0      0      0      0      0      0      0      0      0      0      0      0      0      0      0      0      0      0      0      0     22      0      0      0      0      0      0      0      0      0      0      0      0      0      0      0      0      0      0      0      0      0      0      0      0      0      0      0      0      0      0      0      0      0      0      0      0      0      0      0      0      0      0      0      0      0      0      0      0      0      0      0      0      0      0      0      0      0      0      0      0      0      0
      0      0      0      0      0      0      0      0      0      0      0      0      0      0      0      0      0      0      0      0      0      0      0      0      2      0      2      0      0      0      0      0      0      0      0      0      0      0      0      0      0      0      0      0      0      0      0      0      0      0      0      0      0      0      0      0      0      0      0      0      0      0      0      0      0      0      0      0      0      0      0      0      0      0      0      0      0      0      0      0      0      0      0      0      0      0      0      0      0      0      0      0      0      0      0      0      0      0      0      0
      0      0      0      0      0      0      0      0      0      0      0      0      0      0      0      0      0      0      0      0      0      0      0      0      0      0      0      0      0      0      0      0      0      0      0      0      0      0      0      0      0      0      0      0      0      0      0      0      0      0      0      0      0      0      0      0      0      0      0      0      0      0      0      0      0      0      0      0      0      0      0      0      0      0      0      0      0      0      0      0      0      0      0      0      0      0      0      0      0      0      0      0      0      0      0      0      0      0      0      0
      0      0      0      0      0      0      0      0      0      0      0      0      0      0      0      0      0      0      0      0      0      0      0      0      0      0      3      0      1      0      0      0      0      0      0      0      0      0      0      0      0      0      0      0      0      0      0      0      0      0      0      0      0      0      0      0      0      0      0      0      0      0      0      0      0      0      0      0      0      0      0      0      0      0      0      0      0      0      0      0      0      0      0      0      0      0      0      0      0      0      0      0      0      0      0      0      0      0      0      0
      0      0      0      0      0      0      0      0      0      0      0      0      0      0      0      0      0      0      0      0      0      0      0      0      0      2      0      0      0      0      0      0      0      0      0      0      0      0      0      0      0      0      0      0      0      0      0      0      0      0      0      0      0      0      0      0      0      0      0      0      0      0      0      0      0      0      0      0      0      0      0      0      0      0      0      0      0      0      0      0      0      0      0      0      0      0      0      0      0      0      0      0      0      0      0      0      0      0      0      0
      0      0      0      0      0      0      0      0      0      0      0      0      0      0      0      0      0      0      0      0      0      0      0      0      0      0      0      0      0      0      0      0      0      0      0      0      0      0      0      0      0      0      0      0      0      0      0      0      0      0      0      0      0      0      0      0      0      0      0      0      0      0      0      0      0      0      0      0      0      0      0      0      0      0      0      0      0      0      0      0      0      0      0      0      0      0      0      0      0      0      0      0      0      0      0      0      0      0      0      0
