\ 
\ Covariance Function Histogram Table
\ 
\ X Parameter: Stellar Mass
\ X Abbrev   : M*
\ X Units    : Msun
\ X Items    : 100         
\ 
\ Y Parameter: A Priori Transit Prob
\ Y Abbrev   : PTG
\ Y Units    : none
\ Y Items    : 100         
\ 
|col000|col001|col002|col003|col004|col005|col006|col007|col008|col009|col010|col011|col012|col013|col014|col015|col016|col017|col018|col019|col020|col021|col022|col023|col024|col025|col026|col027|col028|col029|col030|col031|col032|col033|col034|col035|col036|col037|col038|col039|col040|col041|col042|col043|col044|col045|col046|col047|col048|col049|col050|col051|col052|col053|col054|col055|col056|col057|col058|col059|col060|col061|col062|col063|col064|col065|col066|col067|col068|col069|col070|col071|col072|col073|col074|col075|col076|col077|col078|col079|col080|col081|col082|col083|col084|col085|col086|col087|col088|col089|col090|col091|col092|col093|col094|col095|col096|col097|col098|col099|
|int   |int   |int   |int   |int   |int   |int   |int   |int   |int   |int   |int   |int   |int   |int   |int   |int   |int   |int   |int   |int   |int   |int   |int   |int   |int   |int   |int   |int   |int   |int   |int   |int   |int   |int   |int   |int   |int   |int   |int   |int   |int   |int   |int   |int   |int   |int   |int   |int   |int   |int   |int   |int   |int   |int   |int   |int   |int   |int   |int   |int   |int   |int   |int   |int   |int   |int   |int   |int   |int   |int   |int   |int   |int   |int   |int   |int   |int   |int   |int   |int   |int   |int   |int   |int   |int   |int   |int   |int   |int   |int   |int   |int   |int   |int   |int   |int   |int   |int   |int   |
      0      0      0      0      0      0      0      0      0      0      0      0      0      0      0      0      0      0      0      0      0      0      0      0      0      0      0      0      0      7      0      0      0      0      6      0      0      0      0      0      0      0      0      0      0      0      0      0      0      0      0      0      0      0      0      0      0      0      0      0      0      0      0      0      0      0      0      0      0      0      0      0      0      0      0      0      0      0      0      0      0      0      0      0      0      0      0      0      0      0      0      0      0      0      0      0      0      0      0      0
      0      0      0      0      0      0      0      0      0      0      0      0      0      0      0      0      0      0      0      0      0      0      0      0      0      0      0      0      0      0      0      0      0      0      0      0      0      0      0      0      0      0      0      0      0      0      0      0      0      0      0      0      0      0      0      0      0      0      0      0      0      0      0      0      0      0      0      0      0      0      0      0      0      0      0      0      0      0      0      0      0      0      0      0      0      0      0      0      0      0      0      0      0      0      0      0      0      0      0      0
      0      0      0      0      0      0      0      0      0      0      0      0      0      0      0      0      0      0      0      0      0      0      0      0      0      0      0      0      0      0      0      0      0      0      0      0      0      0      0      0      0      0      0      0      0      0      0      0      0      0      0      0      0      0      0      0      0      0      0      0      0      0      0      0      0      0      0      0      0      0      0      0      0      0      0      0      0      0      0      0      0      0      0      0      0      0      0      0      0      0      0      0      0      0      0      0      0      0      0      0
      0      0      0      0      0      0      0      0      0      0      0      0      0      0      1      2      0      0      0      0      0      0      0      0      0      0      0      0      0      0      0      0      0      0      6      0      0      0      0      0      0      0      0      0      0      0      0      0      0      0      0      0      0      0      0      0      0      0      0      0      0      0      0      0      0      0      0      0      0      0      0      0      0      0      0      0      0      0      0      0      0      0      0      0      0      0      0      0      0      0      0      0      0      0      0      0      0      0      0      0
      0      0      0      0      0      0      0      0      0      0      0      0      0      0      0      0      0      0      0      0      0      0      0      0      0      0      0      0      0      0      0      0      0      0      0      0      0      0      0      0      0      0      0      0      0      0      0      0      0      0      0      0      0      0      0      0      0      0      0      0      0      0      0      0      0      0      0      0      0      0      0      0      0      0      0      0      0      0      0      0      0      0      0      0      0      0      0      0      0      0      0      0      0      0      0      0      0      0      0      0
      0      0      0      0      0      0      0      0      0      0      0      0      0      0      0      0      0      0      0      0      0      0      0      0      0      5      0      0      0      0      0      0      8      0      0      0      1      0      0      0      0      0      0      0      0      0      0      0      0      0      0      0      0      0      0      0      0      0      0      0      0      0      0      0      0      0      0      0      0      0      0      0      0      0      0      0      0      0      0      0      0      0      0      0      0      0      0      0      0      0      0      0      0      0      0      0      0      0      0      0
      0      0      0      0      0      0      0      0      0      0      0      0      0      0      0      0      0      0      0      0      2      0      0      0      0      0      0      0      0      0      0      0      0      0      0      0      0      0      0      0      0      0      0      0      0      0      0      0      0      0      0      0      0      0      0      0      0      0      0      0      0      0      0      0      0      0      0      0      0      0      0      0      0      0      0      0      0      0      0      0      0      0      0      0      0      0      0      0      0      0      0      0      0      0      0      0      0      0      0      0
      0      0      0      0      0      0      0      0      0      0      0      0      0      0      0      1      0      0      0      0      0      0      0      0      0     11      0      0      0      3      1      0      2      0      0      3      0      0      2      0      0      0      0      0      0      0      0      0      0      0      0      0      0      0      0      0      0      0      0      0      0      0      0      0      0      0      0      0      0      0      0      0      0      0      0      0      0      0      0      0      0      0      0      0      0      0      0      0      0      0      0      0      0      0      0      0      0      0      0      0
      0      0      0      0      0      0      0      0      0      0      0      0      0      0      0      0      0      0      0      0      0      0      0      0      1      0      0      0      0      0      1      0      0      0      0      0      0      0      0      0      0      0      0      0      0      0      0      0      0      5      0      0      0      0      0      0      0      0      0      0      0      0      0      0      0      0      0      0      0      0      0      0      0      0      0      0      0      0      0      0      0      0      0      0      0      0      0      0      0      0      0      0      0      0      0      0      0      0      0      0
      0      0      0      0      0      0      0      0      0      0      0      0      0      0      0      0      0      0      0      0      0      0      0      0      0      0      0      0      2      0      1      0      0      0      0      0      0      0      0      2      0      0     12      0      0      0      0      0      0      0      0      0      0      0      0      0      0      0      0      0      0      0      0      0      0      0      0      0      0      0      0      0      0      0      0      0      0      0      0      0      0      0      0      0      0      0      0      0      0      0      0      0      0      0      0      0      0      0      0      0
      0      0      0      0      0      0      0      0      0      0      0      0      0      0      0      0      0      0      0      0      0      0      0      0      0      1      0      0      0      0      3      4      0      0      0      0      0      0      0      0      0      0      0      0      0      0      0      0      0      0      0      0      0      0      0      0      0      0      0      0      0      0      0      0      0      0      0      0      0      0      0      0      0      0      0      0      0      0      0      0      0      0      0      0      0      0      0      0      0      0      0      0      0      0      0      0      0      0      0      0
      0      0      0      0      0      0      0      0      0      0      0      0      0      0      0      0      0      3      0      0      0      0      0      0      0      0      0      4      0      0      0      0      1      0      1      0      0      1      0      0      3      0      0      0      1      0      0      9      0      0      0      0      0      0      0      0      0      0      0      0      0      0      0      0      0      0      0      0      0      0      0      0      0      0      0      0      0      0      0      0      0      0      0      0      0      0      0      0      0      0      0      0      0      0      0      0      0      0      0      0
      0      0      0      0      0      0      0      0      0      0      0      0      0      0      0      0      0      0      0      8      0      0      0      0      0      0      0      0      0      9      0      0      0      5      0      4      0      0      0      0      0      0      0      0      0      0      1      0      0      0      0      0      0      0      0      0      0      0      1      0      0      0      0      0      0      0      0      0      0      0      0      0      0      0      0      0      0      0      0      0      0      0      0      0      0      0      0      0      0      0      0      0      0      0      0      0      0      0      0      0
      0      0      0      0      0      0      0      0      0      0      0      0      0      0      0      0      0      0      0      0      9      0      0      2      0      0      1      0     18      0      1      0      0      7      0      0      0      0      0      6      0      0      0      0      0      0      0      0      0      5      0      0      0      0     10      0      0      0      0      0      0      0      0      0      0      0      0      0      0      0      0      0      0      0      0      0      0      0      0      0      0      0      0      0      0      0      0      0      0      0      0      0      0      0      0      0      0      0      0      0
      0      0      0      0      0      0      0      0      0      0      3      0      0      0      1      0      0      0      0      0      0     15      0      1      0      0      0      1      0      4      4      0      0      3      0      3      0      0      0      5      0      3      0      0      0      0      0      0      0      0      0      6      3      0      0      0      0      0      0      0      0      0      0      0      0      0      0      0      0      0      0      0      0      0      0      0      0      0      0      0      0      0      0      0      0      0      0      0      0      0      0      0      0      0      0      0      0      0      0      0
      0      0      0      0      0      0      0      0      0      0      0      0      0      0      0      0      3      0      0      2      1      7      0      0      0     22      0      2      1      0      6      4     12      5     12      0      6      8      0      0      0     21      0      2      0      0      1      0      2      0      0      0      0     14      0      0      0      0      0      0      0      0      0      0      0      0      0      0      0      0      0      0      0      0      0      0      0      0      0      0      0      0      0      0      0      0      0      0      0      0      0      0      0      0      0      0      0      0      0      0
      0      0      0      0      0      0      0      0      0      0      0      0      0      0      0      0      0      1      0      0      0     12      2      0      1      2      2      0      0      0      0      2      0      0      4      0      0      6      5      0      0      0      4      4      6      5      3      8      0      3      0      0      0      0      0      0      0      0      0      0      0      0      0      0      0      2      0      0      0      0      0      0      0      0      0      0      0      0      0      0      0      0      0      0      0      0      0      0      0      0      0      0      0      0      0      0      0      0      0      0
      0      0      0      0      0      0      0      0      0      0      0      0      0      0      0      0      0      2      0      3      1      0      0      0     13      2      5      9      2      0      0      2      0      9      2      1      0      3      0      7      0      0      0      0      2      8      8      0      0      5      3      0      1      0      0      0      0      0      0      0      0      0      1      0      0      0      0      0      0      0      0      0      0      0      0      0      0      0      0      0      0      0      0      0      0      0      0      0      0      0      0      0      0      0      0      0      0      0      0      0
      0      0      0      0      0      0      0      1      0      0      3      0      0      0      4      2      0      3      0      1      0      0      3      0      0      0      0     11      3      2      7      4      0      4     18      1     12      8      0      5      1      0      2      0      0     12      0      1      0      0      4      0      6      0      0      0      0      0      0      0      0      0      0      1      0      0      0      0      0      0      0      0      0      0      0      0      0      0      0      0      0      0      0      0      0      0      0      0      0      0      0      0      0      0      0      0      0      0      0      0
      0      0      0      0      0      0      5      0      0      0      0      0      0      0      0      0      0      0      0      1      1      0      0      0      5      0      8      0      6      3      0      9      5      7      1      5     10     11      0      0      1      0      0      0      2      1      7      2      6      2      5      0      3      8      2      0      0      0      0      0      2      0      0      0      0      0      0      0      0      1      0      0      0      0      0      3      0      0      0      0      0      0      0      0      0      0      0      0      0      0      0      0      0      0      0      0      0      0      0      0
      0      0      0      0      0      0      0      0      0      0      0      0      0      0      0      1      0      1      0      0      0      0      2      7      0      9      8      7      0      9      7      2      4     13     11      6      7      0      1      8      6     10      7      0      7      0      5      0      6      1      0      3      0      4      0      0      0      0      2      0      0      1      0      0      0      0      0      0      0      0      0      0      0      0      0      0      0      0      0      0      0      0      0      0      0      0      0      0      0      0      0      0      0      0      0      0      0      0      0      0
      0      0      0      0      0      0      0      0      0      0      4      0      0      0      0      2      0      0      0      5      6     12      0      2      0      0     14     13      5     16      5      2      5      1      0      4      2     33      0     20      8      2      0      0     13      6      8      0      9      2      2      0     10      0      0      0      5      0      0      0      0      1      0      0      0      0      0      0      0      0      0      0      0      0      0      0      0      4      0      0      0      0      0      0      0      0      0      0      0      0      0      0      0      0      0      0      0      0      0      0
      0      0      0      0      0      0      0      0      0      0      0      0      0      0      0      4      2      2      0      3      4      5      0      1      3      2      9      8     15      5      7      1      1      2      7     21     17      1      1     25     11     11      0     10      6      9      3     18      0      0      6      0      0      2      0      0      1      0      0      7      0      1      3      4      4      0      0      0      0      0      0      1      0      0      0      0      0      0      0      0      0      0      0      0      0      0      0      0      0      0      0      0      0      0      0      0      0      0      0      0
      0      0      0      0      0      0      0      0      0      3      0      0      0      0      1      7      0      0      1      2      8      0      4      6      4      3      0      4      7     10     15      1      4     19     20      7      3     35     22     23      5     13     36     16      7      8      0      0      4      5      3      2      0     12      1     13     21     15      0      0      0      0      0      0      1      1      1      0      0      0      0      0      0      0      0      0      0      0      0      0      0      0      0      0      0      0      0      0      0      0      0      0      0      0      0      0      0      0      0      0
      0      0      0      0      0      0      0      0      0      0      0      0      0      0      2      0      0      0      3      5      0      3      1      7      2      5      5      2     11      6     12      5     14     42      9      4     19      4      3     11     25     10     11      5     25      8     26      9     11      3      5     11      6     15      1      0      0      9      0      0      0     10      2      0      0      0      0      0      0      0      0      0      0      0      0      0      1      0      0      0      0      0      0      0      0      0      0      0      0      0      0      0      0      0      0      0      0      0      0      0
      0      0      0      0      0      0      0      0      0      0      0      0      3      3      0      0      0      4      5      2      4      2      3      3     11      1      2      1     38      7      4     15      8     11      5     48      1     20     20     20     12      6     42      8     20      4      8      7     12      2     13     11      6      5      4      6     11     14      0      5      2     12      0      0      0      0      0      0      0      0      0      0      0      0      0      0      0      0      0      0      0      0      0      0      0      0      0      0      0      0      0      0      0      0      0      0      0      0      0      0
      0      0      0      0      0      0      0      0      0      0      1      0      1      2      0      1      0      7      0      2      4      3      7      8      0      6      7      2     21     13     28     24     15      9     28      7     11     21      5      5     10      6     36      9     11     14      7      6     16      8     13     12      4      2      7      1      6      3      8     14      0     14      0      0      0      0      0      0      0      0      0      0      0      1      0      0      0      0      0      0      0      0      0      0      0      0      0      0      0      0      0      0      0      0      0      0      0      0      0      0
      0      0      0      0      0      0      0      0      0      0      0      1      0      0      1      0      0      4      0      3      5      3     19      1      4      1     10      5     11     32     26      2      8      8      9     17     41     12     36     25     36     13     19     18     16     10     14      8      5     13     15     12     16     14     12      5      0      0     10     18      1      3      0      0      0      0      0      0      1      0      0      0      0      0      0      0      0      0      0      0      0      0      0      0      0      0      0      0      0      0      0      0      0      0      0      0      0      0      0      0
      0      0      0      0      0      0      0      2      2      0      0      2      0      0      0      0      0      0      0      9      3      0      7      5     19     14      4      6     19     13     30     19      7     23     22     26     26     54     41     43     30      8     24      2     25     14     13     49     15     43      1      8      5      3      2      1      8      5      2     30      4      0      0      2     10     20      0      0      0      0      0      0      0      0      0      0      0      0      0      0      0      0      0      0      2      0      0      0      4      0      0      0      0      0      0      0      0      0      0      0
      0      0      0      0      0      0      0      0      0      0      0      1      0      0      0      6      0      0      9      2      3      5      0      5      2     13     32     32     25     20     20     21     11     38     36     27     40     24     54     36     44     36     36     29     35     47     16     30      8     26     13     12      2     14     12      0     13      2     21      7      8      4      8      2      2      3      0      0      0      0      0      5      0      0      0      0      0      0      0      0      0      0      0      0      0      0      0      0      0      0      0      0      0      0      0      0      0      0      0      0
      0      0      0      0      0      0      0      0      0      0      0      4      8      0      0      0      0      0      6      2      0     16      0     17     15      6     12      3     20      5     12     25     29     36     30     38     25     44     28     69     22     49     59     14     23     27     28     21     26     25     16     59     13      0      8     12      7      0      2      2     16      3      7      0     17      3      2      0      4      2      0      0      0      2      1      0      0      0      0      0      0      0      0      0      0      0      0      0      0      0      0      0      0      0      0      0      0      0      0      0
      0      0      0      0      0      0      0      0      0      0      0      1      0      0      0      3      8      5      1      7     16      2     24      1     36      6     33     16      7     22     14      7     56     31     49     64     28     58     22     23     50     79     28     27     54     39     38     19     19     34      8     42     32     21     32     15      5     15      7      2     11      6      0      6      0      4      0      0      0      5      0      4      0      0      0      0      0      2      0      0      0      1      0      0      0      0      0      0      0      0      0      0      0      0      0      0      0      0      0      0
      0      0      0      0      0      0      0      0      0      0      0      0      0      1      0      0      1      0      0      0      1     18      8     17      9      2     13     16      8     45     18      5     32     35     37     46     58     23     49     50     72     42     16     18     65     30     12     36     18     15     27     27     51     13      9      7     20     12     21      0     29      4      0      4      5     12      8      0      0      0      0      0      2      0      0      0      0      0      0      0      0      1      0      0      0      3      0      0      0      0      0      0      0      0      0      0      0      0      0      0
      0      0      0      0      0      0      0      0      0      0      0      0      0      0      0      0      9      0      0     14      2      0      1     18     13     11     15     33     25     25     32     55     37     32     27     34     52     72     17     36     41     24     39     22     50     41     20     33     44     39     17     31     40      6     20      7     14     28      1     14     11     16      3      2      2     24      3      6      3     14      0      0      0      8      0      0      0      0      0      0      0      0      0      0      0      0      0      0      0      0      0      0      0      0      0      0      0      0      0      0
      0      0      0      0      0      0      0      0      0      0      0      0      0      0      0      4      3      8      7      0      4      0      0      7     19     10     13     14     33     31     43     31     33     52     34     30     47     22     44     63     34     66     58     50     47     37     45     44     18     45     14     35     36     23      9     16     31     34      8     28      8      0      7      1      3     13      3      0     10      0      7      1      0      3      3      0      0      0      0      0      0      0      0      0      0      0      0      0      0      0      0      0      0      0      0      0      0      0      0      0
      0      0      0      0      0      0      0      0      0      1      0      0      0      0      0      0      0      0      0      1      2      8     43      2      5     19     21     18     10     14     26     30     31     39     46     26     38     53     33     36     74     34     36     77     31     51     66     31     46     23      9     14     21     33     29     10     31     36     18     39     10     26     12      9      4      3      6      0      0      0      0      0      0      0      0      0      1      0      0      0      0      0      6      0      0      6      0      0      0      0      3      0      0      0      0      0      0      0      0      0
      0      0      0      0      0      0      0      0      0      0      0      0      2      0      0     12      0      8      0      1     16     17     13     16     15     18     41     23     27     47     16     55     57     51     26     69     57     63     75     40    105     62     28     44     43     43     39     46     45     53     45     28     40     27     19     35     76     21     46     27     13      8      8     15     16      4     15     10      1      0      9      1      0      4      0      1      0      2      0      1      1      0      0      0      0      0      0      0      0      0      0      0      0      0      0      0      0      0      0      0
      0      0      0      0      0      0      0      0      0      0      0      0      1      1      2      0      0      1      7      7     10      1      0     15      7     31     41     28     36     44     45     40     33     70     65     84     52     63     78    108     39     78     45     61     27     33     43     78     26     36     68     30     39     21     41     63     33      7      3      9     10     19     13     13     11      6      9      7      0      2      3      0      2      0      0      0      1      6      0      0      0      0      0      0      0      0      0      0      0      0      1      0      1      0      0      0      0      0      0      0
      0      0      0      0      0      0      0      0      0      0      0      0      0      1      0      0     17      1      2     22      4      2      7      9      2     21     28     51     25     31     16     28     68     35     66     72     61     91     63    101     45     52     64     64     59     77     22     90     32     50     51     36     67     26     43     36     24     17     30      7     36      0      3     17     26     12      8     24     29      1     23      0      8      9      2      0      1      0      5      0      0      0      0      0      0      0      0      0      0      0      0      0      0      0      0      0      0      0      0      0
      0      0      0      0      0      0      0      0      0      2      0      0      1      1      3      0      1      4      5      0      6      7      4     15     43     24     11     24     17     30     29     56     56     15     55     52     72     94     63     60     48    121     90     93     61     30     63     55     74     68     29     47     38     51     36     28     40     35     25     27     29     22     13     22      8      3      0     45      5     10      7      0      0      4      4      0      0      0      0      0      0      0      4      0      0      0      0      0      0      0      0      0      0      0      0      0      0      0      0      0
      0      0      0      0      0      0      0      0      0      0      0      0     11      1      3      0      1      0      5      0      5     14      7     19      9      2     22     15     38     46     46     41     45     54     35    123     73     53     42     88     76     82     37     66     75     71     78     91    116     29     49     22     42     45     32     82     47     26     25     21     22     20     21      2     14      5     16      6      4      4     17      8      1     14      0      0      5      0      0      1      0      0      0      0      0      2      0      0      2      0      0      0      0      4      0      0      0      0      0      0
      0      0      0      0      0      0      0      0      0      0      0      0      0      0      0      0      3      0      4      0     13      5     23      1      3     10     60     24     21     10     34     39     26     80     57     68     61     75     84     55     83    104     63     97     53    100     69     91     85    121    109     78     48     62     74     31     32     51     21     44      6     58     30     17     30     15      0     13     17     19     19      4      0      5     11      5      2      0      3      4      2      0      0      0      0      0      0      0      0      0      0      0      0      0      0      0      0      0      0      0
      0      0      0      0      0      0      0      0      0     11      0      0      0      0      0      6      0      0      0      3     11     11     23     19      7     44     18     19     18     18     19     62     27     60     49     36    103     66     85     80     83     55    123     91     96     92     67    112     54     87     74     72     55     53     97     31     61     23     31     66     53     15     28     40      7     22      3     28     18      6      5      3      0      2      1      0      3      5      0      0      0      0      1      0      0      0      0      0      2      0      0      0      0      0      0      0      0      0      0      0
      0      0      0      0      0      0      0      0      0      0      0      0      0      0      0      6      6      5      0      0      0      5     11     14     10     30     39     39     27     46     36     63     53     70     63     92     44     37     49     97    119     72     97     62     75     95     56    102     27     80     89     62     49     52     95     28     74     36     58     54     30     45     15     17      4     29     22     13      4     13      2      3     13      4      5      8      2      5      4      0      0      0      0      0      9      0      0      0      0      0      0      0      0      0      0      0      0      0      0      0
      0      0      0      0      0      0      0      0      0      0      0      0      3      0      0      0      9      0      3      7     10      0     11      8     24     24     24     17     45     50     54     52     72     74     61     60     92     94     64     60    124    129     77     99     89     45     59     49     69    100     71     41     67     64     67     69     79     27     28     34     27     45     35     23     26     44     23     11     13      7     21     28     14      0      0      9      0      0      0      1      0      3      0      0      3      0      0      0      0      0      0      0      3      0      0      0      0      0      0      0
      0      0      0      0      0      0      0      0      0      0      0      0      0      0      0      0      0     14      0      0      1     11     33     11     12      5     26     22     61     10     61     31     39     78     61     54    103     67    100     74     61     96     65    110     94    157     87     92     87     50     75    126     89     87     96     49     59     16     55     33     17     62     31     18     62      2     17     13     17      0      3     15     23      3      0      0      1     20      0     14      0      3      0      0      0      0      0      0      0      0      0      0      0      0      0      0      0      0      0      0
      0      0      0      0      0      0      0      0      0      0      0      0      0      0     12      0      0      1      0      6      1      7     10      3      4     10     17     23     10     43     47     79     69     58     87     55     52     77    204     54    104    110    140     99    131    135     86     89     52     80     44     83     59     66     71     59     67     42     56     30     26     22      9     38     30     33     22     23      5     29     24     11      6      2      4      4      0      8      2      9      0      2      0      0      7      2      0      0      0      0      2      0      0      0      0      0      0      0      0      0
      0      0      0      0      0      0      0      0      0      0      0      0      0      6      0      0      6      4     12      9      1     10      9     12      6     18     14     14     44     12     24     60     26     48     50     73     65     92     76     44     60     56     83     60    130     84     82    166     63     54     78     70     93     53     75     82     59     32     58     77     57     45     21     43     21     29      5     33     31     18     28     15     10      5      8      2      0      0      0      0      0      0      0      0      0      3      0      0      0      0      0      0      0      0      0      1      0      0      0      0
      0      0      0      0      0      0      0      0      0      0      0      0      0      0      0      2      0      3      0      0      6     16      9      6     13      9     21     18     18     55     66     54     55     40     78     47     50    130     80     52     52     36     95    112     92    103     89     81     84    106    111     70     51     83     67     40     56     44     11     62     47     13     60     36     27     32     15     57     11     37      3     34      5     20     11     15      2      2      4      3      3      0      0      0      0      0      0      0      3      0      6      0      0      0      3      0      0      0      0      0
      0      0      0      0      0      0      0      0      0      0      0      0      0      0      0      6      0      0      1     13     12     26      5      4      9     23     21      4     28     33     58     30     57     48     60     46     46    123     73     71     84    144    124     66     53    128    130    146    103    130    121     93    104     76     32     93     78     84     47     52     48     72     39     21     69     31     33      7      8      2     29     25      5      6      0     14      2      0      8      4      9      0      1      4      0      0      0      5      2      0      0      0      0      0      0      0      0      0      0      0
      0      0      0      0      0      0      0      0      0      0      0      0      0      0      0      0      0      2      0      1      6      2      5     12      9     12     19     16     30     24     32     57     19     41     92     48     74     83     88     54    139     71     88    107    104     93    109    125     93     77     67     76     45     57     81     47     80     80     66     44     42     18     30     36     68     27     39     23      5      6      2     21     14     29      6      1      0     15      1      0      0      0      6      7      0      2      2      0      0      0     15      0      0      0      0      0      0      0      0      0
      0      0      0      0      0      0      0      0      0      0      0      0      0      0      0      3      0      3      6      3     13      0     13      8     19      4      7      9     15     31     24     57     27     16     55     40     56     69    100     76     76     93    110    121     58    112    109     87     67     90     47     95     71    116     49     50     51    145     53     37     60     65     52     24     16     33     36     19      0     21     10     14      2      0      7      2      4      0      4     16      0      3      6      0      9      0      0      0      0      0      0      0      0      2      0      0      0      0      0      0
      0      0      0      0      0      0      0      0      0      0      0      0      0      0      0      6      0      3      0      2      1     15      5      2     16      3      7      7     27      5     29     22     39     39     33     74     32    114     57    131     58     61    109     97     74     77    100    108     95    124     67     96     54     78     73    101     64    107     43     36     26     15     38     31     16     15     15     19      4     25     10      6      9     21      1      9     13      2      1      0     14      2      1      0      2      1      5      0      0      0      4      0      0      3      0      0      0      0      0      0
      0      0      0      0      0      0      0      0      0      0      0      1      0      0      0      0     12      1      1      0     10     23     13      3      2     17     15     37      3     21     44     18     22     33     96     49     40     59     37     46     94    106    106    111     61    124     97    119     60    101     47     73     69     87     89     30     58     65     20     64     38     71     39      9     42      7     26     30     25     12     13      9     11      1      4      4      4      8      0      9      0     14      0      0      1      0      0      2      0      6      1      0      0      0      0      0      0      0      0      0
      0      0      0      0      0      0      0      0      0      0      0      0      0      9      1      0      0      0      0      0      0      0      2     11      6      7      7     14     19     51     20     28     22     44     36     46     74     86     44     75     60     76    110     96     65     84     67     96    125    118     77     62     58     61     77     79     41     68     36     40     29     43     57     13     35     21     11     22     45     13      5      2      9      7     10     22     17      1      0      1      4      0      0      0      2      0      2      7      4      0      0      0      0      0      0      0      0      0      0      0
      0      0      0      0      0      0      0      0      0      0      0      0      0      0      0      0      0      2      0      0      0      0      4      8      0     11      6     25      0     37     13     26     10     20     11     44     72     71     73     74     62     62     89     46     84     58     69     85     64     55    108     89     94     93    114     50     53     98     42     55     11     55     47     40     31     78     46     14     19      6      0      4      3     23      3      3      5      3      9     25      3      0      0      0      0      5      0      0      0      0     13      0      0      0      0      0      0      0      0      0
      0      0      0      0      0      0      0      0      0      0      0      0      0      0      0      0      0      1      0      8      0      0      0      8      0     12      3     12      8     27     35     19      5     34     59     45     70     28     51     58     85     65    103     65     83     95     67     99    152    107     89     55     71    115    112     51     61     46     30     81    110     21     35      9     32     20     36     25     28     32      5     24     12      3      6      4      9     18      4      2      0      0      0      0      0      0      0      0      2      0      0      0      0      0      0      0      0      0      0      0
      0      0      0      0      0      0      0      0      0      0      0      0      0      0      0      0      0      0      0      3      2      5      5      1      0     15      7      1     19      5     13      6     37     33     17     29     32     54     54     74     74     50     44     69    110     64     74     95     78     86    102     49     74     59    130     85     58     38     47     26     52     42     19     75     33     26     32     66     27      4     25      4     19     24      4      9      6      2     13      0      1      0      0      0      0      0      0      0      0      0      0      0      0      0      0      0      0      0      0      0
      0      0      0      0      0      0      0      0      0      0      0      0      0      0      0      0      0      0      0      0      0      2      9      6     10      6     11     16     18     37     29     14     18     39     26     60     13     29     32     61     53     56     69     64     51     70     61    114     69     50     17     63     44     55     62     20     61     89     61     37     61     63     19     23     12     30     26     15     21     25     23     36     20      2      6      0     15      3      0      8      0      1      0      0      0      2      0      0      0      0      0      0      0      0      0      0      0      0      0      0
      0      0      0      0      0      0      0      0      0      0      0      0      0      0      0      0      0      0      0      0      3      3      0     14      0      0      0      0     10     22      8     13      3     14     51     20     17     54     33     58     47     29     53    110     51     62     65     39     71     28     96     99    109     86     55     64     44     88     23     55     57     53     75      8     34     31     17     24     34      7      8     36      6      2      5      4      2      8      0      0     20      5      0      0      0      1      2      0      0      0      4      0      1      0      2      2      0      0      0      0
      0      0      0      0      0      0      0      0      0      0      0      0      0      0      0      0      0      0      0      0      0      0      0      2      8     18      9      1      1     18      6     15      0     33      6     17     26     27     68     23     48     62     64     46     66     57     54     62     54     73     52     98     78    107     92     76     56     46     21     49     60     44     55     40     53     52     16     21     38     10     15     23      5     10     17      6     13     29      8      5      0      4      0      1      1      6      0      0      1      0      0      0      0      1      0      0      0      0      0      0
      0      0      0      0      0      0      0      0      0      0      0      0      0      0      0      0      0      0      0      0      0      8      0      0      1      2      5     11      3      0     23     11      5     24     24     33     26     29     41     46     49     53     26     54     40     27    117     47     66     45     29     32     51     68     87     44     62     44     39     29     70     59     30     40     32     14     25     23     10     29     26     11      3     10     31      5     13      4      0      8      0      0      1      3      0      0      2      0      0      1      0      0      0      0      0      0      0      0      0      0
      0      0      0      0      0      0      0      0      0      0      0      0      0      0      0      0      0      0      0      0      2      0      3      0      4     10      0      2     24     15      5     12     23     20     40     17     30     41     18     31     62     43     43     26     60     59     77     24     36     29     34     73     38     51     45     35     38     65     14     61     85     55     32     11     24     22     27     11     17     38      5     12      5      1      9      4      3      0      0      0      5      6      0     11      0     11      0      0      0      0      0      0      0      0      7      0      0      0      0      0
      0      0      0      0      0      0      0      0      0      0      0      0      0      0      0      0      0      0      1      0      0      0      0      0      0      5      1      2      1     15      4     42      8      0      6     30     19     16     17     22     29     14     44     17     41     46     68     63     61     61     45     53     33     28     40     38     34     31     61     60     39     14     13     25     33     24     22      8     35     13     13      8      8      6      2      6     12     12      4      0      2      0      1      0      0     12      0      0      0      8      0      0      0      0      0      0      0      0      0      0
      0      0      0      0      0      0      0      0      0      0      0      0      0      0      0      0      0      0      0      0      0      0      1      2     13      9      0      5      0     11      2     38      2     39     11     38      4     29     18     10     19     41     44     84     30     42      9     38     79     59     46     77     61     78     50     32     44     19     59     22     22     51     38     29     19     11      8     14     29      6     15      1     12     28      8      0      3      4     15      1      9      0     20      5      0      9      9      2      0      0      0      0      6      0      0      0      0      0      0      0
      0      0      0      0      0      0      0      0      0      0      0      0      0      0      0      0      0      0      0      0      0      0      0      0      0      1      0      6      1     19     17      0     27      6     25     14     13     24     21     27     20     12     19     12     23     39     61     45     47     78     43     61     37     16     36     37     52     34     20     55     37     42     22     24     51     25     33      3     29      5     35     18      4      0      2     13      1      0      1      0      7     11      0      0      7      0      1      0      0      0      0      0     15      0      0      1      0      0      0      0
      0      0      0      0      0      0      0      0      0      0      0      0      0      0      0      0      0      0      0      0      0      0      0      6      0      0      0      1      8      4      9      2      8      0     13     21     27     16      6     12      6     19     49     15     34     45     34     18     53     18     41     25     35     75     42     24     19     29     25      7     21     43     26     32     24     31     11     28     10     22     28     15      2      0     32     24     13     10      3      2      6      4      3      6      0      1      6      2      0      0      0      0      0      0      0      0      0      0      0      0
      0      0      0      0      0      0      0      0      0      0      0      0      0      0      0      0      0      0      6      0      0      0      2      0      0      0      0      0      0      7      0      9     32      8     11      8      7     10      9     14     13      5     23     14     41     23     18     27     27     14     22     46     35     27     32     17     11     19     20     33     18     35     20     14     44     30     10     14     19     13      2      3      7      6      5      2      7      0      3      6      1      1      2      0      0      6      0      0      0      0      0      0      0      0      0      0      0      0      0      0
      0      0      0      0      0      0      0      0      0      0      0      0      0      0      0      0      0      0      0      0      0      0      0      0      0      0     13      0      0      0      3      1      6      4      3     12     23     11      1     18      5     26      1      6     18     25     22     11     33     28     16     42     29     22     36      9     15     16      2     19     40     25     13     43     10     13      0     10     16      4     19     12      8      0      6     14      0      0      2      0      4      6      0      0      0      0      0      0      0      4      2      1      0      0      0      0      0      0      0      0
      0      0      0      0      0      0      0      0      0      0      0      0      0      0      0      0      0      0      0      0      0      0      0      0      3     13     11      0      5      8      8     13      0      4      9      1     10     10      7     16      8      7     12     14      5     15      9     15     51     29     40     24     38      9     16     13     12      1     13     14      9     15     10     23      3      0     18      8     11      8      2     11      1      2      5      8      5     10      0      3      0      1      4      0      1      7      1      0      0      0      0      0      0      0      0      0      0      0      0      0
      0      0      0      0      0      0      0      0      0      0      0      0      0      0      0      0      0      0      0      0      0      0      0      0      3      0      0      6      1      1      2      0      0      3      6      1     16     24      6      6      3      4     13     21     22      9     14      6     13     40     28     32     26     34     23     37     12     16     10     20      6     13     41     18      6     10      3      3     14     20      6     18     16      6      4      8      0      0      6      0      0      0      0      8      0      1      0      0      0      0      0      0      0      0      0      0      0      0      0      0
      0      0      0      0      0      0      0      0      0      0      0      0      0      0      0      0      0      0      0      0      0      7      0      0      0      0      0      0      0      0      7      4      0      0      2      0     12      9      1     13      5     15      4     25     22     16     12      9     16     13     14     13     13     33     31      7     27     33      8      8     29     27     27     25      3     17      1      6     22      1     18     18      0     16      1      4      1      0      5      9      0      0      0      0      0      0      0      0      0      0      6      0      0      1      0      0      0      0      0      0
      0      0      0      0      0      0      0      0      0      0      0      0      0      0      0      0      0      0      0      0      0      0      0      0      2      0      0      0      0      0      1      0      6      0      3      0     17      0      3     15      9      5      7      3      5     17     28      2      9     33     13     13     17     36     20      1     17      8     26     10      6     13     13      1     28     13     16      3      5     26      4      9      0      2      0      7      3      2      4      4      0      3      0      0      8      0      0      0      0      3      0      0      0      0      0      0      0      0      0      0
      0      0      0      0      0      0      0      0      0      0      0      0      0      0      0      0      0      0      0      0      0      0      0      0      6      0      9      0      7      3      3      2     13      5      0      0      3      0      3      2      4     11      3     28      9     10      6      8     15     11      7      4     27      9      2      2      6      7      6     15      0     26      7     15      2     14      2      4      4     10      2      4      7      2      5      1      1      1      5      0      0      0      1      0      0      1      0      0      0      0      0      0      0      0      0      0      0      0      1      0
      0      0      0      0      0      0      0      0      0      0      0      0      0      0      0      0      0      0      0      0      0      0      0      0      0      0      0      0      0      0      3      3      6      3      0      0      4      2      0      6     13      2      0     10      0      8     27     20     29     11      8     19     17     12     10      0      5     12     29      9      8      3      6     11      1     10      5     18     10      1      2      9      0      0      0      0      8      0      0      0      3      0      0      0      0      0      0      0      1      0      1      0      0      0      0      0      0      0      0      0
      0      0      0      0      0      0      0      0      0      0      0      0      0      0      0      0      0      0      0      0      0      0      0      0      0      0      0      0      0     12      0      4      0      5      2      6      0      0      2      0      4     10      2      3      1     11      0      6     17      9     31      2      2     12      1      2     11     14      4      1      6      1     14     18      9     21     16     10      4      5      0      5     13      5      1      2      3      0      0      0      0      0      0      5      0     13      0      5      1      4      0      0      0      0      0      0      0      0      0      0
      0      0      0      0      0      0      0      0      0      0      0      0      0      0      0      0      0      0      0      0      0      0      0      0      0      0      0      0      0      0      0      0      0      0      0      1      0      1      7      2      6      0      9      1      1      3     18      3     16     12      0      4      3      4     23     14     21      2      0      4     25      8     10     20      4      0      1     18      0      0      2      2      3      7      0      0     13      0      0      1      1      0      0      1      0      1      0      3      0      0      0      0      0      0      0      0      0      0      0      0
      0      0      0      0      0      0      0      0      0      0      0      0      0      0      0      0      0      0      0      0      0      0      0      0      0      0      0      0      0      0      2      4      0      4      0      0      4      5      0      2      0      0      4      7      0     14      0      0     12      5     14      4      3      0      8     14     13      0      2      3      3     25      4     12     12      6     20      1      0      7     11     13      1      0      8      0      2      0      0      0      2      1      0      0      0      2     10      0      0      0      0      0      0      0      0      0      0      0      0      0
      0      0      0      0      0      0      0      0      0      0      0      0      0      0      0      0      0      0      0      0      0      0      0      0      0      0      0      0      0      0      0      0      0      0      0      1     10      2      0      0      0      0      0      5      0      5      5      0      2      6     10      1      2      9      9      9      0      5      1      0      1      3      5      0      5      1     16      5      0      6     10      7      0      5      0      2      0      0      4      0      0      0      0      0      0      0      0      0      0      0      0      1      0      0      0      0      0      0      0      0
      0      0      0      0      0      0      0      0      0      0      0      0      0      0      0      0      0      0      0      0      0      0      0      0      0      0      0      0      0      0      0      8      2      0      0      0      2      0      5      0      0      4      5      1      5      2     10      0     18      0      3      1      0     11      0      6      4      2      1      0      1      2      0      5      2      5      0      3      0      0      2      7      1      0      0      0      0      6      0      6      0      1      0      0      0      0      0      0      0      0      1      0      0      0      0      0      0      0      0      0
      0      0      0      0      0      0      0      0      0      0      0      0      0      0      0      0      0      0      0      0      0      0      0      0      0      0      0      0      0      0      0      0      0      0      0      0      0      0      0      0      1      5      9      2      1      3      4      0      0      0      4      1      0      8      2      4      2      8      3      4     10      2      0      0     10      2      6      0      1      7      1      0      0      4      0      2      0      0      0      5      2      2      0      0      0      0      0      0      0      0      0      0      0      0      0      0      0      0      0      0
      0      0      0      0      0      0      0      0      0      0      0      0      0      0      0      0      0      0      0      0      0      0      0      0      0      0      0      0      0      0      0      0      0      2      0      0      0      8      0      0      0      4      0      2      0      2      1      1      3      1      0      2      4      5      0      0      0      2      0      0      0      0      1      2      0      1      0      0      0      1      1      0      2      5      4      3      1      0      5      0      4      0      0      0      0      3      0      0      0      0      0      0      0      0      0      0      0      0      0      0
      0      0      0      0      0      0      0      0      0      0      0      0      0      0      0      0      0      0      0      0      0      0      3      0      0      0      0      0      0      0      0      0      4      0      0      0      0      0      0      0      0      0      1      4      0      0      1      6      0      8      0      0     10      5      9      8      2      1      1      0     10      2      0      0      7      2      0      0      0      0      0     10     10      1      0      0      5      0      0      0      0      0      0      0      0      2      0      0      0      0      0      8      0      0      0      0      0      0      0      0
      0      0      0      0      0      0      0      0      0      0      0      0      0      0      0      0      0      0      0      0      0      0      0      0      0      0      0      0      0      0      0      0      0      0      0      0      5      0      7      4      0      7      2      0      0      6      0      0      0      2      0      0      0      0      1      2      4      0     15      0      0      0      0      0      0      0      0      1      0      0      2      0      0      0      7      0      0      0      0      0      0      0      0      0      0      5      0      0      0      0      0      0      0      0      0      0      0      0      0      0
      0      0      0      0      0      0      0      0      0      0      0      0      0      0      0      0      0      0      0      0      0      0      0      0      0      0      0      0      0      0      0      3      0      0      0      0      0      1      0      0      4      0      4      2      0      0      0      1      0      1      3      1      0      0      0     15      0      4      0      0      0      6      0      0      0      0      0      0      0      4      0      0      0      0      0      0      0      0      0      0      6      0      0      0      0      0      0      0      2      0      0      0      0      0      0      0      0      0      0      0
      0      0      0      0      0      0      0      0      0      0      0      0      0      0      0      0      0      0      0      0      0      0      0      0      0      0      0      0      0      0      0      0      0      0      2      0      0      8      0      0      0      0      0      1      0      0      1      4      0      0      0      0      0      0      6      0      0      0      0      6      1      0      0      0      0      0      0      0      0      1      4      0      0      2      0      0      0      0      0      5      0      0      0      0      0      0      0      0      0      0      0      0      0      0      0      0      0      0      0      0
      0      0      0      0      0      0      0      0      0      0      0      0      0      0      0      0      0      0      0      0      0      0      0      0      0      0      0      0      0      0      0      0      2      0      0      0      0      0      0      0      6      2      0      0      0      0      0      0      0      4      0      0      3      0      0      0      9      0      0      0      0      0      1      0      0      0      0      2      0      0      6      0      0      0      0      0      0      0      0      0      0      0      0      0      0      0      0      0      0      0      0      0      2      0      0      0      0      0      0      0
      0      0      0      0      0      0      0      0      0      0      0      0      0      0      0      0      0      0      0      0      0      0      0      0      0      0      0      0      0      0      0      0      0      0      0      0      0      0      1      0      0      0      0      0      0      0      0      0      0      0      0      0      5      0      0      0      0      0      0      0      0      0      0      6      0      0      4      0      0      0      0      0      0      0      0      0      0      1      0      0      0      0      4      0      0      0      0      0      0      0      0      0      0      0      0      0      0      0      0      0
      0      0      0      0      0      0      0      0      0      0      0      0      0      0      0      0      0      0      0      0      0      0      0      0      0      0      0      0      0      0      0      0      0      0      0      0      0      0      3      0      0      0      1      0      4      0      2      0      0      0      0      0      0      0      3      3      0     12      0      0      0      0      0      0      0      0      5      0      1      0      2      0      0      0      0      0      6      0      0      0      0      0      0      0      0      0      0      0      0      0      0      0      0      0      0      0      0      0      0      0
      0      0      0      0      0      0      0      0      0      0      0      0      0      0      0      0      0      0      0      0      0      0      0      0      0      0      0      0      0      0      0      0      0      0      0      0      0      0      3      0      2      0      0      2      0      0      0      0      0      0      0      0      0      0      0      0      0      0      0      0      0      0      0      0      0      0      0      0      0      0      0      0      0      7      0      0      0      0      0      0      0      0      0      0      0      0      0      0      0      0      0      0      0      0      0      0      0      0      0      0
      0      0      0      0      0      0      0      0      0      0      0      0      0      0      0      0      0      0      0      0      0      0      0      0      0      0      0      0      0      0      0      0      0      0      4      0      0      0      3      0      0      0      0      0      0      0      0      0      0      1      0      0      0      2      0      0      0      0      0      0      3      4      0      0      0      0      0      0      0      0      0      0      0      0      0      3      0      0      0      0      0      0      0      0      0      0      0      0      0      0      0      0      0      0      0      0      0      0      0      0
      0      0      0      0      0      0      0      0      0      0      0      0      0      0      0      0      0      0      0      0      0      0      0      0      0      0      0      0      0      0      0      0      0      0      0      0      0      0      0      0      0      0      0      0      0      0      0      0      0      0      0      0      0      0      0      2      0      0      0      0      0      0      0      0      0      1      0      0      0      0      0      0      0      0      0      0      0      0      0      0      0      0      0      0      0      0      0      0      0      0      0      0      0      0      0      0      0      0      0      0
      0      0      0      0      0      0      0      0      0      0      0      0      0      0      0      0      0      0      0      0      0      0      0      0      0      0      0      0      0      0      0      0      0      0      0      0      0      0      0      0      0      0      0      0      0      0      0      0      2      0      0      0      0      6     19      0      0      0      0      0      0      0      0      0      0      0      0      0      0      0      0      0     11      0      0      4      0      0      0      0      0      0      0      0      0      0      0      0      0      0      0      0      0      0      0      0      0      0      0      0
      0      0      0      0      0      0      0      0      0      0      0      0      0      0      0      0      0      0      0      0      0      0      0      0      0      0      0      0      0      0      0      0      0      0      0      0      0      0      0      0      0      0      0      0      2      0      0      0      0      0      1      0      0      0      0      0      0      0      1      0      0      0      0      0      0      0      0      0      0      0      0      0      0      0      0      0      0      0      0      0      0      0      0      0      0      0      0      0      0      0      0      0      0      0      0      0      0      0      0      0
      0      0      0      0      0      0      0      0      0      0      0      0      0      0      0      0      0      0      0      0      0      0      0      0      0      0      0      0      0      0      0      0      0      0      0      0      0      0      0      0      0      0      0      0      0      0      0      0      0      0      0      0      0      0      0      0      0      0      0      0      0      0      0      0      0      0      0      0      0      0     22      0      0      0      0      0      0      0      0      0      0      0      0      0      0      0      0      0      0      0      0      0      0      0      0      0      0      0      0      0
      0      0      0      0      0      0      0      0      0      0      0      0      0      0      0      0      0      0      0      0      0      0      0      0      0      0      0      0      0      0      0      0      0      0      0      0      0      0      0      0      0      0      0      0      0      0      2      0      0      0      0      0      0      0      0      0      0      0      0      0      2      0      0      0      0      0      0      0      0      0      0      0      0      0      0      0      0      0      0      0      0      0      0      0      0      0      0      0      0      0      0      0      0      0      0      0      0      0      0      0
      0      0      0      0      0      0      0      0      0      0      0      0      0      0      0      0      0      0      0      0      0      0      0      0      0      0      0      0      0      0      0      0      0      0      0      0      0      0      0      0      0      0      0      0      0      0      0      0      0      0      0      0      0      0      0      0      0      0      0      0      0      0      0      0      0      0      0      0      0      0      0      0      0      0      0      0      0      0      0      0      0      0      0      0      0      0      0      0      0      0      0      0      0      0      0      0      0      0      0      0
      0      0      0      0      0      0      0      0      0      0      0      0      0      0      0      0      0      0      0      0      0      0      0      0      0      0      0      0      0      0      0      0      0      0      0      0      0      0      0      0      0      0      0      0      0      0      0      0      0      0      0      0      0      0      0      0      0      0      0      0      0      4      0      0      0      0      0      0      0      0      0      0      0      0      0      0      0      0      0      0      0      0      0      0      0      0      0      0      0      0      0      0      0      0      0      0      0      0      0      0
      0      0      0      0      0      0      0      0      0      0      0      0      0      0      0      0      0      0      0      0      0      0      0      0      0      0      0      0      0      0      0      0      0      0      0      0      0      0      0      0      0      0      0      0      0      0      2      0      0      0      0      0      0      0      0      0      0      0      0      0      0      0      0      0      0      0      0      0      0      0      0      0      0      0      0      0      0      0      0      0      0      0      0      0      0      0      0      0      0      0      0      0      0      0      0      0      0      0      0      0
      0      0      0      0      0      0      0      0      0      0      0      0      0      0      0      0      0      0      0      0      0      0      0      0      0      0      0      0      0      0      0      0      0      0      0      0      0      0      0      0      0      0      0      0      0      0      0      0      0      0      0      0      0      0      0      0      0      0      0      0      0      0      0      0      0      0      0      0      0      0      0      0      0      0      0      0      0      0      0      0      0      0      0      0      0      0      0      0      0      0      0      0      0      0      0      0      0      0      0      0
