\ 
\ Covariance Function Histogram Table
\ 
\ X Parameter: Argument of Periastron
\ X Abbrev   : omega
\ X Units    : degrees
\ X Items    : 100         
\ 
\ Y Parameter: Incident Flux
\ Y Abbrev   : Fave
\ Y Units    : 10^9 ergs s^-1 cm^-2
\ Y Items    : 100         
\ 
|col000|col001|col002|col003|col004|col005|col006|col007|col008|col009|col010|col011|col012|col013|col014|col015|col016|col017|col018|col019|col020|col021|col022|col023|col024|col025|col026|col027|col028|col029|col030|col031|col032|col033|col034|col035|col036|col037|col038|col039|col040|col041|col042|col043|col044|col045|col046|col047|col048|col049|col050|col051|col052|col053|col054|col055|col056|col057|col058|col059|col060|col061|col062|col063|col064|col065|col066|col067|col068|col069|col070|col071|col072|col073|col074|col075|col076|col077|col078|col079|col080|col081|col082|col083|col084|col085|col086|col087|col088|col089|col090|col091|col092|col093|col094|col095|col096|col097|col098|col099|
|int   |int   |int   |int   |int   |int   |int   |int   |int   |int   |int   |int   |int   |int   |int   |int   |int   |int   |int   |int   |int   |int   |int   |int   |int   |int   |int   |int   |int   |int   |int   |int   |int   |int   |int   |int   |int   |int   |int   |int   |int   |int   |int   |int   |int   |int   |int   |int   |int   |int   |int   |int   |int   |int   |int   |int   |int   |int   |int   |int   |int   |int   |int   |int   |int   |int   |int   |int   |int   |int   |int   |int   |int   |int   |int   |int   |int   |int   |int   |int   |int   |int   |int   |int   |int   |int   |int   |int   |int   |int   |int   |int   |int   |int   |int   |int   |int   |int   |int   |int   |
      0      0      0      0      0      0      0      0      0      0      0      0      0      0      0      0      0      0      0      0      0      0      0      0      0      0      0      0      0      0      0      0      0      0      0      0      0      0      0      0      0      0      0      0      0     10      0      0      0      0      0      0      0      0      0      2      2      0      0      0      0      0      0      0      0      0      0      0      0      0      0      0      0      0      0      0      0      0      0      0      0      0      0      0      0      0      0      0      0      0      0      0      0      0      0      0      0      0      0      0
      0      0      0      0      0      0      0      0      0      0      0      0      0      0      0      0      0      0      0      0      0      0      0      0      0      0      0      0      0      0     10      0      0      0      0      0      3      0      0      0     11      0      0      0      0      0      0      0      0      0      0      0      0      0      0      0      0      0      0      0      0      0      3      0      0      0      0      0      0      0      0      0      0      0      0      0      0      0      0      0      0      0      0      0      0      0      0      0      0      0      0      0      0      0      0      0      0      0      0      0
      0      0      0      0      0      0      0      0      0      0      0      0      0      0      0      0      0      0      0      0      0      0      0      0      0      0      0      0      0      0      0      0      0      0      0      0      0      0      0      0      0      0      4      0      0      0      2      0      0      0      0      0      0      2      0      0      0      0      0      0      0      0      0      0      0      0      0      0      0      0      0      0      0      0      0      0      0      0      0      0      0      0      0      0      0      0      0      0      0      0      0      0      0      0      0      0      0      0      0      0
      0      0      0      0      0      0      0      0      0      0      0      0      0      0      0      0      0      0      0      0      0      0      0      0      0      0      0      0      0      0      0      0      0      5      0      6      0      0      2      0      0      0      0      0      0      0      6      0      0      7      0      0      0      0      6      0      0      0      0      4      0      0      0      0      0      0      1      0      0      0      0      0      0      0      0      0      0      0      0      0      0      0      0      0      0      0      0      0      0      0      0      0      0      0      0      0      0      0      0      0
      0      0      0      0      0      0      0      0      0      0      0      0      0      0      0      0      0      0      0      0      0      0      0      0      0      0      0      0      0      0      0      0      0      0      0      0      0      6      0      0      0      0     13      0      0      0      2      0      0      0      0      0      0      0      0      0      0      0      0      3      0      0      0      0      0      0      0      0      0      0      0      0      0      0      0      0      0      0      0      0      0      0      3      0      0      0      0      0      0      0      0      0      0      0      0      0      0      0      0      0
      0      0      0      0      0      0      0      0      0      0      0      0      0      0      0      0      0      0      0      0      0      0      0      0      0      0      0      0      0      0      0      0      0      0      0      0      0      0      0      0      2      0      0      2      0      0      0      0      1      0      1      0     11      0      2      0      0      0      0      4      0      0      0      0      0      0      0      0      0      0      0      0      0      0      0      0      0      0      0      0      0      2      0      0      0      0      0      0      0      0      0      0      0      0      0      0      0      0      0      0
      0      0      0      0      0      0      0      0      0      0      0      0      0      0      0      0      0      0      0      0      0      0      0      0      0      0      2      0      0      0      3      0      0      5      0      0      0      0      0      0      0      0      0      0      0      0      0      4      0      3      0      0      0      0      1      0      0      7      0      0      0      0      0      0      0      0      0      0      0      0      2      0      0      0      0      0      0      0      0      0      0      0      0      0      0      0      0      0      0      0      0      0      0      0      0      0      0      0      0      0
      0      0      0      0      0      0      0      0      0      0      0      0      0      0      0      0      0      0      0      0      0      0      0      0      0      0      0      0      0      0      0      0      1      0      0      0      0      0      0      0      4     12      0      0      0      0      0      1      0      0      0      0      0      0      2      0      0      0      0      0      1      0      0      1      0      2      0      0      0      0      0      0      0      0      0      0      0      0      0      0      0      0      0      0      0      0      0      0      0      0      0      0      0      0      0      0      0      0      0      0
      0      0      0      0      0      0      0      0      0      0      0      0      0      0      0      0      0      0      0      0      0      0      0      0      0      0      0      0      0      0      0      1      4      1     16      1      2      0      0     12      2      0      0      0     22      5     10      0      0      0      0      0      0      0      4      7      0      0      0      0      0      0      0      0      0      0      2      0      0      0      0      0      0      0      0      0      0      0      0      0      0      0      0      0      0      0      0      0      0      0      0      0      0      0      0      0      0      0      0      0
      0      0      0      0      0      0      0      0      0      0      0      0      0      0      0      0      0      0      0      0      0      0      0      0      0      3      0      0      0      0      0      0      0      0      3      5      0      0      0      0      0      0      0     17      0      0      6      0      0      9      0      0      0      0      0      0      0      0      0      0      0      0      0      0      0      0      0      0      0      1      0      0      0      0      0      0      0      0      0      0      0      0      0      0      0      0      0      0      0      0      0      0      0      0      0      0      0      0      0      0
      0      0      0      0      0      0      0      0      0      0      0      0      0      0      0      0      0      0      0      0      0      0      0      0      0      0      0      0      0      0      1      0      1      0      0      3      3      6      2      6      3      0      0      0      0      0      0      0      0      0      0      0      0      0      0      0      0      0      0      0      5      0      0      0      0      0      0      0      0      3      0      0      0      0      4      0      0      0      0      0      0      0      0      0      0      0      0      0      0      0      0      0      0      0      0      5      0      0      0      0
      0      0      0      0      0      0      0      0      0      0      0      0      0      0      0      0      0      0      0      0      0      0      0      0      0      0      0      0      3      8      0      6      0      7      1      0      5     11      8      0      0     12      0      0      1      3      0      0      2      3      0      0      0      0      4      2      0      0      0      0      0      0      0      0      8      0      0      0      0      0      0      0      0      2      0      0      0      0      0      0      0      0      0      0      0      0      0      0      0      0      0      0      0      0      0      0      0      0      0      0
      0      0      0      0      0      0      0      0      0      0      0      0      0      0      0      0      0      0      0      0      0      0      0      0      0      0      0      0      0      2      1      9      0      4      0     15      0      3      3      3      6      0      3      0      0      0      0      0      3      0      0      4      0      0      0      4      0      0      0      7      0      6      0      0      0      1      0      1      0      0      0      0      0      0      0      0      0      0      0      0      0      0      0      0      0      0      4      0      0      0      0      0      0      0      0      0      0      0      0      0
      0      0      0      0      0      0      0      0      0      0      0      0      0      0      0      0      0      0      0      0      0      0      0      0      0      0      0      1      0      0      0      1      1      1      0      5      6      0      6      1      0      0     15      1      5      0      0      0      0      0      0      0      0      0      0      0      2      0      0      0      0      0      0      0      0     11      0      0      0      0      0      0      0      0      0      0      0      0      0      0      0      0      0      0      0      0      0      0      0      0      0      0      0      0      0      0      3      0      0      0
      0      0      0      0      0      0      0      0      0      0      0      0      0      0      0      0      0      0      0      0      0      0      0      0      0      0      0      0      0      0      7      3      4      3      8      2      0      3      1      0      1      8      3      0      7      0      1      7      0      1      7      1      1      4      0      4      0      0      0      0      0      0      4      0      2      0      0      3      0      1      0      0      0      0      0      5      0      0      0      0      0      0      0      0      0      0      0      0      2      0      0      0      0      0      0      0      0      0      0      0
      0      0      0      0      0      0      0      0      0      0      0      0      0      0      0      0      0      0      0      0      0      4      0      0      0      0      0      1      0      0      7      0      3      2     12      0      0      0      0      0      1      4      0     10      0      3      6      0      0      0      2      7      0     10      0      0      0      1      2      0      0      0      0      2      4      0      0      0      0      0      0      0      0      5      0      0      0      0      0      0      0      0      0      0      0      0      0      0      0      0      0      0      0      0      0      0      0      0      0      0
      0      0      0      0      0      0      0      0      0      0      0      0      0      0      0      0      0      0      0      0      0      0      0      0      0      2      0      0      0      0      0      0      0      0      6      1      7      0      1      0      9      0      3      0      3     23     16      1      1      6     19      0      3     10      0      3      1      0      1      1      4      0      2      0      0      0      1      2      0      0      0      0      0      0      0      1      0      0      0      0      0      0      0      0      0      0      0      0      0      0      0      0      0      0      0      0      0      0      0      0
      0      0      0      0      0      0      0      0      0      0      0      0      0      0      0      0      0      0      0      0      0      0      0      1      1      3      0      0      0      0      0      0      8      5      0      8      0      5      1      6      5      5      0      3      2      0      0      2      2      2      0     19      0      4      0      0      4      0      5      0      0      0      0      3      0      0      0      0      0      0      0      5      0      0      0      0      0      0      0      0      0      0      0      0      0      0      0      0      0      0      0      0      0      0      0      0      0      0      0      0
      0      0      0      0      0      0      0      0      0      0      0      0      0      0      0      0      0      0      0      0      0      0      0      0      6      0      0      4      0      3      0      0      0     20      0      0      0      4      0      0      2      9      0      7      0      3      1      5      0      1      0      4      0      6      0      0      0      1      9      1      8      0      0      0      2      0      0      7      2      0      0      1      0      0      0      0      0      0      0      0      0      0      0      0      0      0      0      0      0      0      0      0      0      0      0      0      0      0      0      0
      0      0      0      0      0      0      0      0      0      0      0      0      0      0      0      0      0      0      0      0      0      3      0      7      0      0      0      0      0      0      0      5      0      0      2      8      0     16      8      2      2      3     12      0      2     12     13      4      9      0      2      0      4      0      4     10      0      6      0     13      1      0      0      0      0      0      3      0      0      0      0      0      0      3      0      0      0      0      4      0      0      0      5      0      0      0      0      0      0      0      0      0      0      0      0      0      0      0      2      0
      0      0      0      0      0      0      0      0      0      0      0      0      0      0      0      0      0      0      0      0      0      0      0      0      1      0      4      0      0      1      9      4     11      3      3     13     10      8      0     12     10     10      0     13     19      6      8      0      4      3      5      4      1     10      0      4     11      0      0      0      0      0      0      0      1      0      7      0      2      0      0      0      0      0      0      0      0      0      0      0      0      0      0      0      0      0      0      0      0      0      0      0      0      0      0      0      0      0      0      0
      0      0      0      0      0      0      0      0      0      0      0      0      0      0      0      0      0      0      0      0      0      0      0      0      0      0      0      4      6      0      4      1      1      5      1      0      0     19     13      4     16     22     21      2     14      0      2      0      2      4      1      2      1      0      0      0      0      1      3      0      3      0      9      0      1      0      1      0      0      3      0      0      4      1      4      0      0      0      0      0      0      0      0      0      0      0      0      0      1      2      0      0      0      0      0      0      0      0      0      0
      0      0      0      0      0      0      0      0      0      0      0      0      0      0      0      0      0      0      0      0      0      0      0      0      0      4      0      0     16      7      2      9      3      1      3     13     10     12      3      9      0      7      9      1      6      4      2      7      0      1      6      8      1      5     22      0      3      0     10      3      1      4      5      0      4      7      0      0      0      2      0     14      0      0      0      0      0      0      0      0      0      8      0      0      0      0      0      0      0      0      0      0      0      0      0      0      0      0      0      0
      0      0      0      0      0      0      0      0      0      0      0      0      0      0      0      0      0      0      0      1      0      0      9      0      0      4      8      0      0      3      8      0     10     11     15      9      2      9     17      4     15     15      4     33      9      1      9      5      3      4      6      0      2     15     13      4     13      3      2      6      6      0      2      1      0      0      3      0      6      2      0      0      3      0      1      0      0     14      0      0      0      4      0      0      0      0      2      0      0      0      0      0      0      0      0      0      0      0      0      0
      0      0      0      0      0      0      0      0      0      0      0      0      0      0      0      0      0      0      0      0      0      0      2      4      1      1      3      3      3      4      5      3      7     15     16     13      2     12     22      5      3     18     16      7      6     18     11      0     10      0      2      4      2      9     11      0      9      6      0      0      1     29      2      4      1      0      0      1      0      0      3      1      0      0      1      0      0      0      2      0      0      0      0      1      0      0      0      0      0      0      0      0      0      0      0      0      0      0      0      0
      0      0      0      0      0      0      0      0      0      0      0      0      0      0      0      0      0      0      4      0      3      0      0      4      0      0      0      0      4      0     24     18      7      2      0     13     44     10     28     10     15      6     15     15     11     12     15     21      2      6      8     10      9      8     10      3     13      2      4      0      0      3      0      0      0      0      1      0      0      0      0      0      0     10      4      0      0      0      0      0      0      0      0      1      0      0      0      0      0      3      0      0      0      0      0      0      0      0      0      0
      0      0      0      0      0      0      0      0      0      0      0      0      0      0      0      0      0      0      0      0      0      0      0      2      2      1      5      5      0      3      7      8      2     18     16     12      6      1      7      6     15     23     36     17      6     26     10     40     17     14     33     12      1      0     10      2      9      8      9      6      2      3      0     17      7      5      8      0      0      2      0      2      0      0      0      0      0      1      0      0      0      0      0      0      0      2      0      4      0      1      0      4      0      0      0      0      0      0      0      0
      0      0      0      0      0      0      0      0      0      0      0      0      0      0      0      0      0      0      0      0      1      1      1      3      0      5      6      1     12     15     16      2     14     10     20     12     11     24      6     11      5      9     24      6      3      9     13      7     19     15      3      8      4      4      3      6      4      2      3      3      2      9      9      0      1      0      2      5     13      2      0      0      0      1      2      9      0      0      0      0      1      3      4      0      1      0      0      0      0      0      0      0      1      0      0      0      0      0      0      0
      0      0      0      0      0      0      0      0      0      0      0      0      0      0      0      0      0      0      0      0      2      0     10      4      1      1      9      5      6     28      2     17      8      4     18     25     12     44     30     26     17     22     25      8     24      4     28     10     33     10      4     10     17     20     19      7      9     19     20      3     27      2      0      8      0      0      0      0      3      1      0      3      0      2      2      0      0      2      2      0      0      0      0      1      0      0      0      0      0      0      3      1      0      0      0      0      0      0      0      0
      0      0      0      0      0      0      0      0      0      0      0      0      0      0      0      0      0      0      8      0      0      0      6      2      0      4      6      2      9     11      9     13     13      1     34      3      7     23     14     28      0      8      4     27     19     37     31     22     31     18     19     11     22     10      7     14     25      3      6     18     14      4      0      1      4      3      8      0      1      9      0      7      3      4      2      0      0      0      0      0      2      0      0      1      0      0      0     11      0      0      0      0      0      0      0      0      0      0      0      0
      0      0      0      0      0      0      0      0      0      0      0      0      0      0      0      0      0      0      0      0      1      3      0      1     14      1     14      6     11      1      8     13     22      6     11     19     46     15     24     48     18     40     15     40      8     13     11     16     13     18     34     26      5      6     28      5      8      9     11     34     13     18      1      5      0      0      1     10      8      0      2      0      0      1      1      4      0     10      3      9      0      0      1      0      0      0      0      3      3      0      0      0      0      0      0      0      0      0      0      0
      0      0      0      0      0      0      0      0      0      0      0      0      0      0      0      0      0      0      3      2      0      6      0      6      0      3      3      7      5      9     16      2     18     30     31     23     21     22     29     36     11     37     37     29     47     33      6      8      5     43     16     18     16     23     11     25     12     33      7      3     10     10      6      0      1      0      7     11      8      0      2      0      7      4      0      2     13      3      3      1      0      0      0      1      0      0      0      0      0      0      0      0      0      0      0      0      0      0      0      0
      0      0      0      0      0      0      0      0      0      0      0      0      0      0      0      0      3      3      1      0      0      6      0      1      3      5      0     18      9     12     43     15      1     10     17     25     27     17     36     30     42     30     19     25     31     26     11     20     19     37     42     36     25      7     28     40     19     29      2     16     10     10      7      2      2     14      0      4      0      1     19      0      8      1      0      0      1      1      2      3      1     14      3      0      0      0      0      0      0      0      0      0      0      0      0      0      0      0      0      0
      0      0      0      0      0      0      0      0      0      0      0      0      0      0      1      0      0      0      0      0      0      2      0      0     11      0     10      5     13      6     12     21     13     30     18      4     41     24     38     41     28     38     29     11     55     15     33     17     48     19     22     32     11     23     10     35     27     32      2      6      7      8     10      9      8      8      2      2      3     10     23      1      4      7      8      1      3      1     14      0      0      0      0      0      0      4      0      1      0      1      0      0      0      0      0      0      0      0      0      0
      0      0      0      0      0      0      0      0      0      0      0      0      0      0      0      0      0      4      0      0      0      3      0      0      6     21     35     36      1     15      7     20     49     36     68     19     38     66     26     13     49     16     53     36     28     25     19     11    106     42     32     39     24     21     36     25     38     39     19      5      7     16      7      9     15      0      5     13      0      8      9      0      0      1      7      0     12      5     14      0      3      2      0      0      2      0      1      0      0      0      0      1      0      0      0      0      0      0      0      0
      0      0      0      0      0      0      0      0      0      0      0      0      0      0      0      0      0      0      0      0      4      9      4      2      2     11      7      6     19     18     14     30     32     15     26     27     10     51     20     53     46     35     52    109     45     29     31     57     41     29     29     34     31     36     42     31     22      8     24     21     31      0      1     14      9     10      4      7      0      5      1      0     11      0      6      0      3      0      0      0      0      0      0      0      2      0      0      0      0      0      0      0      0      0      0      0      5      0      0      0
      0      0      0      0      0      0      0      0      0      0      0      0      0      0      0      0      5      0      9      0     18      2     19      8      8     18     11     44     23     42     15     21     28     22     34     53     59     24     35     64     59     66     59     35     49     59     58     45     41     19     30     52     24     70     30     54     10     12      3      0      7      7      8     11     17     23      7      5     11      4      0      4      5      6      2      3      0      3      1      0      1      0      1      0      3      0      0      0      0      0      2      4      2      0      0      0      0      0      1      0
      0      0      0      0      0      0      0      0      0      0      0      0      0      0      0      0      0      0      2      2      0      0      1      9     14     11     16     19     63     17     36     25     26     49     31     32     45     56     31     36     55     80     16     55     58     29     73     51     50     83     55     27     43     19     24     20      5     13     29      3     13      8      9     17     16     30      4     23      2     14      1      4      2      1      0      1      4      0      0      0      0      0      0      0      0      0      0      0      0      0      3      0      0      0      0      0      0      5      2      0
      0      0      0      0      0      0      0      0      0      0      0      0      0      0      0      0      0      0      6      1      5      4      3      0      6      8     17     20      3      9     32     55     32     47     55     54     29     33     24     53     65     61     46     97     44     47     43     30     36     70     35     18     39     10     34     39     42     11     16     12     18     10      5     17     18     11     10      8      5      5      0      6      7      1      3      5      1      4      0      0      0      0      0      7      0      0      0      0      0      0      0      0      0      0      1      0      0      0      0      0
      0      0      0      0      0      0      0      0      0      0      0      0      0      1      0      0      0      1      0      0      4      5     11      5     28      2     40     32     26     31     72     56     35     62     49     32     39     64     39     58     55     19     33     54     83     58     39     31     72     46     30     56     56     57     69     56     27      9     43     14     19     15     36     26     21      3      7      6      5      6     21      4      2      4      0      3      2      7      1      3      3      0      5      1      2      2      9      2      3      0      0      0      0      2      0      0      0      0      0      0
      0      0      0      0      0      0      0      0      0      0      0      0      0      0      5     11      0      0      0      1      0      1      4      6     17     13      5     18     23     18     32     56     49     60     40     77     58     63     81     59     48    117     70     53    105     46     44     46     72     79      8     71     11     31     90     40     56     28     11     44     26     40     12     16      8     21      4     16      6      5     17      4      6      2     10      5      0      3      6      0      1      1      4      0      0      0     22      0      0      0      0      0      1      0      0      0      1      0      0      0
      0      0      0      0      0      0      0      0      0      0      0      0      0      0      0      0      2      2      3      8     16      2      2      6     29     11     28     35     27     17     37     42     43     94     31     72     78     68     52     62     55     61     62     54     39     43     69     57     59     76     43     14     48     42     38     46     23     36     16     47     40     22     41     10      9     18      5      4     31     14      5      3      0      8     13      0      2      1      5      4      4      5      0      0      1      0      9      0      2      0      0      1      0      1      0      0      0      0      0      0
      0      0      0      0      0      0      0      0      0      0      0      0      0      0      0      0      0      4      9      0      5      1      2     25      2     23     11     23     44     43     32     36     57     52     43     74     65     81     27    103     50     50     76     74     35     89     49     55     84     26     75     59     48     33     36     33     65     14     33     23     18     40     16     26     36     12     13      7     38      0     28      0      7     10     17      5      9      0     10      6      0      0      0      4      0      2      1      0      0      1      0      2      0      0      0      0      0      0      0      0
      0      0      0      0      0      0      0      0      0      0      0      0      0      0      0      0      1      0      3      2      9      9      5     16      5     26     14     17     73     70     16     88     42     84     65     53    103     55     90     69     87     51     72     81     71     51     59     35    103     90     77     48     42     39     43     54     16     42     30     25     66     14     35     47     36     11      8     20     14      9     16      4      8     22      8      5      1      5     10      6      7      0      2      2      0      1      1      0      0      1      0      0     19      0      0      1      0      0      0      0
      0      0      0      0      0      0      0      0      0      0      0      0      0      0      0      0      0      2      3      1      2     10      3     10     13     13     44     20     70     46     31    102     54     58     85     52     85     74    113     37     44     56     30     57     89     75     89     90     62     46     65     47     12     85     66     39     51     12     54     23     48      5     49     26     11      0     21     13     23     18     21     10     12     11      4     11      6      8      5      0      1      0      0      0      0      0      0      0      0      1      0      0      5      0      0      0      0      0      0      0
      0      0      0      0      0      0      0      0      0      0      0      0      2      0      0      0      1      1      4     11      4     31     24      5     27     43      8     15     32     52     47     49     50     47     73     71     72     64     71     88     76     58     75     64     99     77     75     95    106     71     35     96     61     43    150     48     50     61     29     18     36     10     50     10     29      6      2     14     21     13      4      8     39      3      8      7     12      0     11      0      2      1      2      0      0      0      0      0      0      0     12      4      0      0      0      0      0      0      2      0
      0      0      0      0      0      0      0      0      0      0      0      0      0      0      0      1      0      2      3      3      9      7      2     17      3     23     24     32     30     48     59     74     51     35    118    158     98    148     90    107     78     71    164     82     99     83     37     80     63     78    101    128     44     48     47     44     84     48     23     23      8     22     28     24      8     17      7     22      9      0     14      0     12      6      4      8      0      0      3      5      0      0      9      3      5      0      0      0      0      0      0      0      2      1      0      0      0      2      0      0
      0      0      0      0      0      0      0      0      0      0      0      0      0      0      0      3      7      0      0     10      3      8      9      6     23     18      3     44     54     66     52     71     62     82     81     91     65    161    135     84    114    124    137     49     68     94     97     87     66     56     90     71     66     45     23     18     41     60     12     36     33     31     17     20     12     29     16     26     12     12     12      6     35      0      5      9      8      0     15      8      0      3      1      5      1      0      0      0      0      0      1      0      0      0      0      2      0      0      0      0
      0      0      0      0      0      0      0      0      0      0      6      0      0      0      3      0      0      3      0      0      6      6     23     11      1     15     14     49     44     56     61     59     67     75     81     57     77     95    113    102     62    114     73     90    127    148     71     47    100     72     83     68     94     43     75     40     46     82     24     41     88     42     45      9     30     26     20     35     21     11     13     12     12      9     11      8      3      1      8     11      4      1     15      0      0      2      0      1      2      8      0      0      0      0      0      0      0      0      0      0
      0      0      0      0      0      0      0      0      0      0      0      0      0      0      0      8      0      1     15      5      6      5      4     18      3     74     32     34     34     64     32     72     85     98     51     93     84     67    106     70    120    101     75     49    132     67    108    121     73     64     64     67     27     64     69     95     63     58     53     67     17     18     28     29     19     26     33      8     14      1     24     22      7      8     21      0      5      5      0      1     15      0      6      7      0      0      2      0      3      0      1      0      0      0      0      0      0      0      0      0
      0      0      0      0      0      0      0      0      0      0      0      0      0      0      0      0      0      0      0      0      3      0     11     18     44     23     24     40     29     60     39     23     74     59     87     54     81     83     93    110     99     79    123     93     70     63     71     71     36     49     13     62     47     70    109     57     40     63     23     31     64     58     38     11      9     58     18      9     26     23     15     15     10      5      1     20     16     17      0      9      4      8      0      9      0      0      4      0      2      0      1      0      5      0      0      0      0      0      3      0
      0      0      0      0      0      0      0      0      0      0      0      0      0      0      0      0      7      0     16      0     15     10     39     29     14     28     71     32     17     41     82     45     50     71     90     45     79    113     43     80     87     59    135    101    110     72     55     44     65     84     66     66     72     47     94     74     12     60     23     49     23     41     63     39     16     29     41     24     35     18      7      8     33      2      0      1     11      0      7      0      2      0      0      0      5      0      9      0      0      0      0      7      0      0      3      0      0      0      0      0
      0      0      0      0      0      0      0      0      0      0      0      0      0      0      2      0      0      3      5      0      5     14     19     43     19     17     29     27     84     47     71    100     78    101     69     83     78     74     82     35     73     69    112     89     70    121     72     62     74     87     79     79     55     71     35     48     63     31     45     18     32     19     25     72      9      4     14     36     10     20     10     13     23     30      7      5     10      0      2      2      0      0     10      0      6      0      0      0      0      0      0      5      0      1      0      0      0      0      0      0
      0      0      0      0      0      0      0      0      0      0      0      0      0      0      0      1     18      3      0      0     10     13     14     15     22     40     19     38     55     35     62    103    120     57     66     83     83    114    128    117     81     90     64    137    106     59     91     77     84     80     64     37     34     50     63     54     56     39     53     22     57     31     56     12     29     17      9     33     11     11     18     28      8     20      2      0      0      2      0     12      5      0      9      1      3     10      1      1      1      0      0      2      2      0      2      0      0      0      0      0
      0      0      0      0      0      0      0      0      0      0      0      0      0      0      0      0      0      0      4      8      0     16      7      7     12     40     41     35     38    102     38     93     58     51    102     90     70    142    133    114    118     62     90     78     73     91    143     57     91     59     65     41     61     37     43     42     30     39     30     33     46     13     35     29      7     20      3     28      7     21     19     32     37     11      2      1      4      3      3      6      0      1      8      0     11      6     17      0      2      0      0      0      0      0      0      0      0      0      0      0
      0      0      0      0      0      0      0      0      0      0      0      0      0      0      0      0      6      0     18      1      1      2     11     22     24     27     32     59     24     72     40     59     45     75    140     43     61    103     66     68     98     43    114     73     91    112     92     55     71     69     45     71     62     69     42     31     56     43     30      5     75     36     26     12     19     13     22     19     16      9     19      3      0     19      0      4      2     14      6      6      1      3      0      7      0      0      5      2      0      2      0      0      0      0      0      0      0      0      0      0
      0      0      0      0      0      0      0      0      0      0      0      0      0      0      6      0      0      0      7      2     11      7     17     13     11     16     22     33     34     32     60     49     42     67     87     39    129     92     63     70     87     53    110    116     64    126     47    140     48     31     61     89     65     51     98     31     69     34     30     13     40     31     14     36     10      3      8     29     20      2      6     37      9      8      6     11      1      8      1      0      4     11      0      1      0      4      1      1      0      0      0      0      0      0      0      0      4      0      0      0
      0      0      0      0      0      0      0      0      0      0      0      0      0      0      0      8      0      0     27      7      5     15      1     18     39     33     12     28     81     74     73     43     47     66     67     79     76     51    113     77     87     58     77     42     62     56     31     49     56     64     77     61     63    124     20     29     51     30     47     17     25     36     30     44     21     10     57     11      8     21      4     10      1      9      1      9     10      0      8      0      3     17      1      0      0      7     13      0      2      0      0      0      1      0      0      0      0      0      0      0
      0      0      0      0      0      0      0      0      0      0      0      0      0      0      0      0      3      0      1      6     13     11      6      4     14     39     41     66      6     62     51     77     44     64     74    110     57     47     55     92     61     61    105     63     54     71     78     41     70     40     76     52     36     27     51     17     54     34     11     26      4     16     32     18      3     16      7      8      0      9     17      3      7      1      0      0     18     12      1      2      0      4      0      0      0      0      2      6      3      0      1      0      0      0      0      1      0      0      0      0
      0      0      0      0      0      0      0      0      0      0      0      0      0      0      0      0      4      0     12     17      4     12     11     32     26     24     15     18     14     36     52     50     33     51     42     37     59     48     77     97     85     99    125     62     57    108     91     30     63    112     69     82     73     12     43     37     25     43     27     38     33     58     17      9     18     14      3     27     21     34     12      5     12      6      0      1      0      1     10      0      2      0      0      0      1      0      0      0      0      0      0      0      0      0      0      0      0      0      0      0
      0      0      0      0      0      0      0      0      0      0      0      0      7      0      0      0      0      0      1      6      6      3     10      2      9     12      6     27     27     20     31     50     57     25     33    102     41     67     53     71     64     66     75     95     35     61     69     38     79     93     85     42     57     54     45     38     32     11     23     35     21     28     19     25      4     36     11      3      0      4     36      5      0     16     10     17     17      2      3      0      0      0      1      1      5      0      2      1      0      0      0      0      0      0      0      0      0      0      0      0
      0      0      0      0      0      0      0      0      0      0      0      0      0      0      0      0      0      0      0      7      0     11     19     12     13     32     22     28     15     18     49     44     68     32     48     37     48     64     68     77     24    115     58     88     50     49    109     54     45     12     44     34     62     28     21     41     51     35     16     31     32     23     17     25     16     16     13      0     10     20     15      5      4     11      0      0      4      4      0      3      2      2      0      1      2      0      0      7      0      0      0      0      0      0     11      0      0      0      0      0
      0      0      0      0      0      0      0      0      0      0      0      0      0      0      0      0      0      0      6      0      5     23      6     14      6     27     19     18     43     52     15     18     10     55     41     47     68     45     56     54     43     82     79     56     29     73     51     42     60     34     57     76     25     66     45     38      7     11     44     58      4     23     60      3     17     13     18     15      7     19     15      5      6     12      0      3      4      0      7      0     17      4      2      0      0      0      1      5      0      0      0      5      0      0      0      0      0      0      0      0
      0      0      0      0      0      0      0      0      0      0      0      0      6      0      0      0      0      0      3      8     10      0     25     12     11     23      6     19     15     30     66     39     29     56     25     68     45     44     25     56     26     45     52     45     29     29     33    129     58      5     34     21     17     71     40      7     20     22     30     21     24      6     10     32      2     20     19      9     13      2     12     15      0      3      6     10      0      5      4      0      3      0      0      1      0      1      0      0      0      0      0      0      0      0      3      0      0      0      0      0
      0      0      0      0      0      0      0      0      0      0      0      0      0      0      0      0      0      0      5      0      1      2     21      4     22      7     22     15     45     39     29     13     14     34     67     42     59     48     51     29     41     23     43     26     42    114     31     34     24     47     43      2     10     36     14     22      8     22      8     24     16     33      6      8     11     20      9      0      4     11      4      5      1      3      8     14      6      1      5      0      0      0      0      0      0      4      0      5      1      2      0      0      0      0      0      0      0      0      0      0
      0      0      0      0      0      0      0      0      0      0      0      0      0      0      1      3      0      0      2      0      3      9      1      0      8     17      7     58     16     18     36      4     26     40     68     31     26     58     37     49     53     29     61     53     65     53     44     51     52     31     17     48     34     30     39     14     11     24     19     19     13     22     33      4     33      4      7     12      4      0      0      0      1      6      7      3     13      1      0     16      0      0      2      0      1      0      1      0      6      0      0      0      0      0      5      0      0      0      0      0
      0      0      0      0      0      0      0      0      0      0      0      0      0      0      2      0      0      0      0      0      0      3      7     27     29      4      9     10     22     27     31     12     27     70     12     22     41     30     22     40     14     13     50     55     49     34     43     45     28     64     30     11     35     19      6     35     32     52     12      2      5     41     39     10     38      4      3      4      1      2      6      1     10      5     17      4      2      0      0      5      0      0      4      0      0      0      4      2      0      0      0      0      0      0      0      0      0      0      0      0
      0      0      0      0      0      0      0      0      0      0      0      0      0      0      0      0      2      1      6      0     16      2     10     23      4     11     20      6      5     27     24     27     19     26     22     55     25     18     36     24     17     28     23     26     19     17     27     48     30     25      9     10     42     20     22     26     22     10     12     29     11     19     13     12     15      9      5     30      0      0     15      1      0      4      2      6      0      0      0     13      0      0      1      0      0      0      0      0      0      0      0      0      0      0      0      0      0      2      0      0
      0      0      0      0      0      0      0      0      0      0      0      0      0      0      0      0      0      3      0      8      2      1      4      0     10     32      8      4     15      7     14      6     10     31     38      7     58     65     35     20      3     73     33     28     26     53     38     25     40     12     40     20     12     31      3     34      7     26     17      9     14     12      4     20     10      0      7      0     12      7      6     20      0      1      0      0     13      0      0      0      0      0      0      0      0      0      0      0      0      0      0      0      0      1      1      0      0      0      0      0
      0      0      0      0      0      0      0      0      0      0      0      0      0      0      0      0      0      0      0      0      0      0      1      0      0      4     16     15     14     20     13     12     19     34     20     15     16     24     16     36     44      9     24      6     25     19     18     18     34     22     24      7      0      9     13      8      9     16     14     22     30      1      3     20      5      4      8      2      9      0      1     10      0      0      0      0      4      0      0      0      4      0      0      0      0      0      0      0      0      0      0      0      0      0      0      0      0      1      0      0
      0      0      0      0      0      0      0      0      0      0      0      0      0      0      0      0      0      0      1      0      0      4      1      0      0      8      4     15     30      6      3     28      5     18     37     17      7     36     22     25     43     30     32     33     25     40      3     33     24     60     27     11     24      8      9     10      1     13     14     24     14      7      8     12     10     11      5      1      3      3      2      1      1      3      3      0      0      0      0      0      8      0      0      0      0      0      3      0      0      0      0      2      0      0      0      0      0      0      0      0
      0      0      0      0      0      0      0      0      0      0      0      0      0      0      0      0      0      0      0      0      4      0      0      1      7      0      0     15     17     15     10     10     12     27     16     43     34     68     42     14     11     22     21     10     33     23     63     21     17     39     27      3     10      3     41     11     16     15     12     14      2     10     39      0     12      0      0     17      0      9      0      0     12      5      0      3      2      3      0      0      4     10      0      0      0      1      0      0      0      0      0      0      0      0      0      0      0      0      0      0
      0      0      0      0      0      0      0      0      0      0      0      0      0      0      0      0      5      4      0      5      0      3      2      4      2      4     15      0     13      3     13     13     10     12      9      7     30     64     13     25     15     20     13     14      8     12     23     10     18     19     21      5      9      6      5     12      8      6      0      3      4      0      4      0      6      5      1      3      1      0      2      1      0      0      0      0      2      0      0      4      0      0      0      0      0      0      0      0      0      0      0      0      0      0      0      0      0      0      0      0
      0      0      0      0      0      0      0      0      0      0      0      0      0      0      0      0      0      0      0      0      0      0      0      1      2      8     11      2      7      0     34      1     21      3      5     18     11      5     28     17     25     31      9     34      1      6     20     15      7     15      8      5      7      6     18      6      7      1     10      5      6      8      0      6      8     17     13      5      1      6      0      0      0      0      0      1      0      0      0      0      0      0      0      0      3      0      0      0      0      0      0      0      0      0      0      0      0      0      0      0
      0      0      0      0      0      0      0      0      0      0      0      0      0      0      0      0      0      0      0      0      0      0      3      0      0      6      0      0      4      7      5      5      5      7      0      2     10     13      4     22      0      3      5     22      7     12     10     11     14      9     10      1      1      5     20     23      0      4      3      6      6      6      0      0      2      1      0      0      0      4      0      0      0      0      3      0      0      0      0      0      0      9      0      0      2      0      0      0      0      0      0      0      0      0      0      0      0      0      0      0
      0      0      0      0      0      0      0      0      0      0      0      0      0      0      0      0      0      0      0      0      0      1      0      0      0     10      0      1     10      0     13      1     12      0      1      4      0      0      9     17      8      3     32      4      4      5      0      3      7     11      7      3     13      7      1      2      0      3     13     10      0      0      1      0      6      0      2      3      0      0      9      3      8      4      1      0      0      1      3      0      0      0      0      0      0      0      0      0      0      0      0      0      0      0      0      0      0      0      0      0
      0      0      0      0      0      0      0      0      0      0      0      0      0      0      0      0      0      0      0      2      4      0      0      2      0      0      4      0      7     19      1      0      7      0      1      0     16     17     30     21     10      8      3     10     22      0     20      7      2      0      6      2     26      1      2      0      0     12      0      0      3      6      0      2      0      0      9      0      4      5      0      0      0      0      9     11      0      0      0      0      0      0      0      0      0      0      0      0      0      0      0      0      0      2      0      0      0      0      0      0
      0      0      0      0      0      0      0      0      0      0      0      0      0      0      0      0      0      0      0      3      0      0      0      1      0      0      0      2      0      0      1      0      1      1      0      2      2      4     30     10      3      5     11      4     28     16      3      3      4      2      8      0      3      0      7      0      4      7      5      1      0      8      0      0      0      2      0      0      0      6      0      0      0      0      0      0      0      0      0      0      0      0      0      0      2      0      0      0      0      0      0      0      1      0      0      0      0      0      0      0
      0      0      0      0      0      0      0      0      0      0      0      0      0      0      0      0      0      0      0      0      0      0      0      0      1      0      0     13      0      0      0      1      6      0     22      0      4      3      0      0      5      2      2      4      1      0     16     38     14      3      0     17      3      9      2      1      0      1      3      0      2      0      6      1      2      6      0      2      0      0      0      1      0      0      0      0      0      0      0      0      0      0      0      4      0      0      0      0      0      0      0      0      0      0      0      0      0      0      0      0
      0      0      0      0      0      0      0      0      0      0      0      0      0      0      0      0      5      0      0      0      0      0      0      0      9      0      4      0      3      6      3      0      2     12      2      1      8      1      3     10      0      7      2      9     13      2      0      0      7      2     13      0      2      3      8      0      4      3      6      7      5      4      0      0      0      0      0      8      0      0      0      4      0      0      0      0      0      0      0      0      0      0      0      0      0      0      0      0      0      0      0      0      0      0      0      0      0      0      0      0
      0      0      0      0      0      0      0      0      0      0      0      0      0      0      0      0      0      0      0      0      0      0      0      0      0      4      0      0      3      0      2      6      0      7      4      1     10      1      1      8      4      3      0      0      7      2     29      4      5      3      0      0      5      6      0     13      3      0      0      0      0      4      0      0      0      0      4      0      0      0      0      0      0      0      0      0      0      0      2      0      0      0      0      0      0      0      0      0      0      0      0      0      0      0      0      0      0      0      0      0
      0      0      0      0      0      0      0      0      0      0      0      0      0      0      0      0      0      0      0      1      0      0      0      0      0      0      0      2      0      2      2      1      4      0     15      0      0      0      0      0      0     22      8      2      7     17      0      0      0      0      0      2      0      2      5      5      0      0      6      1      0      2      3      1      0      4      0      0      0      6      0      0      0      0      0      0      3      0      0      0      0      0      0      0      0      0      0      0      0      0      0      0      0      0      0      0      0      0      0      0
      0      0      0      0      0      0      0      0      0      0      0      0      0      0      0      0      0      0      0      0      0      0      0      0      1      0      0      0      0      8      0      0      2      2      8      0      0      0      2     12      0      2      0      6      8      0      0      0      0      0      0      0     15      4      0      3      3      0      0      3      4      3      2      0      1      0      0      1      0      0      0      1      0      0      0      6      3      0      2      0      0      0      0      0      0      0      0      0      0      0      0      0      0      0      0      0      0      0      0      0
      0      0      0      0      0      0      0      0      0      0      0      0      0      0      0      0      0      0      0      0      0      0      0      0      0      0      0      0      0      0      0      0      0      0      6      2      2     11      2      0      7     10      0     32      0      0      0      2      0      3      5      4      0      0      0      0      0      0      0      0      0      1      0      0      0      0      0      0      0      0      0      0      0      0      0      0      0      0      0      0      0      0      0      0      0      0      0      0      0      0      0      0      0      0      0      0      0      0      0      0
      0      0      0      0      0      0      0      0      0      0      0      0      0      0      0      0      0      0      0      0      0      0      0      0      0      0      0      0      0     11      0      0      4      9      0      6      2      3      0      0      0      0      0      2      5      0      0      1      0      0      8      0      0      0      0      0      0      0      0      0      0      1      0      1      1      0      0      0      0      0      0      0      0      0      3      0      0      0      3      0      0      0      0      0      0      0      0      0      0      0      0      0      0      0      0      0      0      0      0      0
      0      0      0      0      0      0      0      0      0      0      0      0      0      0      0      0      0      0      0      0      0      0      0      0      0      0      0      0      0      0      0      1      0      0      4      0      0      0      4      0      0      0      0      2      2      0      0      7      0      3      0      0      2      0      0      0      0      9      0      0      4      0      4      0      0      0      0      0      0      0      0      0      0      0      0      0      0      0      0      0      0      0      0      0      0      0      0      0      0      0      0      0      0      0      0      0      0      0      0      0
      0      0      0      0      0      0      0      0      0      0      0      0      0      0      0      0      0      0      0      0      0      0      0      0      0      0      0      0      0     10      0      3      0      0      0      0      0      6      0     10      2      7      0      3      0      0      0      4      0      2      3      0      0      0      0      0      0      0      7      0      0      0      4      0      0      0      0      0      0      0      0      0      0      0      0      0      0      0      0      0      0      0      0      0      0      0      0      0      0      0      0      0      0      0      0      0      0      0      0      0
      0      0      0      0      0      0      0      0      0      0      0      0      0      0      0      0      0      0      0      0      0      0      0      0      0      0      2      0      2      0      0      0      0      5      0      0      0      0      0      0      0      3      0      0      0      0      1      0      0      0      0      0      0      5      1      0      0      0      0      0      0      0      0      0      0      0      0      0      0      0      1      0      0      0      0      0      0      0      0      0      0      0      0      0      0      0      0      0      0      0      0      0      0      0      0      0      0      0      0      0
      0      0      0      0      0      0      0      0      0      0      0      0      0      0      0      0      0      0      0      0      0      0      0      0      0      0      0      0      0      0      0      1      0      0      0      0      2      0      4      0      0      0      0      0      0      0      1      4      0      0      0      0      0      0      0      0      0      0      0      0      0      0      0      0      0      0      0      0      0      0      0      0      0      0      0      0      0      0      0      0      0      0      0      0      0      0      0      0      0      0      0      0      0      0      0      0      0      0      0      0
      0      0      0      0      0      0      0      0      0      0      0      0      0      0      0      0      0      0      0      0      0      0      0      0      0      0      0      0      0      0      0      0      0      0      0      0      0      0      0      0      0      0      0      0      0      0      0      0      2      0      7      0      0      0      0      0      0      0      0      0      0      0      0      0      0      0      0      0      0      0      0      0      0      0      0      0      0      0      0      0      0      0      0      0      0      0      0      0      0      0      0      0      0      0      0      0      0      0      0      0
      0      0      0      0      0      0      0      0      0      0      0      0      0      0      0      0      0      0      0      0      0      0      0      0      0      0      0      0      0      0      0      0      0      0      5      0      0      1      0      0      0      0      0      0      0      0      1      0      0      0      0      0      0      8      0      0      0      2      0      0      0      0      0      0      0      0      0      0      0      0      0      0      0      0      0      0      0      0      0      0      0      0      0      0      0      0      0      0      0      0      0      0      0      0      0      0      0      0      0      0
      0      0      0      0      0      0      0      0      0      0      0      0      0      0      0      0      0      0      0      0      0      0      0      0      0      0      0      0      0      0      0      0      0      0      0      0      0      0      0      0      0      0      0      0      0      2      0     13      0      0      0      0      0      0      0      0      5      0      0      0      0      0      0      0      0      0      0      0      3      0      0      0      1      0      0      0      0      0      0      0      0      0      0      0      0      0      0      0      0      0      0      0      0      0      0      0      0      0      0      0
      0      0      0      0      0      0      0      0      0      0      0      0      0      0      0      0      0      0      0      0      0      0      0      0      0      0      0      0      0      0      0      0      0      0      0      0      1      0      2      4      0      0      0      0      0      0      0      0      0      0      9      0      0      0      0      2      0      0      0      0      0      0      0      0      0      5      0      0      0      0      0      0      0      0      0      0      0      0      0      0      0      0      0      0      0      0      0      0      0      0      0      0      0      0      0      0      0      0      0      0
      0      0      0      0      0      0      0      0      0      0      0      0      0      0      0      0      0      0      0      0      0      0      0      0      0      0      0      0      0      0      3      0      0      0      0      0      0      0      0      0      0      0      0      0      0      0      0      0      0      0      0      0      0      0      0      0      0      0      0      0      0      0      0      0      0      0      0      0      0      0      0      0      0      0      0      0      0      0      0      0      0      0      0      0      0      0      0      0      0      0      0      0      0      0      0      0      0      0      0      0
      0      0      0      0      0      0      0      0      0      0      0      0      0      0      0      0      0      0      0      0      0      0      0      0      0      0      0      0      0      0      0      0      0      0      0      0      0      0      0      0      0      0      0      0      1      4      0      0      0      0      0      0      0      0      0      0      0      0      0      0      0      0      0      0      0      0      0      0      0      0      0      0      0      0      0      0      0      0      0      0      0      0      0      0      0      0      0      0      0      0      0      0      0      0      0      0      0      0      0      0
      0      0      0      0      0      0      0      0      0      0      0      0      0      0      0      0      0      0      0      0      0      0      0      0      0      0      0      0      0      0      0      0      0      0      0      0      0      0      0      0      0      0      1      0      4      0      2      0      0      0      0      0      0      0      0      0      0      0      0      0      0      0      0      0      0      0      0      0      0      0      0      0      0      0      0      0      0      0      0      0      0      0      0      0      0      0      0      0      0      0      0      0      0      0      0      0      0      0      0      0
      0      0      0      0      0      0      0      0      0      0      0      0      0      0      0      0      0      0      0      0      0      0      0      0      0      0      0      0      0      0      0      0      0      0      5      7      0      0      0      0      0      0      0      1      0      0      0      0      0      0      0      0      0      0      0      0      0      0      0      0      0      0      0      0      0      0      0      0      0      0      0      0      0      0      0      0      0      0      0      0      0      0      0      0      0      0      0      0      0      0      0      0      0      0      0      0      0      0      0      0
      0      0      0      0      0      0      0      0      0      0      0      0      0      0      0      0      0      0      0      0      0      0      0      0      0      0      0      0      0      0      1      8      0      0      0      0      0      0      0      0      0      4      1      0      0      0      0      0      0      0      0      0      0      0      0      0      0      0      0      0      0      7      0      0      0      0      0      0      0      0      0      0      0      0      0      0      0      0      0      0      0      0      0      0      0      0      0      0      0      0      0      0      0      0      0      0      0      0      0      0
      0      0      0      0      0      0      0      0      0      0      0      0      0      0      0      0      0      0      0      0      0      0      0      0      0      0      0      0      0      2      0      0      0      0      0      0      0      0      0      0      6      0      0      0      0      0      0      0      0      0      1      0      0      0      0      0      0      0      0      0      0      0      0      0      0      0      0      0      0      0      0      0      0      0      0      0      0      0      0      0      0      0      0      0      0      0      0      0      0      0      0      0      0      0      0      0      0      0      0      0
      0      0      0      0      0      0      0      0      0      0      0      0      0      0      0      0      0      0      0      0      0      0      0      0      0      0      0      0      0      0      0      0      0      0      0      0      0      0      0      0      0      0      0      0      0      0      0      0      0      0      0      0      0      0      0      0      0      0      0      0      0      0      0      0      0      0      0      0      0      0      0      0      0      0      0      0      0      0      0      0      0      0      0      0      0      0      0      0      0      0      0      0      0      0      0      0      0      0      0      0
