\ 
\ Covariance Function Histogram Table
\ 
\ X Parameter: Period
\ X Abbrev   : P
\ X Units    : days
\ X Items    : 100         
\ 
\ Y Parameter: Semi-Major Axis
\ Y Abbrev   : a
\ Y Units    : AU
\ Y Items    : 100         
\ 
|col000|col001|col002|col003|col004|col005|col006|col007|col008|col009|col010|col011|col012|col013|col014|col015|col016|col017|col018|col019|col020|col021|col022|col023|col024|col025|col026|col027|col028|col029|col030|col031|col032|col033|col034|col035|col036|col037|col038|col039|col040|col041|col042|col043|col044|col045|col046|col047|col048|col049|col050|col051|col052|col053|col054|col055|col056|col057|col058|col059|col060|col061|col062|col063|col064|col065|col066|col067|col068|col069|col070|col071|col072|col073|col074|col075|col076|col077|col078|col079|col080|col081|col082|col083|col084|col085|col086|col087|col088|col089|col090|col091|col092|col093|col094|col095|col096|col097|col098|col099|
|int   |int   |int   |int   |int   |int   |int   |int   |int   |int   |int   |int   |int   |int   |int   |int   |int   |int   |int   |int   |int   |int   |int   |int   |int   |int   |int   |int   |int   |int   |int   |int   |int   |int   |int   |int   |int   |int   |int   |int   |int   |int   |int   |int   |int   |int   |int   |int   |int   |int   |int   |int   |int   |int   |int   |int   |int   |int   |int   |int   |int   |int   |int   |int   |int   |int   |int   |int   |int   |int   |int   |int   |int   |int   |int   |int   |int   |int   |int   |int   |int   |int   |int   |int   |int   |int   |int   |int   |int   |int   |int   |int   |int   |int   |int   |int   |int   |int   |int   |int   |
      0      0      0      0      0      0      0      0      0      0      0      0      0      0      0      0      0      0      0      0      0      0      0      0      0      0      0      0      2      0      0      0      0      0      0      0      0      0      0      0      0      0      0      0      0      0      0      0      0      0      0      0      0      0      0      0      0      0      0      0      0      0      0      0      0      0      0      0      0      0      0      0      0      0      0      0      0      0      0      0      0      0      0      0      0      0      0      0      0      0      0      0      0      0      0      0      0      0      0      0
      0      0      0      0      0      0      0      0      0      0      0      0      0      0      0      0      0      0      0      0      0      0      0      0      0      0      0      0      0      0      0      0      0      0      0      0      0      0      0      0      0      0      0      0      0      0      0      0      0      0      0      0      0      0      0      0      0      0      0      0      0      0      0      0      0      0      0      0      0      0      0      0      0      0      0      0      0      0      0      0      0      0      0      0      0      0      0      0      0      0      0      0      0      0      0      0      0      0      0      0
      0      0      0      0      0      0      0      0      0      0      0      0      0      0      0      0      0      0      0      0      0      0      0      0      0      0      0      0      0      0      0      0      0      0      6      0      0      0      0      0      0      0      0      0      2      0      0      4      0      0      0      0      0      0      0      0      0      0      0      0      0      0      0      0      0      0      0      0      0      0      0      0      0      0      0      0      0      0      0      0      0      0      0      0      0      0      0      0      0      0      0      0      0      0      0      0      0      0      0      0
      0      0      0      0      0      0      0      0      0      0      0      0      0      0      0      0      0      0      0      0      0      0      0      0      0      0      0      0      0      0      0      0      0      2      0      0      0      0      0      0      0      0      0      0      0      0      0      0      0      0      0      0      0      0      0      0      0      0      0      0      0      0      0      0      0      0      0      0      0      0      0      0      0      0      0      0      0      0      0      0      0      0      0      0      0      0      0      0      0      0      0      0      0      0      0      0      0      0      0      0
      0      0      0      0      0      0      0      0      0      0      0      0      0      0      0      0      0      0      0      0      0      0      0      0      0      0      0      0      0      0      0      0      0      0      0      0      0      0      0      0      0      0      0      0      0      0      0      0      0      0      0      0      0      0      3      0      0      0      7      0      0      0      0      0      0      0      0      0      0      0      0      0      0      0      0      0      0      0      0      0      0      0      0      0      0      0      0      0      0      0      0      0      0      0      0      0      0      0      0      0
      0      0      0      0      0      0      0      0      0      0      0      0      0      0      0      0      0      0      0      0      0      0      0      0      0      0      0      0      0      0      0      0      0      0      0      0      1      0      0      0      0      0      0      0      0      0      0      0      0      1      0      0      0      0      0      0      0      0      0      0      0      0      0      0      0      0      0      0      0      0      0      0      0      0      0      0      0      0      0      0      0      0      0      0      0      0      0      0      0      0      0      0      0      0      0      0      0      0      0      0
      0      0      0      0      0      0      0      0      0      0      0      0      0      0      0      0      0      0      0      0      0      0      0      0      0      0      0      0      0      0      0      0      0      0      0      0      0      0      0      0      0      0      0      3      0      0      0      0      0      0      0      8      0      6      0      0      0      0      0      0      0      0      0      3      0      0      0      0      0      0      0      0      0      0      0      0      0      0      0      0      0      0      0      0      0      0      0      0      0      0      0      0      0      0      0      0      0      0      0      0
      0      0      0      0      0      0      0      0      0      0      0      0      0      0      0      0      0      0      0      0      0      0      0      0      0      0      0      0      0      0      0      0      0      0      0      0      0      0      0      0      0      0      0      0      0      0      0      0      0      0      0      5      0      1      0      4      5      0      0      0      0      0      0      0      5      0      0      0      0      0      0      0      0      0      0      0      0      0      0      0      0      0      0      0      0      0      0      0      0      0      0      0      0      0      0      0      0      0      0      0
      0      0      0      0      0      0      0      0      0      0      0      0      0      0      0      0      0      0      0      0      0      0      0      0      0      0      0      0      0      0      0      0      0      2      0      0      0      0      0      0      0      0      0      0      0      0      0      1      0      0      0      4      0      6      0      0      0      0      0      0      0      0      0      0      0      0      0      0      0      0      0      0      0      0      0      0      0      0      0      0      0      0      0      0      0      0      0      0      0      0      0      0      0      0      0      0      0      0      0      0
      0      0      0      0      0      0      0      0      0      0      0      0      0      0      0      0      0      0      0      0      0      0      0      0      0      0      0      0      0      0      0      0      1      0      0      0      0      0      0      0      0      0      0      5      0      0      0      0      0      0      0      3      0      0      0      0      0      0      0      0      0      0      0      0      0      7      0      0      0      0      0      0      0      0      0      0      0      0      0      0      0      0      0      0      0      0      0      0      0      0      0      0      0      0      0      0      0      0      0      0
      0      0      0      0      0      0      0      0      0      0      0      0      0      0      0      0      0      0      0      0      0      0      0      0      0      0      0      0      3      0      5      1      0      0      0      0      0      0      0      6      0      0      0      0      0      0      0      5      0      1      0      0      1      0      3      0      0      0      0      0      0      0      0      0      0      0      0      0      0      0      0      0      0      0      0      0      0      0      0      0      0      0      0      0      0      0      0      0      0      0      0      0      0      0      0      0      0      0      0      0
      0      0      0      0      0      0      0      0      0      0      0      0      0      0      0      0      0      0      0      0      0      0      0      0      0      0      0      0      0      0      0      0      0      0      9      0      0      0      0      0      0      0      0      1      0      0      0      2      0      0      6      1      0      0     10      0      0      0      0      0      5      0      0      0      2      0      0      0      0      0      0      0      0      0      0      0      0      0      0      0      0      0      0      0      0      0      0      0      0      0      0      0      0      0      0      0      0      0      0      0
      0      0      0      0      0      0      0      0      0      0      0      0      0      0      0      0      0      0      0      0      0      0      0      0      0      0      0      0      0      0      0      1      2      0      3      0      2      7      0      0      0      1      0      0      0      0      9      0      0      1      2      0      0      7      5      0      4      2      0      0      0      0      0      0      0      0      0      4      0      0      0      1      0      0      0      0      0      0      0      0      0      0      0      0      0      0      0      0      0      0      0      0      0      0      0      0      0      0      0      0
      0      0      0      0      0      0      0      0      0      0      0      0      0      0      0      0      0      0      0      0      0      0      3      2      0      0      1      0      0      0      0      0      0      1      0      0      0      0      0      0      0      0      0      0      1      0      0      0      1      6      0      1      0      0      2      5      0      0      1      0      2      3      0      7      0      0     17     13      0      0      3      0      0      0      0      0      0      0      0      0      0      0      0      0      0      0      0      0      0      0      0      0      0      0      0      0      0      0      0      0
      0      0      0      0      0      0      0      0      0      0      0      0      0      0      0      0      0      0      0      0      0      0      0      0      0      0      0      0      0      0      0      0      2      0      0      3      0      0      0      2      0      0      0      2      0      3      0      0      0      8      0      0      5      0      0      8      0      4      0      0     16      0      3      2      0      0      0      0      2      0      0      2      0      0      0      0      2      0      0      0      0      0      0      0      0      0      0      0      0      0      0      0      0      0      0      0      0      0      0      0
      0      0      0      0      0      0      0      0      0      0      0      0      0      0      0      0      0      0      0      0      0      0      0      0      0      0      0      0      7      0      1      0      0      0      0      0      0      0      0      0      6      2      2      2      0      0      3      0      0      3      6      0      9      0      2      3      4      3     17      0      0      0      0      1      0      4      0      4      0      0      0      0      0      6      3      0      0      0      0      9      0      0      0      0      0      0      0      0      0      0      0      0      0      0      0      0      0      0      0      0
      0      0      0      0      0      0      0      0      0      0      0      0      0      0      0      0      0      0      0      0      0      0      0      0      0      2      0      0      0      0      0      0      0      0      0      0      1      1      0      5      0      6      4      5      7      0      1      1      0      2      2      0     14     10      0      0      0      0      1      0      3      4      3      0      0      0      3      0      0      0      0      0      1      0      0      2      0      0      1      0      0      0      0      0      0      0      0      0      0      0      0      0      0      0      0      0      0      0      0      0
      0      0      0      0      0      0      0      0      0      0      0      0      0      0      0      0      0      0      0      0      0      0      0      0      3      0      8      0      0      0      0      6      0      0      0      4      7      0      4      4      0      3      3      0      2      0      0      4      1      6      1      2     13      1      1      4      0      0      6      0      2      1      0      1      0      7      0      0      0      0      0      0      0      0      0      0      0      0      0      0      0      0      0      0      0      0      0      0      0      0      0      0      0      0      0      0      0      0      0      0
      0      0      0      0      0      0      0      0      0      0      0      0      0      0      0      0      0      0      0      0      0      0      0      0      0      0      0      0      1      2      0      0      1      0      4      0      1      1      2      1      1      0      7     10      2      5      0      0      0      0      0      3      0      1      1      0     11      1      0      6      0     13      4      0      1      8     12      1      0      0      0      0      0      0      0      0      0      0      0      0      0      0      0      1      0      3      0      0      0      0      0      0      0      0      0      0      0      0      0      0
      0      0      0      0      0      0      0      0      0      0      0      0      0      0      0      0      0      0      0      0      3      0      0      1      0      0      0      7      0      3      0      0      0      0      0      0      4      0      0      9      6      0      8      2      3     13      0      0      0      4      0      5     17      3      0      3      1      6      1      0      4      4     12      9      0      0      5      0      3      0      0      0      4      6      9      0      0      0      0      0      0      0      0      0      0      0      0      0      0      0      0      0      0      0      0      0      0      0      0      0
      0      0      0      0      0      0      0      0      0      0      0      0      0      0      0      0      0      0      0      0      0      0      4      0      0      0      0      1      0      0      0      1      1      0      0      0      0      0      4      0      2      7      3      0     14      4      5      3     26      3     10      6      0      5      8      1      4      0      6      7      4      1      2      4      0      1      2      0      0      2      0      6      0      0      5      0      4      0      0      0      0      0      0      0      0      0      0      0      0      0      0      0      0      0      0      0      0      0      0      0
      0      0      0      0      0      0      0      0      0      0      0      0      0      0      0      0      0      0      0      0      0      0      0      0      0      0      0      0      3      0      0      0      0      3      9      4     15      3      0      8     16      2      3      7      8      1     10      7      4      4      4     13     13      4      5     21      2     24      7      0      3      5      0      1      1      0      4      6      0      0      7      1      0      0      0      0      0      0      0      0      0      0      0      0      3      0      3      0      0      0      0      0      0      0      0      0      0      0      0      0
      0      0      0      0      0      0      0      0      0      0      0      0      0      0      0      0      0      0      0      0      0      0      5      0      0      0      0      0      0      0      0      0      2      4      3      0      5      0      6      6      6      0      9      8     15     19      1      4      7      0      3      5      8      4     17     12     27      6      4      6      4     14      1      4      1      4      1      0      0      0      3      0      0      2      0      0      0      0      0      1      0      0      0      0      0      0      0      0      0      0      0      0      0      0      0      0      0      0      0      0
      0      0      0      0      0      0      0      0      0      0      0      0      0      0      0      0      0      0      0      0      0      0      0      3      0      0      0      2      0      1      6      7      1      9      0     22      0      4      4      0      7     22     16      5      5      4      9     21      7     11      6      3     10     15     21      1     12     27      7     12     11      6      5     12      7     16      2     17      9      2      5      0      0      0      0      0      5      0      0      9      0      0      0      0      0      0      0      0      0      0      0      0      0      0      0      0      0      0      0      0
      0      0      0      0      0      0      0      0      0      0      0      0      0      0      0      0      0      0      0      0      0      0      3      0      0      3      0      0      0      0      0     20      4     14      1      3      0     24     18      4      1      9      3      5     21     16     16     24      7      6     22      1     16     33      3      8      6     12     23      3      4      3     26      1      3      3      9      0      8      0      5      4      6      4      0      0      0      1      0      1      0      0      0      0      0      0      0      0      0      0      0      0      0      0      0      0      0      0      0      0
      0      0      0      0      0      0      0      0      0      0      0      0      0      0      0      0      0      0      5      0      0      0      0     11      0      2      0      0      0      0      0      9      0      1      0      6      0     17      7     18      1      1     16     14     38     35     18     17     11      5     13     43     14     17     12      4      2     14     12     15      1     10      6     25      3      5     22     16      2      0     13      5      2      0      0      1      3      0      0      2      0      0      0      0      0      5      0      0      0      0      0      0      0      0      0      0      0      0      0      0
      0      0      0      0      0      0      0      0      0      0      0      0      0      2      0      0      0      0      1      0      0      0      0      0      0      0      0      1      0      7      0      5     15      0      2      1      9     19     19      1     10      2     48      1     21     31      8      1     10      8     23     13      3     27     31     18     10     31     14     28     11      9      6      1      5     20     11      6      1      0      1      1      0      0      0      0      0      0      9      0      0      0      0      0      0      0      0      0      0      1      0      0      0      0      0      0      0      0      0      0
      0      0      0      0      0      0      0      0      0      0      0      0      0      0      0      0      0      4      0      0      0      5      0      0      0      1      2      2      2      0      1      6      9      2     12      9      1      7     41     32      6      4      3     12     14      5     15     18     29     20     19     28     29     12     29      7      7      7     12      7     21      8      8     12      4     12     17     36      2      0      1      6      1      0      1      2      3      3      4      0      3      0      1      0      0      0      0      0      0      0      0      0      0      0      0      0      0      0      0      0
      0      2      0      0      0      0      0      0      0      0      0      0      0      0      0      0      0      2      0      1      0      0      7      0      2      0      0      0     17      1     20     11      1      1     22      6      1     18      7     14     15     21     19     14     13      9     22      6     30     17     14     33     18     11     13     14     49     19      5     20      9      2      4      6      2      8      2     28      9      8      9      1      1      0      2      3      0      0      0      6      0      3      0      0      4      0      0      5      0      0      0      0      0      0      0      0      0      0      0      0
      0      0      0      0      0      0      0      0      0      0      0      0      0      0      0      0      0      6      0      6      0      2      1      4      1     18      0      0      6      9      4      4     34      2     15      5     12     11      8     36     32     15     33     24     22     60     20      3     13     23     11      9      4      9     10      5     32     10      7     29     13      4     17     16     22     24     21      0      7      2     27      0      3      1      0      4      0      0      0      0      2      0      0      1      0      1      0      3      0      0      0      0      0      0      0      0      0      0      0      0
      0      0      0      0      0      0      0      0      0      0      0      0      0      0      0      0      0      0      1      0      0      0      0      0      9     10      1      4      3      2      0      3      2      2     24      9     10      8     35     15     33     11     16     23     22     41     46      7     28     34     46     38     25      8     25     10     48     21     12     11     15     31      7     12      9     47     16      2     13      5      0      9     13      6      3      3      0      0      0      0      4      0      0      0      4      0      0      0      0      0      0      0      0      0      0      0      0      0      0      0
      0      0     11      0      0      0      0      0      0      0      0      0      0      0      2      0      6     11      1      0      4      2      3      7     30      1      0      9      5     17      7      0     41     21      1     10      5     14     22      9     10     21     18     28      3     11     26     50     30     22     25     42     26     31     34     26     27     20     21     18     27     24     26     13     33      9     17      6     14      3      7      7      3      8      5      1      0      6      3      1      0      0      5      0      0      0      0      0      0      0      0      0      0      0      0      0      0      0      0      0
      0      0      0      0      0      0      0      0      0      0      0      0      0      0      5      0      0      1      0      6      1      0      2      6      4      3      0      3      3     11     10     18     41     16     10     25     12     18     44     24     26     24     13     26     20     18     19     35     66     33     25     30     16     29     25     18     37     26     63     46     12     18     25     40     12     19     38      4     15     10     18     36      6      5      2      9      2      0      3      0      0      0      0      0      0      0      0      4      0      0      0      0      0      0      0      0      0      0      0      0
      0      0      0      0      0      0      1      0      0      0      1      0      0      2      0      0      0      4      5      0      1      2      4      0      1     26      3      8      6     16      2      7     24      9      3      8      9     11     27     35     16     17     16     22     45     38     17     29     29     34     29     80     26     36     45     16     33     12     31     13     40     46     34      8     10     15     24      6      6     23      2     14      8      0      0     19     15      7      2      4      1      4      0      0      0      0      0      0      0      0      0      0      0      0      0      0      0      0      0      0
      0      0      0      0      0      0      0      0      0      0      0      0      0      0      0      0      0      0      0      1      4      7      1     12      1     10      8      6     16      4     13      9      9      6      8     12     10     11     11     28     37     29     40     29     25     26     61     40     46     69     25     46     29     29     29     30     19     20     34     20     26     47     18     16     18     29      3     19     11      5     17     10     18     17      6     10      2      0      0      1      2      8      0      2      9      0      3      0      0      0      0      0      0      0      0      0      0      0      0      0
      0      0      0      0      0      0      0      0      0      0      0      2      0      7      1      0      1      0      0      0      3      2      0      0      6     14      7      4      2      6     18     19     12     23     11     27     32     23     42     45     40     12      4     34     51     35     16     37     54     31     39     47     39     48     49     28     59     35     37     13     23     29     46     29     47     13     23     25     22     23      5     18      3     18      8     11      9      2      0      3      0      0      0      0      0      0      0      0      0      0      0      0      0      0      0      0      0      0      0      0
      0      0      0      0      0      0      0      3      0      0      0      0      0      0      0     10      2     16      0      7     13      1      0      6      3      6      1      5      4     15      9      7      6     11     17     49     11     35     24     32     26     15     30     29     46     27     70     59     24     44     34     60     39     59     20     49     53     63     37     46     65     19     31     27     59     29     23     19     51     18      4      5     24      5      4      5      3      2      0      2      3      1      0      0      0      0      0      0      1      4      0      0      0      0      0      0      0      0      0      0
      0      0      0      0      0      0      2      0      0      0      0      0      1      0      0      0      2      0      0      0      4      4      3      5      1      2      5     11      3      3     12     14     23      4     35     14     21     30     19     24     11     34     49     29     56     54     57     39     35     68     70     73     24     44     29     99     51     56     70     50     22     57     64     43     28     14     35     22      5     25     36     13     28      4      2      7      3     10      0      0      0      0      1      0      3      0      4      0      0      0      1      0      0      0      0      0      0      0      0      0
      0      0      0      0      0      0      0      0      0      0      0      0      1      0      0      1      0      0      7     13      2      7      0      4      1      4     14      6     16     18     41     21     36      8     14     16     39     26     15     48     23     53     20     42     29     57     99     38     77     27     65     66     68     54     75     37     41     25     43     77     30     53     45     35     27     40     15     24     21     35     27     21     26      2      5     12     11      4      8      0      0      2      6      1      0      0      2      0      0      0      0      0      0      0      0      0      0      0      0      0
      0      0      0      0      0      0      0      0      0      8      0      0     12      6      6      0      5      1      2      0     25     21      3     12     10      1      6     19      2     21     23     29     28     21     15     16     29     30     46     15     39     26     36     61     26     41     27     44     39     50     93     23     54     57     27     42     64     41     66     35     35     90     59     49     11     27     64     27     35     16     36     12     23      9     39      0      7     12      6      2      2     15      0      1      0      0      0      0      0      0      0      0      0      3      2      0      0      0      0      0
      0      0      0      0      0      0      0      0      0      0      0      0      0      0      0      0      2      0     10      1     12     12      1      8     16      3     15     26     23      4     14      8      7     24     31     28     27     46     40     28     29     41     38     40     32     50     56     71     54     71     66     81     75     71     92     51     18     69     47     63     89     44     28     58     28     95     13     34      3     15     14     20     18      7      7      7      3      9      2      0      3      0      0      0      2      4      0      0      0     11      0      0      0      0      0      0      0      0      0      0
      0      0      0      0      0      0      0      0      0      0      6      0      0      0      4      0      1      6      6      7      2      3      8      1     16     16     35      2     29     35     16     12     36     12     50     46     32     26     18     64     45     36     62    108     36     51     47     78     53     75     91     45     55     84    113     51     63     12     32     66     67     69     51     68     51     63     16     15     44      8     18     23     18      9      2      3     13     13      1      9      2      2      7      0      2      0      0      0      2      0      0      0      0      0      0      0      0      0      0      0
      0      0      0      1      0      0      0      0      0      0      0      0      0      0      6      1      0      0     13      0      1      3     13      5      0     14      6     12     12     12     18     36     17      5     31     47     61     44     27     71     54     46     43     81    110     37     56    102     72     74     61    128     63     56     43     41     66     80     88    110     69     78     76     66     26     98     39      5     39     21     12     39     13     23      5     13     12      9      8      0      6      0      0      4      0      0      2      0      0      0      2      0      0      0      0      0      0      0      0      0
      0      0      2      0      0      0      0      0      0      0      0      3      0      0      0      0      1      0      0      0      4      7      3      1      6      6     22      6      5     14     21     19     25     25     33     28     26     64     34     45     38     49     31     44     43    102     61     88    123     65     31     55     64     92     94     41    101    134     93     50     25     53     40     54     51     44     48     29     19     18     33      8     11      9      8     18     28      0      3     13      0      5      2      0      0      0      0      0      0      0      0      2      0      0      0      0      0      7      0      0
      0      0      0      0      0      0      0      0      0      0      0      7      0      0      0      0      2      0      5      0      5      1      7     26      5      8     12     21     20     14     18     20     36     38     15     20     43     36     17     31     70     63    137     93     86     62    129    101     60     81     51     74     74     77     43     93     63     48     57     68     35     78     48     60     31     54     43     62     29     45     27     38      1     31     18     20      0      1      2      0      0     10      0      0      0      0      0      0      0      0      0      0      0      0      0      0      2      0      0      0
      0      0      0      0      0     12      2      0      0      0      0      0      5     12      5      0      7     11      0      0     11      1     15      8     10      2      6      0     19     17     28     26     39     23     25     62     35     17     58     47     63     62     60     82     59     86     79     77     78     37     66     99     74     63     73    110    119     61     50     44     75     99     59     63     16     21     95     36     36     18      7     32     22      6      1     11     11     17      0      5      8      2      0      0      4      2      0      0      0      0      0      0      0      0      0      0      0      0      0      0
      0      0      0      0      0      0      0      0      0      0      9      0      0      7      0      0     13      2      0      3      8      7      4      5     11     15     15      6     22     37     15     13     21     50     29     27     47     38     44     47     23     40     62    109     61     74     64    104     98     91     93     70    101     96     93     76     44    109     72     64    105     76     45     17     38     68     19     30     16     17     14      9     20     12     17      9      7      5      2      4      4      3      6      0      0      1      0      0      0      0      0      0      0      0      0      0      0      0      0      0
      0      0      0      0      0      1      0      1      1      4      0      3      0      0      0      2      2     12      7      0      0      0      7      7      1     19      8      6     13      6     33     45     29     29     58     31     33     34     55     52     53    131     10     60     67     44     75     99     74     58    133     92     77    123     98     76     84     83     45    109     47    140     60     44     31     51     48     67     26     38      8     16     12     17     23     10      0     28     12      3      5      3      0      6      0      0      0      7      0      0      0      0      0      0      0      0      0      0      0      0
      0      0      0      0      0      0      0      0      0      0      0      0      0      0      0      2      7      3      0      9      9      0     12     26     10     12      3     36     21      7     17     33     26     43     43     49     35     35     40     68    100     50     80    124     81     95     42     78    126    127     54    109    121     65     98    103     98     46     68     70     30     76     45     54     40     64     94     16     31     25      5     39     22     11     14     31     31      1      9      0      3     14      0      0      4      0      1      3      0      6      0      0      0      0      0      0      0      0      0      0
      0      0      0      0      0      0      0      0      0      0      0      0      0      0      8      0      9      0      2      0     23      0     10      5      0      7     16      1     41     45     19     18     23     29     39     31     50     73     45     17     85     94     45     69     85     61     94     71    104     70    112     76     65    130     59    113     38     79     52    122     83     87     97     31     77     68     60     26     26     20     27     36     20      4     15     22     20      4     12      0      1      0      0      0      0      5      0      0      0      0      0      0      0      0      0      0      0      0      0      0
      0      0      0      3      0      0      0      0      0      0      0      0      5      0      4      0      1      0      6      0      0     14      7      4     15      3      6      1     13     20     25     32     20     15     30     38     44     14     56     62     38     60    111     75     68     52     60     67     66     74    117    150     79     75     65    116    161    115     82     26     59     37     54     44     45     68     50     52      9     28     11     28     19      6      2      9     21     30      0      4      6      0      2      0      0      1      0      0      0      2      0      0      0      0      0      0      0      0      0      0
      0      0      0      2      0      0      0      0      0      0      0      0      2      5      0      9     11      4      1      2      0      2      2      6     29     17      2     12     21     17     30     11     20     17     37     29     12     30     61     45     58     64     69     43     65     96     80    111     48    102    137     70    101     78     69     42     53     64     62     43    114     80     57     26     63     65     32     74     24     13     29     21     11     16     15      7      2      6     13      8      5      4      1      4      1      0      0      0      0      0     22      0      0      0      0      0      0      0      0      0
      0      0      0      1      0      0      0      0      0      0      0      4      0      0      3      0      4      0      0      0      5     11      7      3      8     11      2      8     22     68     10     56     23     37     39     57     31     80     58     55     55     34     61    114     72     75     85     77     74     79    110    100     69     83     99     32     60     70    106     97     64     61     75     42     41     43     23     27     20     34     25     21     26      7     30     15      1      6      1      6      2      0      0     10      0      0     12      0      0      0      0      0      0      0      0      0      0      0      0      0
      0      0      0      0      0      0      0      0      3      0      6      7      7      4      5      0      0      0      0      1      0      0     10      0     20      1     32     18     44     12     11     23     42     47     31     30     37     56     32     18     48     53     58     50     98     89     91    108    120     46     57    117    111     61     83     95     48     98     43     61     45     52     67     45     81     55     23     32     38     29     32     12      8      8      6     31      2      0      0      1      4      1      5      3      1      0      0      0      4      0      0      0      0      0      0      0      0      0      0      0
      0      0      0      0      0      0      0      0      4      0      0      0      0      0      2      0      5      2      0      2      1      7     12     28     10     10      0     18     24     43     11     16     20     33     41     38     21     56     40     36     91     24     75     93     50     81     83     99     90     74     83    124    129    107     60     68     53     84     90     48    102     41     39     58     30     42     35     37     17     35     18      3     31      5     25      1      3     12     13     11      0     15      5      0      0      0      0      0      0      0      0      0      0      0      0      0      0      0      0      0
      0      0      0      0      0      0      0      0      1      5      0      0      2      3      3      0      0      3      0      0      1      1      0      0      0     16      2      8     34      7     16     45     16     43      5     38     50     37     47     47     69     35     97     59     74     63     68     76     50     89     81    102     85     56     45     91     62     64    150     44    113     94     72     35     66     44     34     34     49     39     47     19     11      6      6      7      5      6      2      0      1      0      0      0      2      0      1      0      0      0      0      0      0      0      0      0      0      0      0      0
      0      0      0      0      0      0      0      0      0      0      0      0      0      0      8      0      0      0      0      8      4      3      6      9      0     15      9     13      7     26     16     10     24     34     34     17     32     37     32     55     39     37     53     39     77    101    119    114    104     70     92     32    111     29     95     81     94     85    140     44     40     62     62     41     43     24     66     67     31     16     11      7     23     17      6      2     15      9      0      9      0      6      0      3      2      2      0      0      0      0      0      0      0      0      0      0      0      0      0      0
      0      0      0      0      5      0      0      3      0      0      0      0      7      0      0      6      0      2      0     11     21      3      2     33     11      7      5     14     14     14     15     44     29     47     38     31     13     45     74     76     58     35     63     81     43     56     69     42     51     74     74     82     98     70     84     33     99     48     80    111     65     41     17     45     39     26     30     21     40     39     14      6     21      7     17      9     10      1     11      0      0      1      6      0      0      2      0      0      0      0      0      2      0      0      0      0      0      0      0      0
      0      0      0      0      1      0      0      0      0      1      0      0      0      2      5      5      0      1      0      0      0      2     16      3      9     13      0     12     17     18     12     30     23     11     14     24     25     26     53     67     55     40     64     32     60     91     55     97     74     64     84     91    100     75     77     74     44     87     37     58     57     67     70     77     36     55     28     13     10     10     12     14      2      5     11      2      3      2      0     17      0      4      4      1      5      2      0      0      0      0      0      0      0      0      0      0      0      0      0      0
      0      0      0      0      0      0      0      0      6      0      0      0     10      4      0      2      0      0      0      0      0      4     16      3      0      0     16      8     12     25     22     23     20     19     17     32     45     65     47     31     69     22     52     54     49     48     64    103     61     41     80     51     92     68     40    107     73     54    111     58     45     48     22     54     24     47     32     88     19     12     18     22      4     32     21      1      3      2      1      0      0      3      5      0      0      6      6      0      0     19      0      0      0      0      0      0      0      0      0      0
      0      0      0      0      0      0      0      0      0      0      0      0     16      0      0      0      0      1      4      3      8     17      4      8     10     15     14      0     19     42     18     28     28     29     17      9     12     44     28     82     19     32    113     40     62     51     62     54     54    137     61    106     58     49     46     83     51     40     46     57     69     33     37     68     22     36     34     35     12      7     12     22     12      1      2      5      0     12      0      0      3      6      3      0      3      0      0      0      0      0      0      0      0      0      0      0      0      0      0      0
      0      0      0      0      0      0      0      0      0      0      0      0      0      0      0      1      5      1      0      1      5      3      6      0      9     14     12      9     15      8     25     18     41     23     16     13     21     17     12     48     18     30     11     48     74     41     56     85     31     97     35     42     70     58     66    118     72     37     69     47     45     40     34     16     28     13     32     19      8      9     17     37      5      4      6      3      3      4      5      0      9      0      5      4      0      0      0      0      0      0      0      0      0      0      0      0      0      0      0      0
      0      0      0      0      0      0      0      0      3      0      0      0      0      3      0      0      0      1      0      3      2      8      2      9      4      1      2      1     10      8     24     15     21     34     24     28     21     27     32     38     36     26     27     62     35     28     43     28     44     57     17     62     65     75     42     69     34     36     42     12     30     22     50     59     41     15     46     10      8      8     20     23     21      5     13      3      3      6      7      6      0      1      0      8      0      0      0      0      0      0      0      0      0      0      0      0      0      0      0      0
      0      0      0      0      0      0      0      0      0      0      0      0      2      0      0      0      3      1      1     11      0      1     10     12      1      5     18      9      9     11      4      2     30     18     35     24     23     24     26     86     54     35     31     17     53     92     21     28     30     18     80     18     14     56     73     60     29     63     36     71     32     34     70     10     40     49     12      8     10     17     11     11      0     11      0      7      1      3      0      5      0      9      0      0      0      0      0      0      0      0      0      0      0      0      0      0      0      0      0      0
      0      0      0      0      0      0      0      0      0      0      0     11      0      0      0      0      0      0      0      0      0      0      1      0      3      8      1      3      7      3      5     49      7     20     12     12     15     23      7     25     34     63     26     26     14     44     35     31     59     18     78     55     16     34     60     44     59     18     46     45     25     36     36     31      4      8     23      7     18     22      1     17     17     16      0      2     14     14      0      0      5      4      0      0      1      0      0      3      0      0      0      0      0      0      0      0      0      0      0      0
      0      0      0      0      0      0      1      3      0      0      0      0      0      0      0      1      0      0      0      0      0      0      5      5     16      0      5     18      4     18      8     12      5     16     16     21     22      2     20     30     17     46     31     41     36     33     35     50     51     36     31     82     39     29     29     38     35     54     39     15     41     43     26     22      8     24     26     32     21     14     26      6      3      2      1      1      0      2      6      0      0      2      0      0      0      0      0      0      0      0      0      0      0      0      0      0      0      0      0      0
      0      0      0      0      0      0      0      0      0      0      0      3      0      9      0      0      0      0      0      3      0      0      0      2     14      4      2      6      2      3     15      4     20      9      2      1     12     16     26     18     13     16     17      2     19     41     16     19     71     34     31     67     21     48     60     15     19     24     17     48     28     19     18     12     34     13     18     23      3      1      2      0      3      4      2     13     10      0      0      0      2      0      0      0      6      0      2      0      0      0      0      0      0      1      0      0      0      0      0      0
      0      0      0      0      0      0      0      0      0      0      0      0      0      0      0      0      0      0      6      4      1      0      7      5      1      3     26      1      1      3      7      6      5     22     12      0     19     13     14     28     23     40     14     28     32     31     15     23     28     13     27     33     29     19     53      9     38     57     11     30     17     43     19      9      8     16     22      1     11      7     25      2      0     21      0      3     14      1      0      0      0      0      0      0      0      0      0      0      0      0      0      0      0      0      0      0      0      0      0      0
      0      0      0      0      0      0      0      0      0      1      0      0      0      1      0      0      0      0      0      0      7      0      6      0      0      5      5      9      4      1      3     18     22     14      1     11     39     12     14     24     12     42     13     29     54     44     32     58     25     15     51     45     15     38     29     29     37     38     26     18     39     17     17     34     22     17      2      5      7     12      2      4      1      5      2      9      1      4      0      0      0      0      0      0      0      0      0      0      0      0      0      0      0      0      0      0      0      0      0      0
      0      0      0      0      0      0      0      0      8      0      0      0      0     12      2      0      0      0      1      4      0      0      3      0      3      3      7     10      7     13      2      6      0      6     18      2     16     12     10     26     43      1     37     34     23     20     28     33     28     22     29     33     60     18     26     45     30     46     40     29     17     40      5     15     11      2     14      3     12      0      6      6      6      0     13      3      3      0      0      0      0      0      0      0      0      0      0      0      0      0      0      0      0      0      0      0      0      0      0      0
      0      0      0      0      0      0      0      0      0      0      0      0      0      0      0      0      0      0      0     12      0      1      3      4      0      0      2      8      0     21      1      2      7     15      2     17     22     19      1     18      4     21      5     25     18      7     33      5     16      7     27     13      7     16     35     26      4     26     14     30      6      8     24     10     14      5     14     11      0      7      1      2      1      6      5      0      0     11      0      0      0      1      0      0      0      0      0      0      0      0      0      0      0      0      0      0      0      0      0      0
      0      0      0      0      0      0      0      0      0      0      0      0      1      0      0      1      0      0      0      4      0      0      0      0      1      6      3     10     11     17      3     10      0      3     10     13      9      2      8     16      8      8     27     25     16      9     18      5     31     16     24     29      8      9     32      2     10     13     16     16     13     23      1      9     33     20      6     22      2     20      1      0      3      0      7      3      1      1      3      0      0      0      0      1      0      0      0      0      0      2      0      0      0      0      0      0      0      0      0      0
      0      0      0      0      0      0      0      0      0      1      0      0      0      0      0      0      5      3     11      0      0      5      0      0      3     18      7      4      3      0      7      2      8      5      0      5      4      6     14     21      4      3      8     11     20     18      8      6     19      5      7     12     31      7     15      0     28     22     17     24     10      4      9      9      7      7     10     11      2      8      2     11      0      5     10      2      3      4      0      0      8      0      0      1      0      0      0      0      0      0      0      0      0      0      0      0      0      0      0      0
      0      0      3      0      0      0      0      0      0      0      0      0      0      0      0      0      0      0      0      0      0      0      0      0      0      4      0      0      6      2      0      0      3     17      9      6     12      6      7     15      5      3     13      7     21      2      7      6     27     14     17     16      8     17     10     25     45     35      1     27     22     20      9      8      5     10      0      1      1      0      1      6      0      0      0      0      0      0      1      0      0      0      1      0      0      0      0      0      0      0      0      0      0      0      0      0      0      0      0      0
      0      0      0      0      0      0      0      0      0      0      0      0      0      3      0      0      0      0      0      0      2      0      3      0      0      1      2      2     18      0      0      2      8      4      2      3      6      2     27      7      2      0     17      5     11      9     11      6     10     15     23      7      1      8     13      8     23      1      4     19      8     11      1      9      4      5      4     22      4      0      1      5     11      7      2      1      0      0      1      0      0      0      0      0      0      0      0      0      0      0      0      0      0      0      0      0      0      0      0      0
      0      0      0      0      0      0      0      1      0      0      0      0     14      0      0      6      0      0      0      0      3      0      0      0      0      0      0      0      0      2      2     14      3      1      2      5      1      7      1      4      5      4      3      2      3     20      5     15      7      9      8     11     15     11     13      2      0      8      7     24      9      8     11      0      6      0      2      6     26      3      0      0      3      1      7      0      0      0      2      0      0      0      0      0      0      0      0      0      0      0      0      0      0      0      0      0      0      0      0      0
      0      0      0      0      0      0      0      0      0      0      0      3      0      0      0      0      0      0      0      0      8      0      0      0      0      1      0      0      0      0      0      2      8      1      6      3      7      1      0      0      1      5     12      0     13      3     11     23      0      8     16     15      4      7      6      1      5      4      0     11      8      1      0      0      4      7      0     13      0      0      0      0      0      0      0      0      1      0      0      0      0     10      0      2      0      0      0      0      0      0      0      0      0      0      0      0      0      0      0      0
      0      0      0      0      0      0      0      0      0      0      0      0      0      0      0      0      0      0      0      0      5      0      0      1     17      0      0      0      0      2      0      1      0      0      6      8      8      0      4      0      0     12      5      5      2      1     10     31     16      8     22      3      6      5     14      6     27      5      0     11      1      6      0      1      5      2      0      4      0      2      0      0      0      0      0      0      0      0      0      0      0      0      0      0      0      0      0      0      0      0      0      0      0      0      0      0      0      0      0      0
      0      0      0      0      1      0      0      0      0      0      0      0      0      0      0      0      1      0      0      0      0      0     13      0      0      0      0      1      0      0      3      0      0      4      6      5      3      0     14      5      0      5     13      7     22      6      5     10      4      5     14     15      7      0      4      3      2     14      8     15      0     28      0      5      4      4      1      2      5      0      8      4      0      1      0      0      3      0      0      0      0      0      0      0      0      0      0      0      0      0      0      0      0      0      0      0      0      0      0      0
      0      0      0      0      0      0      0      0      0      0      0      0      0      0      0      0      0      0      0      0      0      0      0      0      0      0      0      0      2      2      3      0      0      5      0      8      2     15      7      0      0     12      0     17      3      7      0      1      2      0      0      2      0      0      0      0      3      0      1      9      5      2      4      0      0      0      1     13      0      0      0      0      2      3      9      0      0      2      0      0      0      0      0      0      0      0      0      0      0      0      0      0      0      0      0      0      0      0      0      0
      0      0      0      0      0      0      0      0      0      0      0      0      0      0      0      0      0      0      0      0      0      0      0      0      0      0      2      0      0      0      0      3      0      0      0      7      2      0      0      0      3      0     15     15      2      2      6      4     13      3      3      4      1      2      5     29      4      2      2      0      7      4      0      3      0      1      0      2      0      0      0      0      0      2      0      0      2      0      0      0      0      0      0      0      0      0      0      0      0      0      0      0      0      0      0      0      0      0      0      0
      0      0      0      0      0      0      0      0      0      0      0     10      0      0      0      0      0      0      0      0      0      0      0      0      0      0      4      4      0      0      0      0      5      0      0      0      1      2      0      0      4      0      2      0      0      0      0      0      9      0      0      0      7      1      0      2      0      0      1      8      1      8      3      8      0      0      0      0      0      0      3      0      1      7      2      0      0      0      0      0      0      0      0      0      0      0      0      0      0      0      0      0      0      0      0      0      0      0      0      0
      0      0      0      0      0      0      0      0      0      0      0      0      0      0      0      0      0      0      0      0      0      0      0      0      0      0      0      0      0      0      0      0      0      1      3      0      1      0      7      0      0      2      6      1      3      3      0      1      8      1      0      8      1      4      2      6      2      4      0      5      0      0      0      4      6      0      0      0      0      0      4      0      0      0      0      0      0      0      0      0      0      0      0      0      0      0      0      0      0      0      0      0      0      0      0      0      0      0      0      0
      0      0      0      0      0      0      0      0      0      0      0      0      0      0      2      0      0      0      0      0      0      0      0      0      0      0      0      0      0      0      0      0      0      0      0      0      0      1      0      2      4      0      6      6      3      0      0      2      1      5      1      0      0      0      0      1      0      0      0      0      1      0     11      0      0      0      0      0      0      0      0      6      0      0      0      0      0      0      0      0      0      0      0      0      0      0      0      0      0      0      0      0      0      0      0      0      0      0      0      0
      0      0      0      0      0      0      0      0      0      0      0      0      0      0      0      0      0      0      0      0      0      0      0      0      0      0      0      1      0      0      0      0      0      0      0      0      0      0      0      0      0      0      0      0      1      0      3      6      9      0      0      3      0      0      0      3      3      0      2      2      5      0      2      0      0      0      1      0      0      0      0      0      0     10      0      0      0      0      0      0      0      0      0      0      0      0      0      0      0      0      0      0      0      0      0      0      0      0      0      0
      0      0      0      0      0      0      0      0      0      0      0      0      0      0      0      0      0      0      0      0      0      0      0      0      0      0      0      0      0      0      0      0      0      0      2      0      0      0      0      0      0      0      0      1      0      0      0      0      1      0      6      6      9      0      0      0      0      2      1      0      0      0      6      5      0      0      0      0      0      0      0      0      0      0      0      0      0      0      0      0      0      0      0      0      0      0      0      0      0      0      0      0      0      0      0      0      0      0      0      0
      0      0      0      0      0      0      0      0      0      0      0      0      0      0      0      0      0      0      0      0      0      0      0      0      0      0      0      0      0      0      0      0     10      0      0      0      0      0      0      0      0      0      0      0      0      0      1      0      0      0      0      0      0      1      0     18      3      1      0      0      0      0      0      0      0      0      0      0      0      0      0      0      0      0      0      0      0      0      0      0      0      2      0      0      0      0      0      0      0      0      0      0      0      0      0      0      0      0      0      0
      0      0      0      0      0      0      0      0      0      0      0      0      0      0      0      0      0      0      0      0      0      0      0      0      0      0      0      0      0      0      0      0      0      0      0      0      0      0      0      0      0      0      1      2      2      0      0      0      1      2      0      0      0      0      0      0      0      3      0      1      1      3      0      0      0      0      3      0      0      0      0      0      0      0      0      0      0      0      0      0      0      0      0      0      0      0      0      0      0      0      0      0      0      0      0      0      0      0      0      0
      0      0      0      0      0      0      0      0      0      0      0      0      0      0      0      0      0      0      0      0      0      0      0      0      0      2      0      0      0      0      0      0      0      0      0      2      0      1      0      1      0      0      4      0      0      0      0      1      0      2      3      0      4      0      0      0      3      0      0      3      3      3      2     10      2      0      0      0      0      0      0      0      0      9      0      0      0      0      0      0      0      0      0      5      0      0      0      0      0      0      0      0      0      0      0      0      0      0      0      0
      0      0      0      0      0      0      0      0      0      0      0      0      0      0      0      0      0      0      0      0      0      0      0      0      0      0      0      0      0      0      0      0      0      0      0      0      0      0      0      0      0      0      6      0      0      0      0      2      0      0      0      3      0      0      0      0     13      0      0      0      0      0      0      0      0      0      0      0      0      0      0      0      0      0      0      0      0      0      0      0      0      0      0      0      0      0      0      0      0      0      0      0      0      0      0      0      0      0      0      0
      0      0      0      0      0      0      0      0      0      0      0      0      0      0      0      0      0      0      4      0      0      4      0      0      0      0      0      0      0      0      0      0      0      0      0      0      0      0      0      0      2      0      0      8      0      1      0      0      0      1      0      0      0      0      0      0      0      0      0      0      0      0      0      0      0      0      0      0      0      0      0      0      0      0      0      0      0      0      0      0      0      0      0      0      0      0      0      0      0      0      0      0      0      0      0      0      0      0      0      0
      0      0      0      0      0      0      0      0      0      0      0      0      0      0      0      0      0      0      0      0      0      0      0      0      3      0      1      0      0      0      0      0      0      0      0      0      0      0      0      4      0      0      0      0      0      0      0      0      0      4      0      0      0      0      0      0      0      0      0      0      0      0      0      0      0      0      0      0      0      0      0      0      0      0      0      0      0      0      0      0      0      0      0      0      0      0      0      0      0      0      1      0      0      0      0      0      0      0      0      0
      0      0      0      0      0      0      0      0      0      0      0      0      0      0      0      0      0      0      2      0      0      0      0      0      0      0      0      0      0      0      1      0      0      0      0      0      0      0      0      0      0      0      0      0      0      0      0      0      2      0      0      0      0      0      1      0      0      0      0      0      0      0      0      0      0      0      0      0      2      0      0      0      0      0      0      0      0      0      0      0      0      0      0      0      0      0      0      0      0      0      0      0      0      0      0      0      0      0      0      0
      0      0      0      0      0      0      0      0      0      0      0      0      0      0      0      0      0      0      0      0      0      0      0      0      0      0      0      0      0      0      0      0      0      0      0      0      0      0      0      0      0      0      0      0      0      0      0      0      3      0      0      0      3      0      0      0      0      0      0      0      0      0      0      0      0      0      0      0      0      0      0      0      0      0      0      0      0      0      0      0      0      0      0      0      0      0      0      0      0      0      0      0      0      0      0      0      0      0      0      0
      0      0      0      0      0      0      0      0      0      0      0      0      0      0      0      0      0      0      0      0      0      0      0      0      0      0      0      0      0      0      0      0      0      0      0      0      0      0      0      0      0      0      0      0      0      0      0      0      0      0      0      0      0      0      0      0      0      0      0      0      0      0      0      0      0      0      0      0      0      0      0      0      0      0      0      0      0      0      0      0      0      0      0      0      0      0      0      0      0      0      0      0      0      0      0      0      0      0      0      0
      0      0      0      0      0      0      0      0      0      0      0      0      0      0      0      0      0      0      0      0      0      0      0      0      0      0      0      0      0      0      0      0      0      0      0      0      0      0      0      0      0      0      0      0      0      0      0      0      0      0      0      0      0      0      0      0      0      0      0      0      0      0      0      0      0      0      0      0      0      0      0      0      0      0      0      0      0      0      0      0      0      0      0      0      0      0      0      0      0      0      0      0      0      0      0      0      0      0      0      0
      0      0      0      0      0      0      0      0      0      0      0      0      0      0      0      0      0      0      0      0      0      0      0      0      0      0      0      0      0      0      0      0      0      0      0      0      0      0      0      0      0      0      0      0      0      0      0      0      0      0      0      0      0      1      0      0      0      0      0      1      0      0      0      0      0      0      0      0      0      0      0      0      0      0      0      0      0      0      0      0      0      0      0      0      0      0      0      0      0      0      0      0      0      0      0      0      0      0      0      0
      0      0      0      0      0      0      0      0      0      0      0      0      0      0      0      0      0      0      0      0      0      0      0      0      0      0      0      0      0      0      0      0      0      0      0      0      0      0      0      0      0      0      0      0      0      0      0      0      3      0      0      0      0      0      0      0      0      0      0      0      0      0      0      0      0      0      0      0      0      0      0      0      0      0      0      0      0      0      0      0      0      0      0      0      0      0      0      0      0      0      0      0      0      0      0      0      0      0      0      0
      0      0      0      0      0      0      0      0      0      0      0      0      0      0      0      0      0      0      0      0      0      0      0      0      0      0      0      0      0      0      0      0      0      5      0      0      0      0      0      0      0      0      0      0      0      0      0      0      0      0      0      0      0      0      0      0      0      0      0      0      0      0      0      0      0      0      0      0      0      0      0      0      0      0      0      0      0      0      0      0      0      0      0      0      0      0      0      0      0      0      0      0      0      0      0      0      0      0      0      0
      0      0      0      0      0      0      0      0      0      0      0      0      0      0      0      0      0      0      0      0      0      0      0      0      0      0      0      0      0      0      0      0      0      0      0      0      0      0      0      0      0      0      0      0      0      0      0      0      0      0      0      0      0      0      0      0      0      0      0      0      0      0      0      0      0      0      0      0      0      0      0      0      0      0      0      0      0      0      0      0      0      0      0      0      0      0      0      0      0      0      0      0      0      0      0      0      0      0      0      0
