\ 
\ Covariance Function Histogram Table
\ 
\ X Parameter: Period
\ X Abbrev   : P
\ X Units    : days
\ X Items    : 100         
\ 
\ Y Parameter: RV Semi-Amplitude
\ Y Abbrev   : K
\ Y Units    : m/s
\ Y Items    : 99          
\ 
|col000|col001|col002|col003|col004|col005|col006|col007|col008|col009|col010|col011|col012|col013|col014|col015|col016|col017|col018|col019|col020|col021|col022|col023|col024|col025|col026|col027|col028|col029|col030|col031|col032|col033|col034|col035|col036|col037|col038|col039|col040|col041|col042|col043|col044|col045|col046|col047|col048|col049|col050|col051|col052|col053|col054|col055|col056|col057|col058|col059|col060|col061|col062|col063|col064|col065|col066|col067|col068|col069|col070|col071|col072|col073|col074|col075|col076|col077|col078|col079|col080|col081|col082|col083|col084|col085|col086|col087|col088|col089|col090|col091|col092|col093|col094|col095|col096|col097|col098|
|int   |int   |int   |int   |int   |int   |int   |int   |int   |int   |int   |int   |int   |int   |int   |int   |int   |int   |int   |int   |int   |int   |int   |int   |int   |int   |int   |int   |int   |int   |int   |int   |int   |int   |int   |int   |int   |int   |int   |int   |int   |int   |int   |int   |int   |int   |int   |int   |int   |int   |int   |int   |int   |int   |int   |int   |int   |int   |int   |int   |int   |int   |int   |int   |int   |int   |int   |int   |int   |int   |int   |int   |int   |int   |int   |int   |int   |int   |int   |int   |int   |int   |int   |int   |int   |int   |int   |int   |int   |int   |int   |int   |int   |int   |int   |int   |int   |int   |int   |
      0      0      0      0      0      0      0      0      0      0      0      0      0      0      0      0      0      0      0      0      0      0      0      0      0      0      0      0      0      0      0      0      0      0      0      0      0      0      0      0      0      0      0      2      0      0      0      0      0      0      0      0      0      0      0      0      0      0      0      0      0      0      0      0      0      0      0      0      0      0      0      0      0      0      0      0      0      0      0      0      0      0      0      0      0      0      0      0      0      0      0      0      0      0      0      0      0      0      0
      0      0      0      0      0      0      0      0      0      0      0      0      0      0      0      0      0      0      0      0      0      0      0      0      0      0      0      0      0      0      0      0      0      0      0      0      0      0      0      0      0      0      0      0      0      0      0      0      0      0      0      0      0      0      0      0      0      0      0      0      0      0      0      0      0      0      0      0      0      0      0      0      0      0      0      0      0      0      0      0      0      0      0      0      0      0      0      0      0      0      0      0      0      0      0      0      0      0      0
      0      0      0      0      0      0      0      0      0      0      0      0      0      0      0      0      0      0      0      0      0      0      0      0      0      0      0      0      0      0      0      0      0      0      4      0      0      0      0      0      0      0      0      0      0      0      0      0      0      0      2      0      0      6      0      0      0      0      0      0      0      0      0      0      0      0      0      0      0      0      0      0      0      0      0      0      0      0      0      0      0      0      0      0      0      0      0      0      0      0      0      0      0      0      0      0      0      0      0
      0      0      0      0      0      0      0      0      0      0      0      0      0      0      0      0      0      0      0      0      0      0      0      0      0      0      0      0      0      0      0      0      0      0      0      0      0      2      0      0      0      0      0      0      0      0      0      0      0      0      0      0      0      0      0      0      0      0      0      0      0      0      0      0      0      0      0      0      0      0      0      0      0      0      0      0      0      0      0      0      0      0      0      0      0      0      0      0      0      0      0      0      0      0      0      0      0      0      0
      0      0      0      0      0      0      0      0      0      0      0      0      0      0      0      0      0      0      0      0      0      0      0      0      0      0      0      0      0      0      0      0      0      0      0      0      0      0      0      0      0      0      0      0      0      0      0      0      0      0      3      0      0      7      0      0      0      0      0      0      0      0      0      0      0      0      0      0      0      0      0      0      0      0      0      0      0      0      0      0      0      0      0      0      0      0      0      0      0      0      0      0      0      0      0      0      0      0      0
      0      0      0      0      0      0      0      0      0      0      0      0      0      0      0      0      0      0      0      0      0      0      0      0      0      1      0      0      0      0      0      0      0      0      0      0      0      0      0      0      0      0      0      0      0      0      0      0      0      0      0      0      0      0      0      0      0      0      0      0      0      1      0      0      0      0      0      0      0      0      0      0      0      0      0      0      0      0      0      0      0      0      0      0      0      0      0      0      0      0      0      0      0      0      0      0      0      0      0
      0      0      0      0      0      0      0      0      0      0      0      0      0      0      0      0      0      0      0      0      0      0      0      0      0      0      0      0      0      0      0     12      6      0      0      0      0      0      0      0      0      0      2      0      0      0      0      0      0      0      0      0      0      0      0      0      0      0      0      0      0      0      0      0      0      0      0      0      0      0      0      0      0      0      0      0      0      0      0      0      0      0      0      0      0      0      0      0      0      0      0      0      0      0      0      0      0      0      0
      0      0      0      0      0      0      0      0      0      0      0      0      0      0      0      0      0      0      0      0      0      0      0      0      0      0      0      5      0      0      0      0      0      5      0      0      1      0      0      0      0      0      0      0      0      0      0      3      0      0      5      0      0      0      0      0      0      0      0      0      1      0      0      0      0      0      0      0      0      0      0      0      0      0      0      0      0      0      0      0      0      0      0      0      0      0      0      0      0      0      0      0      0      0      0      0      0      0      0
      0      0      0      0      0      0      0      0      0      0      0      0      0      0      0      0      0      0      0      0      0      0      0      0      0      0      7      0      0      0      0      0      0      0      4      0      2      0      0      0      0      0      0      0      0      0      0      0      0      0      0      0      0      0      0      0      0      0      0      0      0      0      0      0      0      0      0      0      0      0      0      0      0      0      0      0      0      0      0      0      0      0      0      0      0      0      0      0      0      0      0      0      0      0      0      0      0      0      0
      0      0      0      0      0      0      0      0      0      0      0      0      0      0      0      0      0      0      0      0      1      0      0      0      0      0      0      0      0      0      0      0      0      0      0      0      0      0      0      0      3      0      0      0      7      5      0      0      0      0      0      0      0      0      0      0      0      0      0      0      0      0      0      0      0      0      0      0      0      0      0      0      0      0      0      0      0      0      0      0      0      0      0      0      0      0      0      0      0      0      0      0      0      0      0      0      0      0      0
      0      0      0      0      0      0      0      0      0      0      0      0      0      0      0      0      0      0      0      0      0      0      5      0      0      0      3      0      0      0      5      0      0      1      0      0      0      1      0      0      0      0      0      1      0      3      0      0      0      0      0      0      6      0      0      0      0      0      0      0      0      0      0      0      0      0      0      0      0      0      0      0      0      0      0      0      0      0      0      0      0      0      0      0      0      0      0      0      0      0      0      0      0      0      0      0      0      0      0
      0      0      0      0      0      0      0      0      0      0      0      0      0      0      0      0      0      0      0      0      0      0      0      0      0      0      0      0      1      0     10      0      0      0      0      7      0      0      0      2      0      0     10      0      0      1      0      0      0      0      0      0      0      0      0      5      0      0      0      0      0      0      0      0      0      0      0      0      0      0      0      0      0      0      0      0      0      0      0      0      0      0      0      0      0      0      0      0      0      0      0      0      0      0      0      0      0      0      0
      0      0      0      0      0      0      0      0      0      0      0      0      0      0      0      0      0      0      0      0      0      0      0      0      0     10      0      0      3      2      0      0      4      4      0      0      0      0      0      0      4      0      1      1      1      1      0     11      0      0      7      0      0      0      0      0      0      0      2      0      0      0      0      0      0      0      0      0      0      0      0      0      0      0      0      0      0      0      0      0      0      0      0      0      0      0      0      0      0      0      0      0      0      0      0      0      0      0      0
      0      0      0      0      0      0      0      0      0      0      0      0      0      0      0      0      0      0      0      2      0      0      3      5      0      0      5      2      0      0      0      0      0      2      4      0      0      0      0      3      0      0      0      0      0      1      3      0      3      1      2      0      0      3      0      0     13      0      0      0      0      0     17      0      0      0      0      0      0      0      0      0      0      0      0      0      0      0      0      0      0      0      0      0      0      0      0      0      0      0      0      0      0      0      0      0      0      0      0
      0      0      0      0      0      0      0      0      0      0      0      0      3      0      0      3      0      0      0      0      0      0      0      0      0      2      0      0      0      0      0      0      0      0      3      6      3      0      0      0      3      0      0      0      0      0      0      0      0      5      0      2      0      4      2      0      0      2      0      0     18      0      0      0      0      0      0      0      0      8      0      0      0      0      0      0      0      0      0      0      0      0      0      0      0      0      0      0      0      0      0      0      0      0      0      0      0      0      0
      0      0      0      0      0      0      0      0      0      0      0      0      0      0      3      0      0      0      0      0      0      3      0      2      0      0      0      2      0      0      0      6      0      3     10      3      0      3      3      0     10      0     14      0      0      2      0      4      0      0      0     20      0      0      0      0      4      0      0      0      0      0      0      4      0      1      0      0      0      0      0      0      0      0      0      0      0      0      0      0      0      0      0      0      0      0      0      0      0      0      0      0      0      0      0      0      0      0      0
      0      0      0      0      0      0      0      0      0      0      0      0      0      0      1      0      0      0      0      0      2      0      0      0      0      0      0      0      1      3      0      5      0      2      4      2      1      1      9      5      1      0      9      2      3      2     11      6      0      0      0      0      1      6      0      0      0      0      0      0      0      0      2      0      0      0      0      0      0      0      0      0      0      0      0      0      0      0      0      0      0      0      0      0      0      0      0      0      0      0      0      0      0      0      0      0      0      0      0
      0      0      0      0      0      0      0      0      0      0      0      0      0      3      0      0      0      0      1      0      4      0      0      0      4      0      0      6      2     17      0      0      4      0      0      1      0      0      3      0      0      2     12      2      0      0      5      8      2      0      3      2      0      4      0      0      4      0      1      3      0      0      1      0      0      0      0      0      0      0      0      0      0      0      0      0      0      0      0      0      0      0      0      0      0      0      0      0      0      0      0      0      0      0      0      0      0      0      0
      0      0      0      0      0      0      0      0      0      0      0      0      2      0      0      0      0      0      0      1      0      0      5      0      1      0      0      0      2      0      0     15      5      0      4      4      6     10      0      1      0      0      6      1      0      0      0     13      4     12      2      0      2      1      0      0      0      0      2      0      0      0      0      0      0      0      0      5      0      0      0      0      0      0      0      0      0      0      0      0      0      0      0      0      0      0      0      0      0      0      0      0      0      0      0      0      0      0      0
      0      0      0      0      0      0      0      0      0      0      0      0      0      0      0      0      0      0      0      0      1      2      0      0      1      6      3      0     11      1      6      7      8      6      1      9      7      3      6      6      0      2      8      0     15      8      0      1      5      2      9      0      1      3      5      0      3      6      1      1      1      0      0      0      0      0      0      0      0      0      0      0      0      0      0      0      0      0      0      0      0      0      0      0      0      0      0      0      0      0      0      0      0      0      0      0      0      0      0
      0      0      0      0      0      0      0      0      0      0      0      0      0      0      0      7      0      0      0      0      0      0      0      2      4      0      0      2      0     14      0      2      0      1      7      0      4      1      1      0      1      3      8      5     26      0     17      6      0      2      1      8     11      1      0      0      6      3      3      6      0      0      0      0      0      4      0      0      0      0      0      0      0      0      0      0      0      0      0      0      0      0      0      0      0      0      0      0      0      0      0      0      0      0      0      0      0      0      0
      0      0      0      0      0      0      0      0      0      0      0      0      0      0      0      0      1      2      1      0      7      0      1      0      6      4      1      1      6      5      3      0      1      5      2      3      0      3     11      5     24     23      3     12      3      8      3      7      3     16      6      7      9      0     17      4      5      0      0      0      6      8      0      0      2      0      0      0      0      0      0      0      0      0      0      0      0      0      0      0      0      0      0      0      0      0      0      0      0      0      0      0      0      0      0      0      0      0      0
      0      0      0      0      0      0      0      0      0      0      0      0      0      0      1      0      0      0      1      0      0      0      3      0      0      3      3      0      0      4      3      0      9      8     16      8      4     10      6      8      0      3      4      1      8      3     11     19     14     12      0      3      6      5      0      0      7      1      6      2      0      0      4      0      7      9      5      3      3      0      0      3      1      0      0      0      0      0      0      0      0      0      0      0      0      0      0      0      0      0      0      0      0      0      0      0      0      0      0
      0      0      0      0      0      0      0      0      0      0      0      0      0      0      0      0      0      8      0      0      0      0      6      8      2      0     14      3     11     13      1      1      3     25      2      2      4     15      9     20      7     12     13     19     20      8     22      5     11     13      7     19      7      2      1      5     33      0      0      7      5      0      2      0      1     12      2      0      0      1      4      0      1      0      0      0      0      0      0      0      0      0      0      0      0      0      0      0      0      0      0      0      0      0      0      0      0      0      0
      0      0      0      0      0      0      0      0      0      0      0      0      0      0      1      2      0      0      0      2      3      0      1      0      1     14      0      2      0      5      2      9     13     31     22     13      0      5     15     10      2     15     32     22     10     40      8     12     13      5     12     24      6      8      1     11      6      0      6      8      0      3      0      0      0      0      3      1      0      0      0      0      0      0      3      5      0      0      0      0      0      0      0      0      0      0      0      0      0      0      0      0      0      0      0      0      0      0      0
      0      0      0      0      0      0      0      0      0      0      0      0      0      0      0      0      0      0      0      0      3      5     16      5      2      0      2      3      6     11      8     15     24      2      3      2     34      9      7     12      3     14      6     23      8      4     41     29     15     40      1     14      8      7     24      7      9      0     17     10      5     15      0     10     12      0      0      2      6      0      0      0      0      0      0      0      0      0      0      0      0      0      0      0      0      0      0      0      0      0      0      0      0      0      0      0      0      0      0
      0      0      0      0      0      0      0      0      0      5      0      0      0      0      0      0      0      0      0      0      0      0      0     19      9      4      6      2      3      0      9      3     14      4     11     18     10     20     11     17     19      1     11     24      1      8     17      8      9     36     47      1      6      4     21      2     14      3      8     10      3     27      5      8     22      3      0      9      2      0      0      0      0      1      1      6      0      0      0      0      0      0      0      0      0      0      0      0      0      0      0      0      0      0      0      0      0      0      0
      0      0      0      0      0      0      0      0      0      0      0      0      0      3      0      0      2      0      0      0     10      2      0      0      0      3      4      7     12      1      5      3     19     19      3     14     44     26      3     18     17      8     14     10      7     36     19     16     32     12      3     45     21     14      4      7     17     22      0     10      5      3      2      9     14      1      6      9      0      1      0      0      2      0      0      0      0      0      0      0      0      0      0      0      0      0      0      0      0      0      0      0      0      0      0      0      0      0      0
      0      0      0      0      0      0      0      0      0      0      0      0      0      0      0      0      2      0      0      1     11      4      3      1      8      2     20     10      6      0      9     16     10     14     13     20     23     13     13     31     12      3     48      4     19     14     20     36     34     15      5     31     23     16      9      5     16      5     11      0      1      9     10      4      2      1      2      5      7      1      0      0      0      0      0      0      0      0      9      0      0      0      0      0      0      0      0      0      0      0      0      0      0      0      0      0      0      0      0
      0      0      0      0      0      0      0      0      0      0     10      0      0      0      1      0      0      0      0      0      0     22      3      3      4      9      1      0      6     14     16     17      5      6     22      8     20     24     30     33     21     22     23     20     46     23     18     24     37     18      9     18     10     33      5     14     13     12     12      9     25      2     24      6      7      2      4      3      0      0      0      3      0      5      0      1      0      0      0      0      0      0      0      0      0      0      0      0      0      0      0      0      0      0      0      0      0      0      0
      0      0      0      0      0      0      0      0      0      0      0     12      0      3      1      2      0      0      0      1     10      5      7      7      0      3      3     15     22     12     21      8     22     22     31     28     11     22      8      4     11     32     50     11     24     20     27     16     25     22     27     49     19     25     21     17     26     27     10      4     21     17      4     17     26      2      2      0      0      8      0      0      0      0      0      0      0      0      2      0      0      0      0      0      0      0      0      0      0      0      0      0      0      0      0      0      0      0      0
      0      0      0      0      0      0      0      0      0      0      0      0      0      0      1      0      1      1      0      3      2      4      4      0     12      2      0      3      7      9     12      6      7     34     12     29     34     46     10     18     13     52     86     33     29     25     23     24      4     33     45     11     22     27     35     35      8     18     33     26     32      8      7     10     11      1     18      0      4      4      0      2      5      0      1      0      2      0      0      0      0      2      0      0      0      0      0      0      0      0      0      0      0      0      0      0      0      0      0
      0      0      0      0      0      0      0      0      0      0      0      0      5      0      0      0      1      0      4      3      2      0      4      7      0     12     12      8     29     28     15     16     11      3     14     16     12     48     49     26     66     60     24     35     29     19     31     28     17     60     15     80     46     21     32     40     39     13     14     41     29      3     10      5     12     11     13      0      0      3      0      0      0     10      0      4      0      0      6      0      8      0      0      0      0      0      0      0      0      0      0      0      0      0      0      0      0      0      0
      0      0      0      0      0      0      0      0      0      0      0      0      0      1      4      0      4      0      0      8      7      3      4      3     16      0     19      7     11      0     13     38     59     29     16     14     28     10     30     56      7     33     32     29     29     51     33     34     25     35     37     39     17     26     30     31     20     18     12     13     28      2     11     28     16     11     23      8      6     10      3      5      0      1      0      1      0      0      0      0      0      1      1      0      0      0      0      0      0      0      1      0      0      0      0      0      0      0      0
      0      0      0      0      0      0      0      0      0      0      0      0      0      8      0      0      0      0      0      0      8      6     10      9      1      4      0      8     15     36     23      8     32     23     20     29     23     32     10     50     47     65     27     34     42     23     45     33     56     34     44     29     41      9     59     27     20      6     10     31     32     25     11      0     12      6     21      2      8      4      1      0      0      7      6      1      0      0      0      0      0      0      0      0      0      0      0      0      0      0      0      0      0      0      0      0      0      0      0
      0      0      0      0      0      0      0      0      0      0      0      0      0      3      4      0      5      1      0      0      6      4      7     17      9     17     20      4     41     26     35     23     21     18     17     29     23     18     37     39     24     60     33     35     49     24     27     35     78     34     66     69     23     20     38     55     16     35     21     20     25     24     12     22      4     21      3      6     28      2      9      8     12      1      0      0      0      9      0      0      0      0      0      0      0      0      0      0      0      0      0      0      0      0      0      0      0      0      0
      0      0      0      0      0      0      0      0      0      0      0      0      0      0      1      0      0      0      2      0      0      2      8      0      5      0     11      7     16     17     30     52     23     22     38     49     52     73     34     58     49     23     64     52     43     36     52     35     44     50     33     25     31     15     37     40     76     25     57     34     39     20     48     12      3      4     16      8      1      4     11      5     12      8      0      4      0      0      5      0      4      0      0      0      2      0      0      0      0      0      0      0      0      0      0      0      0      0      0
      0      0      0      0      0      0      0      0      0      0      0      0      0      0      4      4      0      8      1     13      4      2      0      0     10     12      7      8     23     19     21      9     13     31     30     46     18     60     51     84     37     35     59     81     61     43     66     72     33     36     43     79     43     49     36     22     30     61     27     39     63     35     16      5      9      0      2     12     15     25     16     10      0     15      2      1      2      7      0      0      1      0      0      0      0      0      0      0      3      0      0      0      0      0      0      0      0      0      0
      0      0      0      0      0      0      0      0      0      1      0      0      0      0      0      0      0      5      0      1      0      2     13      8     16      8     27      8     20      9      9     17     20     39     59     21     59     55     45     54     41     49     63     30     83     44     17     97     41     50     66     30     73     88     69     40     55     59     39     41     33     32     15     63      5     11     14     23      4     14     12      0      5      6     12      4      0      0      0      2      0      0      0      0      0      0      0      0      0      0      0      0      0      0      0      0      0      0      0
      0      0      0      0      0      0      0      0      0      0      0      0      0      0      0      5      2      5      0      1      3      5      4      7     19      1     26      4     16     14     24     27     24     31     55     33     20     52     30     79     78     46     38     56     89     62     69     40     54     98     64     52     74     51     59     52     15     53     65     51     23     34     32     16      3      8     27     14      9     24      6      0      5      9      6      0      1      0      1      7      4      0      3      0      0      0      0      0      0      0      0      0      0      0      0      0      0      0      0
      0      0      0      0      0      0      0      0      0      0      0      3      0      1      0      9      0      4      0      5      1      1      0      2     26     10     11     18     23      3     20     34     35     31     37    102     47     60     25     62     68     36     68     86     26     63     63     52    104     58     66     62     34     76     47     50     53     47     36     49     39     24     21     34     30     27     14     25     15      7      4     10      5      2      3      0      0     11      0      0      0     26      0      0      0      0      0      4      0      0      0      0      0      0      0      0      0      0      0
      0      0      0      0      0      0      0      0      0      0      5      0      0      0      1      0      0      0     16      2      4      0      5      6      8      7     22      7     46     24     24     53     25     34     40     83     77     25     18     41     44     47     49     45     66     57     89    103     66    115     31     94     60     69     37     44    105     36     56     26     49     78     50     36     32     47     17     38     20     24     19      1      7      1      7     12      5      0      7      0      0      4      2      0      0      0      0      0      1      0      0      0      0      0      0      0      0      0      0
      0      0      0      0      0      0      0      0      0      2      0      0      0      0      5      0      0      0      0      1      8      1      1      3     32     15     18     15     14     26     20     18     15    112     24     86     62     43     26     68     84     79     81     95     52    103     77     60     88    131     82     78     87     41     54     65     86     53     56     43     30     26     48     73     49      9     16     19      5     18     10     21      4      0     26     17      0     20     10      4      9      4      2      1      0      1      1      0      0      0      0      0      0      0      0      0      0      0      0
      0      0      0      0      0      0      0      0      0      0      0      0      0      3      0      0      0      1      1      2      0      3     18     13      4      9     35     23     23     29     41     32     17     58     36     93     34     51     27     50     85     74     44     51     96     36     66    151     26     32     33     70    124     65     76     38     75    101     51     50     61     25     42     38     27      2     21     26     14     34      7     11     24      9      3      0      6     15      4      2      0      0      1      0      0      8      0      0      0      0      0      0      0      0      0      0      0      0      0
      0      0      0      0      0      0      0      0      0      0      0      0      0      0      3      0      8      0      0      2     15     11     15      4      5     11     16     21     21     20     19     15      4     21     24     65     38     36     62     57     59     37     83    101     89     83     58     89     97     51    150    108     97     87    107     40     68     53     54     48     28     80     63     68     49     28     21     48     25     21     16     23     27      2      0      0      1     12      3      5      0      0      0      0      0      0      0      0      0      0      0      0      0      0      0      0      0      0      0
      0      0      0      0      0      0      0      0      0      0      0      0      0      3      4      2      3      0      0      0      0      0      1      7      8     21     11      9      7     33     27     27     29     53     83     47     40     28     59     54     86     62    150     74     73     81     26     69     41     47     91    118     79    130    103     62     49     59     76     40     54     62     39     42     59     61     23     35     17     16      2     25     12     20      0      5      8     12     19      7      0      3      0      3      0      0      0      0      0      0      0      0      0      0      0      0      0      0      0
      0      0      0      0      0      0      0      0      0      0      0      0      2     10      0      0      0      0      1      1      3      6      6      1      4     10      6     24     10     22     22     48     20     33     28     32     64     64     41     82     75     82     42    139    117     93     69     58     79     74     62     72     52    115     52     94     37     99     39     67     79     57     39     53     35     22     25     35     29     44     11      8      9     33      9      8     16      2      7      0      4      0      0      0      0      1      0      0      0      0      0      0      0      0      0      0      0      0      0
      0      0      0      0      0      0      0      0      0      0      0      0      0      0      0      3      0      3      0      2      0     10     16     18      5     15      5     28      8     20     30     21     26     37     54     49     65     48     71     64     51     76     99     83     68     98    106     74     93     65    134     75    108     51     77    120     79     55     89     61     18     67     78     71     45     20     76     21      9     35     12      9     13     25      0     22      0      5      1      0      0      2      0      0      0      1      0      0      0      0      0      0      2      0      0      0      0      0      0
      0      0      1      0      0      0      0      0      0      0      0      0      2      0      3      0      0      3      4      0      0      2      3     12      3     14      3     20     26     18     25     18      9     14     53     28     60     37    105     55    121     62     47     80    107     68    138     84     93    114     88     57    131     80     84     78    102     83    102     48     76     50     29     53     52     26     61     30     73     33     15     10      8     17     36     10      4      1      8     16      7     13      2      2      0      0      0      1     11     18      9      0      0      0      0      0      0      0      0
      0      0      0      0      0      0      0      0      0      0      1      8      0      0      0      0      0      6      0      0      8      1     18      8      2      4      0     32     33     22     23     13     24     37     50     36     38     35     49     45     75     94    148     80     85     67     81    107     81     75    148     86     81     58     79     70     80    144     59     41     78     51     27     83     29     98     38     31     34     35     14     15     23     14     15      6      7      5      0     10      4      0      0      8     15      3      0      0      0      0      0      1      0      0      0      0      0      0      0
      0      0      0      0      0      0      0      0      0      0      0      0      0      0      0      0      1      2      0      0      0      0      5      1     12      5      6      6      6     34     27     45     55     27     36     61     33     43     64     20    106     79    109     70     63     88     58     63    156     47     75     83    110    122    132    115     57     28     77     53     16     84     60     49     51     26     17      8     18     21     23     16     14     15      6     22      0      0     12      0      4      8      7      0     19      6      0      0      0      0      0      0      0      0      0      0      0      0      0
      0      0      0      0      0      0      0      0      0      0      0      0      0      0      0      0      0      1      0      0      3      5      2      8     10      4      3     20     15     24     15     10     22     35     71     36     53     39     44     60     74     55     43     64    101     56    115     82     21    131     52    117     58     65     54     90    102     46     78     40    116    113     36     75     17     53     26     54     35     23     20      7     12      2      2      9     11     17     11     13      4      1      9      1      7      0      0      0      6      0      0      0      0      0      0      0      0      0      0
      0      0      0      0      0      0      0      0      0      0      0      0      0      0      0      2      0      0      0      5      4      2     19      4      0     16     22      2     19     12     25     18      8     63     54     63     36     46     30     34     73     25     73     67    103    115     66    113     84     42     80     85     85    101     77     86     70     85     75     56     73     86     19     59     65     59     29     51     24     25     24     36     25     15      6     39     10     19      5      5      2      0     20      1      2      0      0      0      0      0      0      0      0      0      0      0      0      0      3
      0      0      0      0      0      0      0      0      0      0      0      0      0      0      0      0      2      2      0      4      0      0      1      1      0     20     10     11     21     26     29     47     39     19     29     20     66     24     72     37     88     43     66     76     55     65     54     93     68     81    132     88     97     48     96    137     81     81     22    100     43     58     58     48     45     50     36     26     54     18     39     39      1     18      1      2     11      0      1      6      0      5      0      2      2      0      0      0      0     11      0      0      0      0      0      0      0      0      0
      0      0      0      0      0      0      3      0      0      0      0      0      0      0      0      1      0      0      7      0      8      2      0      3      7     20      5      9      5     18     27      9     27     31     23     25     18     52     52     59     43     38     63     93    104    143     92     56     48    121     82     56     76     56    144    157     64     71     86     64     59     54     34    102     48     71     29     25     36     20     16     16      9     14      8      9      1      6     11     10      8      0      4      4      0      2      0      0      0      0      0      0      0      0      0      0      0      0      0
      0      0      0      0      0      0      0      0      0      0      0      0      0      0      1      0      2      0      3      1      0      0      0      8     19     16     26     32     10      8     28     24     21     31     49     59     28     70     28     83     43     30     73     79     66     94     86     98     48     60     97    135     84     96     37     57    150     29     33     60    127     72     62     17     19     16     43     22     39     56     23     16     11     14     31      0      4      7      0      0      0      0      2      0      0      0      0      0      0      0      0      0      0      0      0      0      0      0      0
      0      0      0      0      0      0      0      0      0      0      0      0      1      0      0      0      0      0      4      0      2      0     15      9     15     16      5      4     11      7     16     27     22     21     31     22     33     44     50     60     49     77     50     50     66     88     56     80     64    124     89     39     75     77     33    140     90     63     89    100     40     94     48     43     62     49     24     31     11     21     38     54     11     16     13      2     19     17      3      2      1      1      0      0      0      0      2      0      0      0      0      0      3      0      0      0      0      0      0
      0      0      0      0      0      0      0      0      0      0      0      0      0      0      0      0      2      0      0      1      0     10      2      5      2     17      5     13     11     17     26     11     27     11     30     49     32     20     52     46     96     58     69     73     98     60     68     37     60    117     77     23     81     91     58     72     97     62     92     78     69     74     58     37     39     51     36      9     30      8     32     10      3     12      7      0      7      8      4      8      6     12      5     10      0      0      0      0      0      0      0      0      0      0      0      0      0      0      0
      0      0      0      0      0      0      0      0      0      0      0      0      0      0      0      2      0      0      0      0      2      1      5      1      6     12      3      8     13     19     30     11      4     23     45     31     16     23     33     57     42     27     63     80     72     33     58    118    135     94     40     57     77     21     51     82     36     46     77     68     70     38     47     31     61     45     34     62     51     10     26     41     28     12     16     15      4     11      5      7      0      0      0      7      2      3      0      0      3      2      3      0      0      0      0      0      0      0      0
      0      0      0      0      0      0      0      0      0      0      0      0      0      2      0      0      3      0      0      0      3      5      6      0     13     19      3      8     21      3     21     21     16     10     21     43     42     21     40     62     50     36     74     66     24     57     58     33     70     87     94     87     80     61     86     75    110     69     41     71     22     26     24     59     32     40     69     37     17     41     33      8     17     13      1     25      6     18     17      0      0      4     16      5     16      0      0      0      0      0      0      0      0      0      0      0      0      0      0
      0      0      0      0      0      0      0      0      0      0      0      0      0      0      0      0      0      0      0      0      9      6      0      0      3      0      3     15     12     12     21      9     11     16     39     44     26     43     46     41     37     56     53     75     67     92    139     42     79     64    103     36     72     47     55     60     51     56     54     40     27     52     56     56     33     26     18     37      6     51      9     29      9     25      5     13      3      5      0      0      2      0      2      1      5      3      0      0      0      4      0      0      0      0      0      0      0      0      0
      0      0      0      0      0      0      0      0      0      0      0      0      0     13      0      0      0      0      0      4      0      0      0      7     13      0      8      6     21      7      0     11      7     25     26     34     39     38     41     19     47     30     55     23     66     64     34     25     86     72     60     51     39     44     54     58     92     22     43     34     57     54     42     27     20     28     23     21     44     17     21     20      7     13     26      0      0      0      6      2      0     11      8      0      0      0      1      0      0      0      0      0      8      0      0      0      0      0      0
      0      0      0      0      0      0      0      0      0      0      0      0      0      0      0      0      0      0      0      0      1      0      0      3      0      3      1      7      0     19      7     17     12      3     21     28     11     31     33     33     29     35     23     71     32     55     31     57     17     75    107     42     25     45     52     67     61     45     29     43     35     42     29     21     17     41     30     24     21      7     22     26      5     17      3      7     24     15      0      0      3      0      1      0      1      0      0      0      4      0      0      0      0      0      0      0      0      0      0
      0      0      0      0      0      0      0      0      0      0      0      0      0      0      0      0      1      0      0      4      0      0      0     15      2      1      0      9     12     12      2     13     23     23      7     17      6     25     68     29     11     12     46     49     17     56     59     81     69     13     35     44     72     35     44     57     54     54     42     48     55     61     20     82      3      9     39     13      8     20      3     11      7      8      7      2     13      3     23      0     13      0      0      0      2      0      1      0     11      0      0      0      0      3      1      0      0      0      0
      0      0      0      0      0      0      0      0      0      0      0      0      0      0      0      0      0      0      0      0      6      1      0      2      3      2      3     22      1      4     11     10     12      3      2     14     21     17     27     24     29     26     35     26     23     52     34     20     28     41     32     40     59     72     31     60     35     51     67     47     45     26     17     38     50     30     11     10      1     28      3     17     11      8      0      5      0      4      0      5      1      5      0      0      0      1      0     12      0      0      0      0      0      0      0      0      0      0      0
      0      0      0      0      0      0      0      0      0      0      0      0      0      0      0      0      0      0      2      8      7      0      0      8      0      5      4      0      0     15     24     22     11      7     24     21     19     13     16     24     31     32     26     49     33     29     74     41     34     14     64     38     39     74     33     34     51     33      8     27     39     21     11     18     14     16     21     41      4      0     26     28     24      9     18      0      4      0      1      0      5      0      0      0      3      4      0      0      0      0      0      0      0      0      0      0      0      0      0
      0      0      0      0      0      0      0      0      0      0      0      0      0      0      0      9      0      0      0      2      0      1      4      0      0      0      0      3      6      9      2      0     15      6     27      5     21      9      1     11     42     39      9     21     30     28     32     14     30     30     45     13     42     56      7     51     12     23     43     38     23     20     15     23     13     33     23     36     10      0      4      9      9      0      6      0      2      3      6      2      4      0      4      0      0      0      0      0      2      0      0      0      0      0      0      0      0      0      0
      0      0      0      0      0      0      0      0      0      0      0      0      0      2      0      0      0      0      0      0      0      0      0      0      4      8      0      0      0      0      5      6     15      5     15      6     28      3     17     32      9     20     23     11     62      9     24     16     31     29     52     38     18     33     25     54     20     26     35     27     22     42     14     31     16      8     19      8     38     15     18      0      0      2      1      3      0      0      7      3      0      0      0      0      0      0      0      0      0      0      0      0      0      0      0      1      0      0      0
      0      0      0      0      0      0      0      0      0      0      0      0      0      0      0      0      0      0      0      0     10      0      0      0      7      0      5      8     15     19      0     10      5      2      5     14      1     13     27     19     23     27     18     22     45     47     51      9     49     19     11     21     30     18     18     28     25     52     11     43     27     50     29     59     14      4     23     27      5      7     11      2     11      4      8     18      0      0      3      1      6      1      9      0      0      0      0      0      0      0      1      0      0      0      0      0      0      0      0
      0      0      0      0      0      0      0      0      0      0      0      0      0      0      0      0      0      0      0      0      0      1      0     19      2      0      3      5      1      0     11      8      8      7     13      4     39     13     15      9     20     35     12     38      5     45      8     36     38     28     32     37      7     73     46     20     14     42     26     10      9     34     25     28      2     12     10     17      8      6      1     14      8     12     22      0      1      6      0      0      5      0      0      0      0      1      0      0      0      0      0      1      0      0      0      0      0      0      0
      0      0      0      0      0      0      0      0      0      0      0      0      0      0      0      0      0      0      0      0      0      0      0      1      2      0      1      6     12      0      5      0      1      2      5     10      4      4      2     43     21     20     35     12     15     11     30     26      7     15      8      8     15     16     21     21      7     21     34     19      3     12      6     19     17     17     13     15     14      7     15      0      8      2      0      1      0      6      0      1      0      0      0      1      0      1      0      0      2      0      0      0      0      0      0      0      0      0      0
      0      0      0      0      0      0      0      0      0      0      0      0      0      0      0      0      0      0      0      0      0      0      0      1      5      0      0      2      3      0     16      2      6      0     20     14      7      9      2      0      3     11     23      3     12      9     17     38     12     13     19     32     21     21     39     13     43     14      7      0     16      1      5     13      4     33     11      5     24     21      2      2      7      0      4      5      1      0      2      0      2      0      0      2      0      0      1     22      1      0      0      0      0      0      0      0      0      0      0
      0      0      0      0      0      0      0      0      0      0      0      0      0      3      0      0      0      0      0      0      0      0      0      0      0      1      3      0      4      0      5      0     11      3      3      0      5      1      6      9     20     23     11      6     12     16     41      0     28     10      3      1     25     18     16     17      4     10     18     13     16     22      6     18     12     12      0     18      8     13      7      2      8      6      1      9      1     11      4      0      0      0      0      0      0      0      0      0      0      0      0      0      0      0      0      0      0      0      0
      0      0      0      0      0      2      0      0      0      0      0      0      0      0      0      0      0      0      0      0      0      0      1      0      0      0      0      1      2     10      0      2      0      8      0      7      9     22     12      7      1     14     13      7     17      6     19      8      0      8     12     24     13      4      6      9     18      1      6      4     40     28     13     27      8      9      1     12      1     11      9      4      6      9      0      4      0      4      4      3      8      0      0      0      0      0      0      2      0      0      0      0      0      0      0      5      0      0      0
      0      0      0      0      0      0      0      0      0      0      0      0      0      0      0      0      0      0      0      0      0      0      0      5      0      0      1      2      0      1     11      6      3      8      8      4      5      6      2      0      9      4      4      2      5      4     14      4      3     11      3     22     30     11      9     24     14      5     10      0      8      1     31      5     21      0     13      9     16      6      5      0      0      2      3      0      0      0      0      5      0      0      0      6      0      0      0      0      0      0      0      0      0      0      0      0      0      0      0
      0      0      0      0      0      0      0      0      0      0      0      0      0      0      0      0      0      0      0      0      0      0      0      0      0      0      0      8     16      0      7      0      0      0      0      0     10      0      7      5      0      4      3      2      8      5      7     13     34     36      7     21     13     16      8      1      4      0     14      1     17      1      4     13      7      1      2      0      0     11      5      1      7      1      0      1      1      0      0      0      0      0      0      0      0      0      0      0      0      0      0      0      0      0      0      0      0      0      0
      0      0      0      0      0      0      0      0      0      0      0      0      0      0      0      0      0      0      0      0      0      2      0      0      0      0      0      0      0      0      0      0      7      5      5      3      9      4      0      5     21      8      3      7      9      7      8     10      6      8      0      4      3     10      6      2     10      7      5      2     10      4      8      2      3      4      0      2      2      5      0      0      0      8      0      2      3      1      0      1      0      0      0      0      0      0      0      0      0      0      0      0      0      0      0      0      0      0      0
      0      0      0      0      0      0      0      0      0      0      0      0      0      0      0      0      0      0      0      0      0      0      5      0      2      0      3      2      2      3      0      6      0      0      0      0      2      8      3      0      0      1     20     15      7      4      5      5     15      9     16      0     13      4      1      8     14     11      2      0      0      0      8      3     31      8      0      0      8      1      0      4      2      3      0      1      0      0      0      0      3      0      0      0      0      1      0      0      0      3      0      0      0      0      0      0      0      0      0
      0      0      0      0      0      0      0      0      0      0      0      0      0      0      0      0      0      0      0      0      0      0      0      0      3      4      0      0      0      0      2      0      0      0      2      2      2      0      4      0      0     17     20      0      0     26     10      7     22      8      5      5     10      3      8      9     13     12      0      6     10     16      0     16      0      7      4      4      0     16      1      2      0      0      3      0      0      0      1      0      0      0      0      0      0      0      0      0      0      0      0      0      0      0      0      0      0      0      0
      0      0      0      0      0      0      0      0      0      0      0      0      0      0      0      0      0      0      0      0      0      0      0      0      0      0      0      0      0      5      0      0      0      0      0      0      0      0      3      2      0      7      5      2      8      4      0      0     13      7      1     11      5      5      6     11      0     11      5      2      2      0      5      5      0      4      0      2      6      4      0      1      0      0      0      0      0      0      0      0      0      0      0      0      0      0      0      0      0      0      0      0      0      0      0      0      0      0      0
      0      0      0      0      0      0      0      0      0      0      0      0      0      0      0      0      0      0      0      0      0      0      0      0      0      0      0      0      0     15      0      0      4      5      4     20      1      3      3      0      0      2      1      0      6      4      0      0      2      0      1      0      2      5      7      1      6      8      0      4      1      0      1      0      3      0      7      5     17      0      2      0      3      0      0      0      0      0      0      0      0      0      7      0      0      0      0      0      0      0      0      0      0      0      0      0      0      0      0
      0      0      0      0      0      0      0      0      0      0      0      0      7      0      0      0      0      0      0      0      1      0      0      1      0      0      2      0      1      0      0      0      0      0      0      0      8      0      1      0      0      1      0      0      0      0      4      0      5      4      0      3      1      2      1     10      0      2      1      0      0      7      0      6      0      7      0      0      0      0      2     10      1      0      0      5      0      0      0      0      0      0      0      0      0      0      0      0      0      0      0      0      0      0      0      0      0      0      0
      0      0      0      0      0      0      0      0      0      0      0      0      0      0      0      0      0      0      0      0      0      0      0      0      0      0      0      0      7      0      1      0      0      0      1      0      1      0      0      0      0      2      0      2      8      1      0      1      4      3      0      5      0      0      0      4      7      0      4      1      1      0      0      4      7      0      6      2      1      6      3      0      1      0      0      0      0      0      0      0      0      0      0      0      0      0      0      0      0      0      0      0      0      0      0      0      0      0      0
      0      0      0      0      0      0      0      0      0      0      0      0      0      0      0      0      0      0      0      0      0      0      0      0      1      0      6      0      0      0      0      0      0      0      0      2      0      0      0      2      0      0      1      0      3      0      2     11      5      0      2      0      0      0      2      2      0      0      0      5      0      0      1      0      0      0      0      1      0      0      2      0      4      0      0      0      0      0      0      0      0      0      0      0      0      0      0      0      0      0      0      0      0      0      0      0      0      0      0
      0      0      0      0      0      0      0      0      0      0      0      0      0      0      0      0      0      0      0      1      0      0      0      0      0      0      0      0      0      0      0      0     10      0      0      0      0      0      0      0      1      1      0      1      0      0      0      0      0      0      0      0      8      0      1      0      0      7      0      0      1      0      8      0      6      0      0      0      0      0      0      0      0      2      0      0      0      3      0      1      0      0      0      0      0      0      0      0      0      0      0      0      0      0      0      0      0      0      0
      0      0      0      0      0      0      0      0      0      0      0      0      0      0      0      0      0      0      0      0      0      0      0      0      0      0      0      0      0      5      0      0      0      1      0      0      0      0      4      0      0      0      0      0      1      0      0      6      0      0      0      0      0      6      2      0      0      0      0      0      1      0      4      0      0      0      0      0      0      0      0      2      0      5      0      0      0      0      0      0      2      0      0      0      0      0      0      0      0      0      0      0      0      0      0      0      0      0      0
      0      0      0      0      0      0      0      0      0      0      0      0      0      0      0      0      0      0      0      0      0      0      0      0      0      0      0      1      0      0      0      0      0      1      0      3      0      0      0      6      0      0      0     18      0      0      0      2      0      1      0      0      0      0      0      0      3      0      0      0      0      0      0      0      0      0      0      0      0      0      1      0      0      0      0      0      0      0      0      0      0      0      0      0      0      0      0      0      0      0      0      0      0      0      0      0      0      0      0
      0      0      0      0      0      0      0      0      0      0      0      0      0      0      0      0      0      0      0      0      0      0      0      0      0      0      0      0      0      0      0      0      0      0      0      0      0      0      1      0      0      3      0      0      0      1      0      0      0      0      0      0      0      0      0      0      4      1      3      1      2      0      0      2      0      0      0      0      0      0      1      0      0      0      0      0      0      0      0      0      0      0      0      0      0      0      0      0      0      0      0      0      0      0      0      0      0      0      0
      0      0      0      0      0      0      0      0      0      0      0      0      0      0      0      0      0      0      0      0      0      0     10      0      0      0      0      0      0      0      0      0      0      0      2      0      0      0      1      3      0      0      5      0      0      6      0      1      3      0      0      0      3      3      0      4      0      0      0      0      0      0      2      1      2      4      0      4      0      0      0      0      0      0      3      0      0      0      0      3      0      0      0      0      0      0      0      0      0      0      0      0      0      0      0      0      0      0      0
      0      0      0      0      0      0      0      0      0      0      0      0      0      0      0      0      0      0      0      0      1      0      0      0      0      0      0      0      0      0      0      0      0      5      0      0      0      0      0      0      0      0      0      0      0      0      0      0      5      3      0      0      0      0      0      0      5      3      0      0      2      0      0      0      0      0      0      0      0      0      0      0      0      0      0      0      0      0      0      0      0      0      0      0      0      0      0      0      0      0      0      0      0      0      0      0      0      0      0
      0      0      0      0      0      0      0      0      0      0      0      0      0      0      0      0      0      0      0      0      0      0      0      0      0      0      0      0      0      0      0      0      0      0      0      0      0      0      0      0      0      0      1      0      0      0      2      0      0      8      0      1      0      0      0      0      0      0      4      0      0      0      0      0      0      0      4      0      0      0      0      0      0      0      0      0      0      0      0      0      0      0      0      0      0      0      0      0      0      0      0      0      0      0      0      0      0      0      0
      0      0      0      0      0      0      0      0      0      0      0      0      0      0      0      0      0      0      0      0      0      0      0      0      0      0      0      0      0      0      0      0      0      0      0      0      0      0      0      0      0      0      0      0      0      3      1      0      0      1      0      0      0      0      0      0      1      4      0      0      0      0      0      0      0      0      3      0      0      0      0      0      0      0      0      0      0      0      0      0      0      0      0      0      0      0      0      0      0      0      0      0      0      0      0      0      0      0      0
      0      0      0      0      0      0      0      0      0      0      0      0      0      0      0      0      0      0      0      0      0      0      0      0      0      0      0      0      0      0      0      0      0      0      0      0      0      0      0      0      0      0      0      0      1      0      0      0      0      0      0      0      0      0      0      0      1      0      0      0      0      0      0      2      0      0      0      0      2      0      2      0      0      0      0      0      0      0      0      0      0      0      0      0      0      0      0      0      0      0      0      0      0      0      0      0      0      0      0
      0      0      0      0      0      0      0      0      0      0      0      0      0      0      0      0      0      0      0      0      0      0      0      0      0      0      0      0      0      0      0      0      0      0      0      0      0      0      0      0      0      0      0      0      0      0      0      0      0      3      0      0      0      0      0      0      0      0      0      0      0      3      0      0      0      0      0      0      0      0      0      0      0      0      0      0      0      0      0      0      0      0      0      0      0      0      0      0      0      0      0      0      0      0      0      0      0      0      0
      0      0      0      0      0      0      0      0      0      0      0      0      0      0      0      0      0      0      0      0      0      0      0      0      0      0      0      0      0      0      0      0      0      0      0      0      0      0      0      0      0      0      0      0      0      0      0      0      0      0      0      0      0      0      0      0      0      0      0      0      0      0      0      0      0      0      0      0      0      0      0      0      0      0      0      0      0      0      0      0      0      0      0      0      0      0      0      0      0      0      0      0      0      0      0      0      0      0      0
      0      0      0      0      0      0      0      0      0      0      0      0      0      0      0      0      0      0      0      0      0      0      0      0      0      0      0      0      0      0      0      0      0      0      0      0      0      0      0      0      0      0      0      0      0      0      0      0      0      0      0      0      0      0      0      0      0      0      0      0      0      0      0      0      0      0      0      0      0      0      0      0      0      0      0      0      0      0      0      0      0      0      0      0      0      0      0      0      0      0      0      0      0      0      0      0      0      0      0
      0      0      0      0      0      0      0      0      0      0      0      0      0      0      0      0      0      0      0      0      0      0      0      0      0      0      0      0      0      0      0      0      0      0      0      0      0      0      0      0      0      0      0      0      0      0      0      0      0      0      0      0      0      1      0      0      0      0      0      0      0      0      0      1      0      0      0      0      0      0      0      0      0      0      0      0      0      0      0      0      0      0      0      0      0      0      0      0      0      0      0      0      0      0      0      0      0      0      0
      0      0      0      0      0      0      0      0      0      0      0      0      0      0      0      0      0      0      0      0      0      0      0      0      0      0      0      0      0      0      0      0      0      0      0      0      0      0      0      0      0      0      3      0      0      0      0      0      0      0      0      0      0      0      0      0      0      0      0      0      0      0      0      0      0      0      0      0      0      0      0      0      0      0      0      0      0      0      0      0      0      0      0      0      0      0      0      0      0      0      0      0      0      0      0      0      0      0      0
      0      0      0      0      0      0      0      0      0      0      0      0      0      0      0      0      0      0      0      0      0      0      0      0      0      0      0      0      0      0      0      0      0      0      0      0      0      0      0      5      0      0      0      0      0      0      0      0      0      0      0      0      0      0      0      0      0      0      0      0      0      0      0      0      0      0      0      0      0      0      0      0      0      0      0      0      0      0      0      0      0      0      0      0      0      0      0      0      0      0      0      0      0      0      0      0      0      0      0
      0      0      0      0      0      0      0      0      0      0      0      0      0      0      0      0      0      0      0      0      0      0      0      0      0      0      0      0      0      0      0      0      0      0      0      0      0      0      0      0      0      0      0      0      0      0      0      0      0      0      0      0      0      0      0      0      0      0      0      0      0      0      0      0      0      0      0      0      0      0      0      0      0      0      0      0      0      0      0      0      0      0      0      0      0      0      0      0      0      0      0      0      0      0      0      0      0      0      0
