\ 
\ Covariance Function Histogram Table
\ 
\ X Parameter: A Priori Non-Grazing Eclipse Prob
\ X Abbrev   : PS
\ X Units    : none
\ X Items    : 100         
\ 
\ Y Parameter: Period
\ Y Abbrev   : P
\ Y Units    : days
\ Y Items    : 100         
\ 
|col000|col001|col002|col003|col004|col005|col006|col007|col008|col009|col010|col011|col012|col013|col014|col015|col016|col017|col018|col019|col020|col021|col022|col023|col024|col025|col026|col027|col028|col029|col030|col031|col032|col033|col034|col035|col036|col037|col038|col039|col040|col041|col042|col043|col044|col045|col046|col047|col048|col049|col050|col051|col052|col053|col054|col055|col056|col057|col058|col059|col060|col061|col062|col063|col064|col065|col066|col067|col068|col069|col070|col071|col072|col073|col074|col075|col076|col077|col078|col079|col080|col081|col082|col083|col084|col085|col086|col087|col088|col089|col090|col091|col092|col093|col094|col095|col096|col097|col098|col099|
|int   |int   |int   |int   |int   |int   |int   |int   |int   |int   |int   |int   |int   |int   |int   |int   |int   |int   |int   |int   |int   |int   |int   |int   |int   |int   |int   |int   |int   |int   |int   |int   |int   |int   |int   |int   |int   |int   |int   |int   |int   |int   |int   |int   |int   |int   |int   |int   |int   |int   |int   |int   |int   |int   |int   |int   |int   |int   |int   |int   |int   |int   |int   |int   |int   |int   |int   |int   |int   |int   |int   |int   |int   |int   |int   |int   |int   |int   |int   |int   |int   |int   |int   |int   |int   |int   |int   |int   |int   |int   |int   |int   |int   |int   |int   |int   |int   |int   |int   |int   |
      0      0      0      0      0      0      0      0      0      0      0      0      0      0      0      0      0      0      0      0      0      0      0      0      0      0      0      0      0      0      0      0      0      0      0      0      0      0      0      0      0      0      0      0      0      0      0      0      0      0      0      0      0      0      0      0      0      0      0      0      0      0      0      0      0      0      0      0      0      0      0      0      0      0      0      0      0      0      0      0      0      0      0      0      0      0      0      0      0      0      0      0      0      0      0      0      0      0      0      0
      0      0      0      0      0      0      0      0      0      0      0      0      0      0      0      0      0      0      0      0      0      0      0      0      0      0      0      0      0      0      0      0      0      0      0      0      0      0      0      0      0      0      0      0      0      0      0      0      0      0      0      0      0      0      0      0      0      0      0      0      0      0      0      0      0      0      0      0      0      0      0      0      0      0      0      0      0      0      0      0      0      0      0      0      0      0      0      0      0      0      0      0      0      0      0      0      0      0      0      0
      0      0      0      0      0      0      0      0      0      0      0      0      0      0      0      0      0      0      0      0      0      0      0      0      0      0      0      0      0      0      0      0      0      0      0      0      0      0      0      0      0      0      0      0      0      0      0      0      0      0      0      0      0      0      0      0      0      0      0      0      0      0      0      0      0      0      0      0      0      0      0      0      0      0      0      0      0      0      0      0      0      0      0      0      0      0      0      0      0      0      0      0      0      0      0      0      0      0      0      0
      0      0      0      0      0      0      0      0      0      0      0      0      0      0      0      0      0      0      0      0      0      0      0      0      0      0      0      0      0      0      0      0      0      0      0      0      9      0      0      0      0      0      0      0      0      0      0      0      0      0      0      0      0      0      0      0      0      0      0      0      0      0      0      0      0      0      0      0      0      0      0      0      0      0      0      0      0      0      0      0      0      0      0      0      0      0      0      0      0      0      0      0      0      0      0      0      0      0      0      0
      0      0      0      0      0      0      0      0      0      0      0      0      0      0      0      0      0      0      0      0      0      0      0      0      0      0      0      0      0      0      0      0      0      0      0      0      0      0      0      0      0      0      0      0      0      0      0      0      0      0      0      0      0      0      0      0      0      0      0      0      0      0      0      0      0      0      0      0      0      0      0      0      0      0      0      0      0      0      0      0      0      0      0      0      0      0      0      0      0      0      0      0      0      0      0      0      0      0      0      0
      0      0      0      0      0      0      0      0      0      0      0      0      0      0      0      0      0      0      0      0      0      0      0      0      0      0      0      0      0      0      0      0      0      0      0      0      0      0      0      0      0      0      0      0      0      0      0      0      0      0      0      0      0      0      0      0      0      0      0      0      0      0      0      0      0      0      0      0      0      0      0      0      0      0      0      0      0      0      0      0      0      0      0      0      0      0      0      0      0      0      0      0      0      0      0      0      0      0      0      0
      0      0      0      0      0      0      0      0      0      0      0      0      0      0      0      0      0      0      0      0      0      0      0      0      0      0      0      0      0      0      0      0      0      0      0      0      0      0      0      0      0      0      0      0      0      0      0      0      0      7      0      0      0      0      0      0      1      0      0      0      0      0      0      0      0      0      0      0      0      0      0      0      0      0      0      0      0      0      0      0      0      0      0      0      0      0      0      0      0      0      0      0      0      0      0      0      0      0      0      0
      0      0      0      0      0      0      0      0      0      0      0      0      0      0      0      0      0      0      0      0      0      0      0      0      0      0      0      0      0      0      0      0      0      0      0      0      0      0      0      0      0      0      1      0      0      0      0      5      0      0      0      0      0      0      0      0      0      0      0      0      0      0      0      0      0      0      0      0      0      0      0      0      0      0      0      0      0      0      0      0      0      0      0      0      0      0      0      0      0      0      0      0      0      0      0      0      0      0      0      0
      0      0      0      0      0      0      0      0      0      0      0      0      0      0      0      0      0      0      0      1      0      0      0      0      0      0      0      0      0      0      0      0      0      0      0      0      0      0      0      0      0      0      0      0      0      0      0      0      0      0      0      0      0      0      0      0      0      0      0      0      0      0      1      0      0      0      0      0      0      0      0      0      0      0      0      0      0      0      0      0      0      0      0      0      0      0      0      0      0      0      0      0      0      0      0      0      0      0      0      0
      0      0      0      0      0      0      0      0      0      0      0      0      0      0      0      0      0      0      0      0      0      0      0      0     11      0      0      0      0      0      0      0      0      0      0      0      0      0      0      0      2      0      0      0      0      0     14      0      0      0      6      0      0      3      0      0      0      0      0      0      0      0      0      0      0      0      0      0      0      0      0      0      0      0      0      0      0      0      0      0      0      0      0      0      0      0      0      0      0      0      0      0      0      0      0      0      0      0      0      0
      0      0      0      0      0      0      0      0      0      0      0      0      0      0      0      0      0      0      0      0      0      1      0      0      0      0      0      2      0      0      0      0      0      0      0      1      0      0      0      0      0      0      0      0      4      0      0      0      0      0      2      0      0      0      0      0      0      0      0      0      0      0      0      0      0      0      0      0      0      0      0      0      0      0      0      0      0      0      0      0      0      0      0      0      0      0      0      0      0      0      0      0      0      0      0      0      0      0      0      0
      0      0      0      0      0      0      0      0      0      0      0      0      0      0      0      0      0      0      0      0      0      0      0      0      1      0      0      0      4      0      0      0      0      0      0      0      6      0      0      0      0      0      1      0      0      0      0      0      0      0      0      1      2      0      0      0      0      0      0      0      0      0      0      0      0      0      0      0      0      0      0      0      0      0      3      0      0      0      0      0      0      0      0      0      0      0      0      0      0      0      0      0      0      0      0      0      0      0      0      0
      0      0      0      0      0      0      0      0      0      0      0      0      0      0      0      0      0      0      0      4      0      0      0      0      0      0      0      0      0      0      0      0      0      0      5      0      0      2      0      0      0      1      2      3      0      0      0      0      4      0      0      0      0      0      0      0      0      0      0      2      0      0      0      0      0      0      0      0      0      0      0      0      0      0      0      0      0      0      0      0      0      0      0      0      0      0      0      0      0      0      0      0      0      0      0      0      0      0      0      0
      0      0      0      0      0      0      0      0      0      0      0      0      0      0      0      0      0      0      0      0      0      0      0      0      0      0      0      0      0      0      0      0      0      0      6      0      0      0      0      8      0      0      2      0      0      3      0      0      3      0      1      1      0      0      0      0      0      0      4      0      0      0      0      0      0      0      0      0      2      0      0      4      0      0      0      1      0      0      0      0      0      0      0      0      0      0      0      0      0      0      0      0      0      0      0      0      0      0      0      0
      0      0      0      0      0      0      0      0      0      0      0      0      0      0      0      0      0      0      0      0      2      0      0      0      0      5      0      0      0      0      0      0      0      1      7      0      1      0      1      0      2      3      5      1      0      0      0      0      1      0      4      1      0      0      0      0      0      0      0      0      4      0      0      0      0      6      0      0      0      0      0      0      0      0      0      0      0      0      4      0      0      0      0      0      0      0      0      0      0      0      0      0      0      0      0      0      0      0      0      0
      0      0      0      0      0      0      0      0      0      0      0      0      0      0      0      0      0      0      2      0      1      0      0      0      0      0      0      0      0      0      0      0      1      0      4      0      6      0      5      0      0      0      0      0      0      8      0      2      0      1      2      0      2      0      0      0      0      0      5      0      0      0      0      0     11      0      3      0      0     17      0      0      0      0      0      0      0      0      0      0      0      0      0      0      0      0      0      0      0      0      0      0      0      0      0      0      0      0      0      0
      0      0      0      0      0      0      0      0      0      0      0      0      0      0      0      0      0      0      0      0      0      0      0      0      0      0      0      0      2      0      0      0      3      0      0      0      1      0      0      3      1      4      0     13      0      0      0      4      0      0      0      0      0      0      0     13      3      2      1      1      0      0      0      3      8      0      0      1      0      0      0      0      0      0      0      0      0      0      0      0      0      0      0      0      0      0      0      0      0      0      0      0      0      0      0      0      0      0      0      0
      0      0      0      0      0      0      0      0      0      0      0      0      0      0      0      0      0      4      0      0      0      0      0      2      0      1      0      1      1      0      0      0      7      0      1      1      0      0      2      3      0      4     10     10      1      0      5      7      6      1      3      3      0      2      0      0      0      2      0      0      4      0      1      3      0      3      0      0      0      5      0      0      0      0      0      5      0      0      2      0      0      0      0      0      0      0      0      0      0      0      0      0      0      0      0      0      0      0      0      0
      0      0      0      0      0      0      0      0      0      0      0      0      0      0      0      0      0      3      0      0      0      0      0      0      0      2      0      0      2      0      0      0      0      4      9      0      0      0      1      3      4      0      4      1      7      0      0      0      2      3      9      2      8      4      1      0      7      0      0      6      2      2      2      3      1      0      1      0      0      0      7      0      0      0      0      0      3      1      0      0      0      0      0      0      0      0      0      0      0      0      0      0      0      0      0      0      0      0      0      0
      0      0      0      0      0      0      0      0      0      0      0      0      0      0      0      0      0      0      2      0      0      3      0      1     13      0      2      1      2      1      0     13      7      1      0      5      2      5      0     12      9      2      3      0      0      8      0     10      4      8      9      2      0      1      7      1      5     13      1      6      1      0      0      1      1      0      0      0      0      1      0      2      0      0      0      0      0      0      0      0      0      0      0      0      0      0      0      0      0      0      0      0      0      0      0      0      0      0      0      0
      0      0      0      0      0      0      0      0      0      5      0      0      0      0      2      0      0      0      0      0      0      0      0      0      0      0      0      2      6      0      0      6      0      3      0      8      0      0      2     20      1      0      6      8     24     11      0      8     13     12      1      1     12     13      2      2      3      0      0      0      1      0      5      2      2      0      0      3      0      5      0      0      0      0      0      0      0      0      0      0      0      0      0      0      0      0      3      0      0      0      0      0      0      0      0      0      0      0      0      0
      0      0      0      0      0      0      0      0      0      0      0      0      0      0      0      0      1      0      4      0      0      0      1      0     12      0      2      0      1      0      9     11      0      0     11      5      1      3      1      0      0      6      6      8     10      1      9      1      4      3      0     11     14     10     31     13     16     10      4      4      0      0      7      1      0      1      0      8      3      0      3      0      0      0      0      0      0      0      0      0      0      0      0      0      0      0      0      0      0      0      0      0      0      0      0      0      0      0      0      0
      0      0      0      0      0      0      0      0      0      0      0      0      0      0      0      0      0      0      0      0      0      0      0      2      0      4      0      0      4      7      8      2      1     16      3      0      0     12     26      7     13     10      1      3     14      8      0     24     16      3     13      1      0      0      2      3     13      0      3      0     18      0      2      1      0     11      7      1      0      0      4      1      0      2      0      0      0      0      6      0      0      0      0      0      0      0      0      0      0      0      0      0      0      0      0      0      0      0      0      0
      0      0      0      0      0      0      0      0      0      0      0     10      0      0      0      0      0      0      1      0      0      0      0      3      3      6      1      0      4      0      1      1      4     10      4      2      0     14     12      7      6     28      3      7     16     26      1      7     11      9      6     18      0      5      5      0      0     16      6     16      2      2     15      2      5      6      1      0      0      9      4      0      0      1      0      1      0      0      2      0      0      0      0      0      0      0      0      0      0      0      0      0      0      0      0      0      0      0      0      0
      0      0      0      0      0      0      0      0      0      0      0      1      0      0      2      0      0      0      0      2      0      0     11      2      0      4      0      0     22     14      4      0     14      1      4      4     28     37     45     11     26      5     18      0     23      6      5      7     36     18     26     18     15      6     19     14     13     15      0     13     14      7      2     14      0      7      4      9     12      0      0      0      0     10      3      0      0      0      0      1      0      0      0      0      2      0      0      0      0      0      0      0      0      0      0      0      0      0      0      0
      0      0      0      0      0      0      0      0      0      0      0      0      0      0      0      0      0      3      5      0      3      0      0      5      3      0     18      0      1      4      9     26      3      1     14      2     13      2     27     21     14     15     24     19      9     29     13      9     24     33      6     14     14     31      7     18     17     20     16     15      2     21     28      0     23      8      1      2      2      3      2      7      5      4      0     14      0      0      4      0      0      0      6      0      0      0      0      0      0      0      0      0      0      3      0      0      0      0      0      0
      0      0      0      0      0      1      0      0      0      0      0      0      0      0      0      0      2      0      6      0      0      0      0      0      4      0      1      2      3      0      9     32     30     18     16     11      2      8     12      3     20      9     11      7     22      9      9      4     19     22      7     10     13     21     10     20      4     15      9     16     12     18      8      3      2     10      2      3      1      4      3      0     15      0      1      2      2      3      1      1      1      0      0      0      0      0      0      0      0      0      0      0      0      0      0      0      0      0      0      0
      0      0      0      0      0      0      0      0      0      0      0      0      0      0      0      0      0      0      1      0      0      0      1      0      1      0      0      0      8      1      5     27     16     10      1     23      4     26     29     13     10     20     32      8     21     10     26     17     31      6     32      5      6     40     28     10     22     27     28     14     29     23     21     15      0     13      4      3     21     10      3      1      6      0     15      1      5      0      6      0      0      0      1      0      0      0      0      0      0      0      0      0      0      0      0      0      0      0      0      0
      0      0      0      0      0      0      3      0      0      0      0      0      0      0      0      0      0      0      0      0      0      0      0      6     15      7      0      7      2      2     21      5      2     12     16     16     17      3     10     44     10     37     25     15      8     48     24     20     13     16     23     21     53      4     36     23     20     15      7     24      7      8     27     26      5      0      4      3      9     10      1      1      0      0      8      5      4      2      6      0      0      0      0      0      0      0      0      0      0      0      0      0      0      0      0      0      0      0      0      0
      0      0      0      0      0      0      0      0      0      0      0      0      0      0      0      0      2      2      0      0      3      2      0      8      8      0      2     12      7     12     23      6      0     17     16     20     22     17     41     42     25     24     32     16     24     33     47     34     32     12     48     14     21     34     49     21     10     39     17     25     25     20      9     12      3     20      4      0      0      3      0      4      3      4      6      0      8     14      0      0      2      0      1      0      0      2      0      0      6      0      0      0      0      0      0      0      0      0      0      0
      0      0      0      0      0      0      0      0      0      0      0      0      0      1      0      0      0      0      0      5      0      3      2      5     10      1      5     10     14      4     36     11     50     18     26      5     45     36     29      9     42      9     40     19     17     89     39     23     23     32     14     11     27     39     15     22     48     13     36     36     11     13     37     33      3      2      2      8     27      4      7      6     19     10      3      0      0      0      0      3      2      0      0      0      0      0      0      0      0      0      0      0      0      0      0      0      0      0      0      0
      2      0      0      0      0      0      0      0      0      0      0      9      0      0      0      2      0      0      0      4      0      9     11     26      0      5      0     19      2     17     19      4      6      9     31     52     24     27     10      6     18     43     79     25     24     24     42     44     14     37     31     47     39     40     73     26     28     43     29     23      8     17     16     38      9     22     15      5     11      5      9      3      6      2      0      5      0      5      5      0      3      0      0      0      0      0      0      0      0      0      0      0      0      0      0      0      0      0      0      0
      0      0      2      0      0      0      0      0      0      0      0      0      0      0      3      4      6      0      0      7      2      1     16      5     26      0     12      9     20     19     21     31      3     13      5     10     31     22     17     18     16     22     35     55     50     33     48     56     53     66     38     49     34     48     25     46      2     36     32     40     25     36      6     41     18     41     15     32      4      9      4     24      0      0      1      2      3      0      1      0     22      0      0      0      0      0      0      0      0      5      0      0      0      0      0      0      0      0      0      0
      0      0      0      0      0      0      0      0      0      0      0      0      1      0      2      7      0      4      8      0      7      0      0     12      0      2     14     22     12     31     28      1     14     24     44     54     34     37     27     44     71     41     11     33     79     25     53     51     49     18     88     24     72     52     67     51     21     28     61     22     34     35     21     26     40     22      7     30     26     12     16     15      3     20      0      2      8      6      1      0      2      0      0      2      0      0      0      0      0      1      0      0      0      0      0      0      0      0      0      0
      0      0      0      0      0      0      0      0      0      0      0      0      0      3      2      3      0      8      0      0     26     15      2      9      5     28      3     17     25     19     22     16     29     11     20     14     12     40     38     44     42     25     61     32     47     33     51     71     47     43     45     67     93     71     56     28     61     30     41     45     41     43     26     12     26      4     36     20     37     17      5     13      9      3      3     12      0      8      0      0      0      0      3      4      0      0      0      0      1      0      0      0      0      0      0      0      0      0      0      0
      0      0      4      0      7      0      0      0      0      0      0      0      7      8      0      0      2      0      0      5      4      6      8      0      2     15     11     13     15     16     14     34     18      6     30     39     26     35     31     86     53     58     67     49     73     43     39     50     24     67     31     63     69     20     40     77    103     66     46     32     38     26     33     39     41     37     36     12     45     31      3      4      8      0      5     17      0      0      6      6      3      0      0      0      1      0      0      1      0      0      0      1      0      0      0      0      0      0      0      0
      0      0      0      0      0      0      0      0      2      0      0      0      0     13      3      5      7      4      0      3      4      9      5     11     26      9     16     30     20      1     18      1     23     24     40     29     49     36     20     52     64     62     32     74     66     33     47    109     85     85     47     40     60     27     80     50     59     55     47     19     25      4     25     26     16     19     15     35     25      6     35      8      1     14      3     13      3      5      0      8      9      0      0      0      0      1      0      0      0      2      0      0      0      0      0      0      0      0      0      0
      0      0      0      0      0      0      0      0      0      0      5      0      2      0      0      0      2      5      0      1      8      7      0      1      0     34      4     23      8     11      9     46     44     25     24     24     47     29     16     46     26     68     80     47     58     66     28     48     71     82     97     92     43     78     16     90     27     53     27     67     76     57     15     46     33     10     26     37      7     21     11     22      7     26      0      0      1      5      0      0      0      2      0      4      0      0      0      0      0      0      4      0      0      0      0      0      0      0      0      0
      0      0      0      2      0      0      0      0      4      3      0      0      2      1      3      3      3      0      4      5      5      5      2      3     10     10      7     21     18     47     38     28     54     22     33     30     44     70     51     21     44     60     25     56     37     36    135    106     82     82     46     61     70     51     51     80    102     84     57     49     32     43     45     62      2     35     29     20     20     39     10     15      3     11      5      6      0      6      1      5      2      9      0      0      0      0      0      0      1      0      0      0      0      0      0      0      0      0      0      0
      0      0      0      0      0      0      2      0      0      0      1      0      0     17      0      2      1      0      0      2      7     16     12     17     30     40     31      6     33     25     18     18     55     39     28     26     51     30     66     44     31     56     67     97     67    101     84     81     93     55     51     60     49     53    110    125     45     60     49     76     69     63     29     40     45     34     11     10     13     55      7      4     34     27     39      0      9      0      0      9      1      0      0      0      0      0      0      0      0      0      0      0      0      0      0      0      0      0      5      0
      0      0      0      0      0      0      0      0      0      0      0      0      0      2      0      0      4      4      2      1     29     20      3     15      6     15      9      8      7     12     49     43     39     20     14     48     54     51     19     48     85     54     86     68     87     80     63     97     84    108     29     67     92     38     92     55     88     65    119     50     69     54     62     36     44     43     38      1     43     18     14      9     36     17      0      9      7     16     11      5      0      2      9      0      0      0      0      0      0      0      1      0      0      0      0      0      0      0      0      0
      0      0      0      0      0      0      0      0      0      0      2      0      0      2      8      0      1      9      0      8      3      1      9     11      4     23     24     52      7     26      9     18     38     64     25     31     41     35     48     45     39     85     82     61    102     57     82     61     62    124     93     94     89     85    117     70     53    123     67     60     81     73     34     67     29     35     32     31     17      4     18     15     17      2      8      4      8     13     14      3      1      0      0      0      1      5      0      0      0      0      2      0      0      0      0      0      0      0      0      0
      0      0      6      0      3      0      0      5      0      0      2      2      4      0      0      2      5      6      5      2      7      4      9      7     15      2      8      5     12     37     13     37     26     45     82     57     76     34     66     68     50     58     70     55     85    105     66    108     92     70    135     81    141     80     64     64    106     74     79     44     49     37     77     50     26     13     27     31     17     63     39     14     12     12     13      2     29     16      6      0      0      0      2      0      0      0      0      3      1      0      0      0      0      0      0      0      0      0      0      0
      0      0      0      0      0      0      0      0      0      0      0      0      0      0      4      0      5      8      0     12      3     19     11     18     14      8      8     15     21     37     28     47     41     24     16     25     51     59     95     87     49     73    114     54     76     55     77     98    124    111     79     58     71    118     60     57     64     48     41     69     85     36     37     69     24     48     48     48     40     15      7     14      8     17     11      8     16      2      2     15      2      0      1      0      0      0      0      0      3      0      0      1      0      0      0      0      0      0      0      0
      0      0      0      0      0      0      3      5      0      0      0      0      0      0      2     15      2      7      0      6      2      1     16     15     22      5      7      9     21     13     32     32     58     24     35     25     76     76     40     84     97    116     87     34     81     75     58     53    100     96     84     57    122     66     97     78    146     70     98     55     26     57     73     26     72     99     19     30     39      9     34     15     29      5      2      6      0      4      8      0      9      1      4      5      3      0      0      3      2      0      0      0      3      0      0      0      0      0      0      0
      0      0      0      0      0      0      6      0      1      0      6      1      1      7      5      7      3      0      0      4      0     12      5     11      3     22     19     16     23     22     17     29     41     47     33     81     51     29     52     49     75     58     76     67    100    115    109    138    137     79     78     86    161     73     79     99     86     98     95     79     54     86     51     39     34     33     17     17     26     23     28     16      9     10     18      1      9      2     19      2      0      1      0      2      0      0      6      1      2      0      8      0      0      0      0      0      0      0      0      0
      0      0      0      0      0      0      0      0      0      0      0      1      5      1      5      1     10      0     10      9      5     10      8     17      5     52     57     17     16     39     20     22     61     50     43     62     47     14     53     27     70     46     70     99    108     73     72     72    121     50     70     82     59    106     57     76     69     48     53     50     69     55     35     33     69     48     44     35     38     20     26     20      0      2      8      1      1     13      1      0      2      0      1      0      0      1      0      0      0      0      0      0      0      0      0      0      1      0      0      0
      0      0      0      0      0      0      0      3      6      0      0      0     13      0      0      0      1      0      4      7      6      9      0     15     22     13     18     24      6     14     17     18     44     35     44     72     43     53     47     57     57     43     95     57     74    123     97     95     52     83     74     58     65     82     85    113     49     69     69     89     75     71     36     40     43     29     35     53     24     32      7     16     36     14      4     13      2      2      7      3      0      0      3      0      1      0      0      0      1      0      0      0      0      0      0      0      0      3      0      0
      0      0      0      0      0      0      0      0      0      0      3      0      0      1      0      4      1      8      1      4      0      4      5      9     18     26     35      7     20     22     30     45     72     40     40     37     40     97     38     34     39    107     53     96    102     57     59     55    171    123    106    120     45     78     78    121     50    160     46     82     73     56     56     93     26     34     29     41     31     45      5     38     10     18     13     11     10     12      4      2     15      5      2      0      0      9      0      0     16      0      0      0      0      0      0      0      0      0      0      0
      0      0      0      0      0      0      0      0      0      7      0      0      9      0      3      3      2      3      2      4      4      2     18      1     10     20      3     20     26      8     41     25     44     54     35     72     42     53    123     54     92     95     79     67     66     50    132     96     70    119     98     45     38    128     87     92     44     99     85     87    106     66     43     42     56     34     38     38     57     21     16     27     23     25     27      2      0      0     15      5      0      5      1      2      0      0      0      0      3      0      0      3      0      0      0      0      0      0      0      0
      0      0      0      0      0      0      0      0      0      0      0      7      0      0      0      0     11      5      7      5      0      1      0      3      6     21      8      7     10     21     18     40     21     18     60     46     30     67     42     38     56     45     60     86     77     72     79    100     98     54     85     84    109    106     76     53     59     47     74    109     89     47     35     62     73     26      7      4     15     47     18     21     36     17     13      5      6      3     18      5     15      2      2      6      0      5      0      2      0      8      4      0      0      0      0      0      0      0      0      0
      0      0      0      0      0      0      0      1      0      0      0      0      0      0      0      0      1      0      1      8      3      1     17      3     19      4     34     10     23     26     27     45     17     63     24     37     50     63     25     77     52     47     64     68     62     96     82     82     52     98     93    105    131     55     41     90     54     73     44     56    107     47     22     44     50     42     40     33     29     10     11     21      0     35     16      8      2      3      9     13      0     18      7      0      6      0      0      0      0      0      0      3      0      3      0      0      0      0      0      0
      0      0      0      0      0      0      0      0      0      0      0      0      0      2     16      4      0      0      6      0      4      8      3      6     12      0     35      7     17     21     16     19     26     21     23     38     22     37     75     45     51     52     76     83     90     94     86     77    106     51     26    100     73     56     56    108    122     68     67     49     38     40     65     50     21     30     42     34     40     10     14     40      6     13     10      1      6      7     12      0      0      7      3      0      2      0      0      1      0      0      0      0      0      0      0      0      0      0      0      0
      0      0      0      0      0      0      0      0      0      0      0      0      1      0      0      1      1      0      1     13      0      7      5      8      2     18     10     20     11     24     21     15     26     35     58     14     41     41     42     81     44     73     85     58     38     48     42     69    101     85     61     68     43     54     41     42     80     49     69     58     13     35     13     58     19     57     32     35     12     57     11      8      6     10     13      7     10      3      4      2      1     11      6      0     10      0     18      0      1      0      0      0      0      0      0      0      1      0      0      0
      0      0      0      0      0      0      0      1      0      1      0      0      0      3      0     11      4      2      1      0      7     11      0      5      1     15      7     21     13     13     19     32     19     13     20     33     21     44     20     33     49    140     78     53     75     78     88     85     67    101     58    100     40     45    135     44     71     68     66     54     43     57     56     23     33      9     14     25     68     42     37     23      8     11      0     22      0      2      8      0      8      0      0      0      0      0      1      0      0      3      0      0      0      0      0      0      0      0      0      0
      0      0      0      0      0      1      0      0      0      0      0      0      0      0      0      0      0      2      0      0      0      3      5     38      5     16     17     11     16     27     17     30     19     31     26     12     18     39     92     54     58     60     41     51     78     20     94     69     59    105     54     61     63     80     93     24    108     58     37     58     38     54     27     32     37     33     23     24     38     24     12     37     11      8      7     27     13      1      0      2      1      0      0      0      2      0      1      0      7      0      0      0      0      0      0      0      0      0      0      0
      0      0      0      0      0      0      0      0      0      0      0      5      0      0      0      0      0      2      5      0      0      7      4     17     18     10      2      5     18     16     17     25     17     19     25     22     28     56     22     36     70     54     42     60     51    116     56    106     20     70     44     66     53     43     45     81     50     91     59     78     70     25     15     12     30     24      5     14      3     20     40     12     21      9     15      2      0     13      3      0      4      0      0      1      7      0      1      0      1      0      0      4      0      0      0      0      0      0      0      0
      0      0      0      0      0      0      0      5      0      0      0      0      0      0      2      0      1      0      7      0      0      0      0      9      3     10      8      7     21      9     16      5     16     15      6     24     16     31     43     42     45     44     37     89     57     42     61     40    114     87     54     69     45     95     81     49     35     68     36     41     49     35     27     43     51     62     17     23     23     28      5     35     29      1     13      9      0      0     18      8     19      0      0     15      5      0      3      0      2      0      0      0      0      0      0      0      0      0      0      0
      0      0      0      0      0      0      0      0      0      0      0      0      0      0      0      1      0      0      1      0      0      3      0      6      2      6     13     12      9     17     24     15      8     16     18     34     57     18     26     62     75     46     57     57     45     38     50     50     53     28     84     49     47     57     74     36     47     66     53     66     69     56     30     53     31     45     46     15     18     25     11      7      2     19     16      3      3      3      2      0      8      1      5      1      0      0      1      1      1      0      0      0      0      0      0      0      0      0      0      0
      0      0      0      0      0      0      6      0      0      0      0      0      1      0      0      2      0      2      3      0      3      1      7     10      5     11     14      6     11      9     13     13     26     16     29     50     24     34     61     11     29     44     30     49     36     41     30     26     47     23     34     59     42     63     35     26     62     16     64     35     32     38     32     10     36     26      3     11      8      7     17     17     17      7      9      5      3      0     13      8      0      3      2      2      0      1      0      0      0      0      1      0      0      0      0      0      0      0      0      0
      0      0      0      0      0      0      0      0      0      0      3      0      0      3      0      0      0      0      0      6      0      0      0     19      1      3     16     21     12     40      6     10      6     22     20     26     70     23     37     42     51     12     39     36     40     64     55     31     73     82     54     36     19    112     24     61      7     59     13     14     32     52     11     33     26     17      3      3     14     12      9     11      8      1      9     13      0      2      5      0      3      8      0      0      0      1      0      0      0      0      0      0      0      0      0      0      0      0      0      0
      0      0      0      0      0      0      0      0      0      0      0      0      0      0      0      0      0      0      1      1      4     13      0      1      7      1      6      6      0     10      5      3     25     22      5     11      4     29     39     21      7     70     52     49     26     19     42     49     76     65     41     16     57     57     53     58     47     19     84     31     33     29     24     16      4     12     13      5     26     31      2      9      0     14      1     14      0     11      3      0      2      2      0      0      2      0      0      0      0      0      0      0      0      0      0      0      0      0      0      0
      0      0      0      0      0      0      0      0      0      0      0      0      0      2      0      6      0      0      1      5      0      8      5      4      3      3      3      4     11      2      6      1      1      9      8     13     24     40     30     20     13     18     59     41     23     29     29     29     44     46     53     37     63     23     35     54     14     24     49     70     52     18     60     18     16     20     13     35     19     17     14     13      7      6      4      0      0      8      5      1      0      0      0      3      0      0      0      4      0      0      0      0      0      0      0      0      0      0      0      0
      0      0      0      0      0      0      0      0      0      0      0      0      0      3      2      0      0      0      0      0      0      0      0      0      4      4      0      3      8      3      6      4      8      8     15     17     19     28     15      9     28     25     55     67     17     42     18     54     67      9     52     41     57     48     58     50    100     56     46     24     54     24     33     13     28     20      4      5     38     20     15      2      7      7      8     13      7      1     20      0      0      4      3      1      0      0      0      0      3      0      0      0      0      0      0      0      0      0      0      0
      0      0      0      0      0      0      0      0      0      0      0      0      0      0      0      2      0      0      0      0      0      0      0      2      0      3      3      9      0      6      0      1      2     15     19      4     13     34     34      8     19     46     26     38     43     52     25     40     29     22     33     21     47     27     20     18     12     25     49     45     18     17     33     14     14      8     39     25      4      4     22      9      1      0      0      3      0      0      2      0      0      2      4      0      0      0      2      0      0      0      0      0      0      0      0      0      0      0      0      0
      0      0      0      0      0      0      0      0      0      0      0      0      0      0      0      0      0      3      0      2      0     10      0      2      0      0      0      9      0      0     14      8     25     12      5     34     14      4     15     38      8     13     26     15     33     12     20     23     23     30     26     36     25     36     49     48     50     15     19     21     10     32     17     10     18     21     12      6     11      0      3      4      1      1      6     22      0      0      0      7      3      1      6      2      0      0      0      0      5      0      0      0      1      0      0      0      0      0      0      0
      0      0      0      0      0      0      0      0      0      0      0      0      0      0      0      0      0      0      0      0      0      1      0      6      1      0      1      0      7      2      2      5     11      3      5     14     16     20     21      8     28     18     47     47     24     23     38     10      7     42    109     48     33     22      9     17     25     21     25     27     12     15     31      4     15     13     16     19      3     12      9      2     18      9      1      0      9      0      0     14      4      0      0      0      0      0      0      3      0      0      0      1      0      0      0      0      0      0      0      0
      0      0      0      0      0      0      0      0      0      0      0      0      3      0      0      0      0      0      0      0      0      0      2      0      0      1      2     11      5      1      0      7      0      7     23      0      9     13      0     24     14     37     30      4     12     30     47     13     12     25      5     45     18     13     24     27     13     16     10     28     48      3     14      5      4      7     13      7      9     16      4      2      0     11      8      0     10     14      0      0      1      0      1      0      0      0      0      0      0      0      0      0      0      0      0      0      0      0      0      0
      0      0      0      0      0      0      0      0      0      0      0      0      0      0      0      0      0      0      6      0      4      0      0      0      1      0      0      8      4      0     10      0      3      4      6      0      8     14     12     45      8      9     24      3     53     45     13     40     52     21     29     15     17      5     16     31     54     15     12     21     16      5     23     14      6      3      2      1     12      4      3      0      8      8      2      2     10      0      2      1      1      0      0      0      0      6      0      0      0      0      0      0      0      0      0      0      0      0      0      0
      0      0      0      0      0      0      0      0      0      0      0      0      0      0      0      9      0      0      1      0      0      0      9      4      0     11      0      3      3     12      3      4      2      7      0      5      4      6      8      9     26      3     33     13     28     28     18     18     16      5      7      7     17      3     13      1      5      8     19     15      3     14     12     15      4      7     12      0      6      2      0      3      0      2      0      3      0      6      1      0      0      2      3      0      0      2      0      0      2      0      0      0      0      0      0      0      0      0      0      0
      0      0      0      0      0      0      0      0      0      0      0      0      0      0      0      3      0      0      0     13      0      0      9      6      2      1      0      1     12      0     20      7      0      3      2     16      3      9      3      5     26      6      0     12      6     14      6      8      6     14      2     31     23     25      0     12     21      6     25     30     26      3      7     14     24      9     24      2      0      1      0      1      0      0      1      7      7      0      4      0      0      0      0      0      0      0      0      0      2      0      0      0      2      0      0      0      0      0      0      0
      0      0      0      0      0      0      0      0      0      0      0      0      0      0      0      0      0      0      0      0      0      0      0      0      5      0      5      1      0      0      0     10      1      2      0      0     24      4      5      0      2      6     18      6      7     12     10      5     14     30     22     10     42     26     22      9      8      3      0      8     12     13      2      9      0     12      6     30      3      0     13     11      6      1      7      7      0      0      0      0      0      0      0      0      0      0      0      0      0      5      0      0      0      0      0      0      0      0      0      0
      0      0      0      0      0      0      0      0      0      0      3      0      0      0      0      0      0      0      0      6      0      0      0      0      0      0      0      0      0      1      0      0     14      1      2      9      3      4      0     23     19      7     14      1     25     12     10      0     10     13     23     36     33     18     13     34     10      1     11     29     10      3      8      5     16      0      7      4      5      0      4      0      3      2      8      1      0     29      0      2      0      0      3      0      6      0      0      0      0      0      0      0      2      0      0      0      0      0      0      0
      0      0      0      0      0      0      0      0      0      0      0      0      0      0      0      0      0      0      0      0      0      0      2      0      3      0      0      3      0      0      0      0      5      0      3      9      0      1     10      0      7      3      7      0     10     51      9     21      0     12     18     19      4      3      2      2     20      3      0     27     31     14      5     15      2     13     10      1      6      5      0      0      0      0      0      4      6      0      3      0      1      0      0      0      2      0      0      0      0      0      0      0      0      0      0      0      0      0      0      0
      0      0      0      0      0      0      0      0      0      0      0      0      0      0      0      0      0      0      0      0      0      0      0      0      0      0      1      6      0      0      2      0      0      9      0      0      2      1     17      1     11      6      4      7      9      3     20     13      8      2      0      5      1     20      5     13     18      1      9      7      0     10      6     22     12      6      2      8     13     11      0      8     19      0      0      0      5      0      0      4      0      6      0      0      0      0      0      0      0      0      0      0      0      0      0      0      0      0      0      0
      0      0      0      0      0      0      0      0      0      0      0      0      0      0      0      0      1      0      0      0      0      0      0      0      0      0      0      0      0      0      6      0      1      1      2      0      0      0      0     16      0      1     14      6      1     15      1     16      8      5     15      1     20      6     13      4      5      0      6      4      2      5      3      0      5     11      3      0     15     10      1      0      0      0      0      0      5     20      2      0      0      0      4      0      1      0      0      0      0      0      0      0      0      0      0      0      0      0      0      0
      0      0      0      0      0      0      0      0      0      0      0      0      0      0      0      0      0      0      5      0      0      0      0      0      0      0      0      0      0      0      0      5      0      0      0      9      0      3     16      4      1      7      8     13      8      3      1      7      5      3      2      8      6      4      6      3      0      4      2     10     17     16      0     11      6      4      0      3      0      1      0      0      0      0      0      0      0      1      6      0      2      0      0      2      0      0      0      0      0      0      0      0      0      0      0      0      0      0      0      0
      0      0      0      0      0      0      0      0      0      0      0      0      0      0      0      0      0      0      0      0      0      0      1      0      0      2      0      0      0      0      3      0      0      0      0      0      2      4      0      3      0      2      0      7      1      4      0      7      1      0     17      0      0     12     13      3      7      0     11     10      2      5     10      5      0     18      0      2      5      0      0      1      0     19      0      0      0      0      0      0      1      0      0      0      0      0      0      0      0      0      0      0      0      0      0      0      0      0      0      0
      0      0      0      0      0      0      0      0      0      0      0      0      0      0      0      0      0      0      1      0      0      0      0      0      0      0      0      3      0      0      0      0      2     13      0      1      1      1      4      1      1     10      5     13      1      7     10      3      5      8      5      2      3      0      6      2      4      4      6      6      0     13     19      4      2      1      3      6      4      2     10      0      4      0      0      0      0      0      0      0      0      0      0      0      0      0      0      0      0      0      0      0      0      0      0      0      0      0      0      0
      0      0      0      0      0      0      0      0      0      0      0      0      2      0      0      0      0      0      0      0      0      0      0      0      0      0      0      0      1      0      0      1      0     10      1      0      2      0      9      0      6      2      0      2      0      2      5      4      0     35      0     23      0      2      2      1      0      0      2      0      0      2      4     10      6      2      1      0      3     13      0      0      0      0      8      0      1      0      0      3      0      0      0      0      0      6      0      0      0      0      0      0      0      0      0      0      0      0      0      0
      0      0      0      0      0      0      0      0      0      0      0      0      0      0      0      0      0      0      0      0      0      1      0      0      4      0      0      0      0      0      0      6      0      0      0      0      0      6      0      0      0      4      0      0      0      4      2      0      7      7     25      0      1      1      1      1      8      0      0      6      0      3      5     15      8      6      2      5      0      0      0      1      0     11      0      0      0      0      0      0      0      0      0      0      0      0      0      0      0      0      0      0      0      0      0      0      0      0      0      0
      0      0      0      0      0      0      0      0      0      0      0      0      0      0      0      0      0      0      0      0      0      0      0      0      0      0      0      0      0      0      1      0      0      0      0      0      1      0      0      6      0      3      2     11      3      2      0      0      0     13      0      4      9      1      7      6      0      5      0      4      0      3      2      0      0      2      3      0      0      0      0      0      0      0      0      0      0      0      0      0      0      0      0      0      0      0      0      0      0      0      0      0      0      0      0      0      0      0      0      0
      0      0      0      0      0      0      0      0      0      0      0      0      0      0      0      0      0      0      0      0      0      0      0      0      0      0      0      0      0      0      0      0      0      2      0      0      0      0      0      0      3      0      0      0      5      0      1      3      1      1      0      0      0      0      0      5      3      0      0      0      8      1     13      0      0      5      0      2      0      2      6      3      2      0      0      0      0      0      0      4      0      1      0      0      0      0      0      0      0      0      0      0      0      0      0      0      0      0      0      0
      0      0      0      0      0      0      0      0      0      0      0      0      0      0      0      0      0      0      0      0      0      0      3      0      0      0      0      0      0      2      0      0      0      0      0      0      0      0      0      0      0      0      0      0      1      0      0      2      2      0      0      2      0      0      0      1      3      1      0      0      0      5      4      0      0      0      6      0      0      2      0      0      0      0      0      0      0      0      8      0      0      0      0      0      0      0      0      0      0      0      0      0      0      0      0      0      0      0      0      0
      0      0      0      0      0      0      0      0      0      0      0      0      0      0      0      0      0      0      0      0      0      0      0      0      0      0      0      0      0      0      2      0      0      2      0      1      2      0      0      0      0      0      5      0      0      1      0     16      0      0      0      2      0      0     14     11      2      0     11      0      0      0     11      0      0      0      0      2      0      0      0      1      0      0      6      0      0      0      0      0      0      0      0      0      0      0      0      0      0      0      0      0      0      0      0      0      0      0      0      0
      0      0      0      0      0      0      0      0      0      0      0      0      0      0      0      0      0      0      0      0      0      0      0      0      0      0      0      0      0      0      0      0      0      0      0      0      0      2      2      3      5      0      0      1      0      2      0      5      0      0      0      0      0      0      4      0      0      1      0      0      9      0      2      0      7      0      0      0      0      1      0      0      0      0      0      0      0      0      0      0      0      0      0      0      0      0      0      0      0      0      0      0      0      0      0      0      0      0      0      0
      0      0      0      0      0      0      0      0      0      0      0      0      0      0      0      0      0      0      0      0      0      0      0      0      0      0      0      0      0      0      0      0      0      0      0      0      0      0      0      0      0      4      0      2      0      0      1      0      0      0      0      5      0      0      4      0      0      4      0      0      0      0      0      0      0      0      5      0      0      0      0      0      0      3      1      0      0      0      0      0      0      0      0      0      0      0      0      0      0      0      0      0      0      0      0      0      0      0      0      0
      0      0      0      0      0      0      0      0      0      0      0      0      0      0      0      0      0      0      0      0      0      0      0      0      0      0      0      0      0      0      0      0      0      0      0      0      0      0      0      0      0      0      0      2      0      0      0      0      0      0      0      0      0      0     24      0      0      0      0      1      0      6      0      0      0      0      0      0      0      0      0      1      0      0      0      1      0      0      0      0      0      0      0      0      0      0      0      0      0      0      0      0      0      0      0      0      0      0      0      0
      0      0      0      0      0      0      0      0      0      0      0      0      0      0      0      0      0      0      0      0      0      0      0      0      0      0      0      0      0      0      0      0      0      0      0      0      0      0      0      0      0      0      0      5      0      0      0      0      0      0     10      0      7      0      0      0      0      0      0      0      0      0      0      1      0      0      0      0      0      0      0      0      0      0      0      0      0      0      0      0      0      0      0      0      0      0      0      0      0      0      0      0      0      0      0      0      0      0      0      0
      0      0      0      0      0      0      0      0      0      0      0      0      0      0      0      0      0      0      0      0      0      0      0      0      0      0      0      0      0      0      0      0      0      0      0      0      3      0      1      0      0      0      0      0      5      0      0      0      0      0      6      0      0      0      1      0      0      0      0      0      0      0      0      0      0      0      5      0      0      0      0      0      1      0      0      0      0      0      0      0      0      0      0      0      0      0      0      0      0      0      0      0      0      0      0      0      0      0      0      0
      0      0      0      0      0      0      0      0      0      0      0      0      0      0      0      0      0      0      0      0      0      0      0      0      0      0      0      0      0      0      0      0      0      0      0      0      0      0      0      0      0      1      0      0      0      0      0      0      0      0      0      0      0      0      0      0      7      0      0      0      1      0      0      0      0      0      0      0      0      0      0      0      0      0      0      0      0      0      0      0      0      0      0      0      0      0      0      0      0      0      0      0      0      0      0      0      0      0      0      0
      0      0      0      0      0      0      0      0      0      0      0      0      0      0      0      0      0      0      0      0      0      0      0      0      4      0      0      0      0      0      0      0      0      0      3      0      0      1      0      0      0      0      0      0      0      0      0      0      0      0      0      2      0      0      0      0      3      0      0      0      0      0      0      0      0      2      0      0      0      0      1      0      0      0      0      0      0      0      0      0      0      0      0      0      0      0      0      0      0      0      0      0      0      0      0      0      0      0      0      0
      0      0      0      0      0      0      0      0      0      0      0      0      0      0      0      0      0      0      0      0      0      0      0      0      0      0      0      0      0      0      0      0      0      0      0      2      0      0      0      0      0      0      0      2      0      0      0      0      0      0      0      0      0      0      0      0      0      0      0      0      0      0      0      0      0      0      0      0      0      0      0      0      0      0      0      0      0      0      0      0      0      0      0      0      0      0      0      0      0      0      0      0      0      0      0      0      0      0      0      0
      0      0      0      0      0      0      0      0      0      0      0      0      0      0      0      0      0      0      0      0      0      0      0      0      0      0      0      0      0      0      0      0      0      0      0      0      0      0      0      0      0      0      0      0      0      0      0      0      0      0      0      0      0      0      0      0      0      0      0      0      0      0      0      1      0      1      0      0      0      0      0      0      0      0      0      0      0      0      0      0      0      0      0      0      0      0      0      0      0      0      0      0      0      0      0      0      0      0      0      0
      0      0      0      0      0      0      0      0      0      0      0      0      0      0      0      0      0      0      0      0      0      0      0      0      0      0      0      0      0      0      0      0      0      0      0      0      0      0      0      0      0      0      0      0      0      0      0      0      0      0      0      0      0      0      0      0      0      0      0      0      0      0      0      0      0      0      0      0      0      0      0      0      0      0      0      0      0      0      0      0      0      0      0      0      0      0      0      0      0      0      0      0      0      0      0      0      0      0      0      0
      0      0      0      0      0      0      0      0      0      0      0      0      0      0      0      0      0      0      0      0      0      0      0      0      0      0      0      0      0      0      0      0      0      0      0      0      0      0      0      0      0      0      0      0      0      0      0      0      0      0      0      0      0      0      3      0      0      0      0      0      0      0      0      0      0      0      0      0      0      0      0      0      0      0      0      0      0      0      0      0      0      0      0      0      0      0      0      0      0      0      0      0      0      0      0      0      0      0      0      0
      0      0      0      0      0      0      0      0      0      0      0      0      0      0      0      0      0      0      0      0      0      0      0      0      0      0      0      0      0      0      0      0      0      0      0      0      0      0      0      0      0      0      0      0      0      0      0      0      0      0      0      0      0      0      0      0      0      0      0      0      0      0      0      0      0      0      0      0      0      0      0      0      0      0      0      0      0      0      0      0      0      0      0      0      0      0      0      0      0      0      0      0      0      0      0      0      0      0      0      0
      0      0      0      0      0      0      0      0      0      0      0      0      0      0      0      0      0      0      0      0      0      0      0      0      0      0      0      0      0      0      0      0      0      0      0      0      0      0      0      0      0      0      0      0      0      2      0      0      0      0      0      0      0      0      0      0      0      0      0      0      0      0      0      0      0      0      0      0      0      0      0      0      0      0      0      0      0      0      0      0      0      0      0      0      0      0      0      0      0      0      0      0      0      0      0      0      0      0      0      0
      0      0      0      0      0      0      0      0      0      0      0      0      0      0      0      0      0      0      0      0      0      0      0      0      0      0      0      0      0      0      0      0      0      0      0      0      0      0      0      0      0      0      0      0      0      0      0      0      0      0      0      0      0      0      0      0      0      0      0      0      0      0      0      0      0      0      0      0      0      0      0      0      0      0      0      0      0      0      0      0      0      0      0      0      0      0      0      0      0      0      0      0      0      0      0      0      0      0      0      0
      0      0      0      0      0      0      0      0      0      0      0      0      0      0      0      0      0      0      0      0      0      0      0      0      0      0      0      0      0      0      0      0      0      0      0      0      0      0      0      0      0      0      0      0      0      0      0      0      0      0      0      0      0      0      0      0      0      0      0      0      0      0      0      0      0      0      0      0      0      0      0      0      0      0      0      0      0      0      0      0      0      0      0      0      0      0      0      0      0      0      0      0      0      0      0      0      0      0      0      0
