\ 
\ Covariance Function Histogram Table
\ 
\ X Parameter: A Priori Non-Grazing Eclipse Prob
\ X Abbrev   : PS
\ X Units    : none
\ X Items    : 100         
\ 
\ Y Parameter: Time of Eclipse
\ Y Abbrev   : TS
\ Y Units    : BJD
\ Y Items    : 100         
\ 
|col000|col001|col002|col003|col004|col005|col006|col007|col008|col009|col010|col011|col012|col013|col014|col015|col016|col017|col018|col019|col020|col021|col022|col023|col024|col025|col026|col027|col028|col029|col030|col031|col032|col033|col034|col035|col036|col037|col038|col039|col040|col041|col042|col043|col044|col045|col046|col047|col048|col049|col050|col051|col052|col053|col054|col055|col056|col057|col058|col059|col060|col061|col062|col063|col064|col065|col066|col067|col068|col069|col070|col071|col072|col073|col074|col075|col076|col077|col078|col079|col080|col081|col082|col083|col084|col085|col086|col087|col088|col089|col090|col091|col092|col093|col094|col095|col096|col097|col098|col099|
|int   |int   |int   |int   |int   |int   |int   |int   |int   |int   |int   |int   |int   |int   |int   |int   |int   |int   |int   |int   |int   |int   |int   |int   |int   |int   |int   |int   |int   |int   |int   |int   |int   |int   |int   |int   |int   |int   |int   |int   |int   |int   |int   |int   |int   |int   |int   |int   |int   |int   |int   |int   |int   |int   |int   |int   |int   |int   |int   |int   |int   |int   |int   |int   |int   |int   |int   |int   |int   |int   |int   |int   |int   |int   |int   |int   |int   |int   |int   |int   |int   |int   |int   |int   |int   |int   |int   |int   |int   |int   |int   |int   |int   |int   |int   |int   |int   |int   |int   |int   |
      0      0      0      0      0      0      0      0      0      0      0      0      0      0      0      0      0      0      0      0      0      0      0      0      0      0      0      0      0      0      0      0      0      0      0      0      0      0      0      0      0      0      0      0      0      0      0      0      0      0      0      0      0      0      0      0      0      0      0      0      0      0      0      0      0      0      0      0      0      0      0      0      0      0      0      0      0      0      0      0      0      0      0      0      0      0      0      0      0      0      0      0      0      0      0      0      0      0      0      0
      0      0      0      0      0      0      0      0      0      0      0      0      0      0      0      0      0      0      0      0      0      0      0      0      0      0      0      0      0      0      0      0      0      0      0      0      0      0      0      0      0      0      0      0      0      0      0      0      0      0      0      0      0      0      0      0      0      0      0      0      0      0      0      0      0      0      0      0      0      0      0      0      0      0      0      0      0      0      0      0      0      0      0      0      0      0      0      0      0      0      0      0      0      0      0      0      0      0      0      0
      0      0      0      0      0      0      0      0      0      0      0      0      0      0      0      0      0      0      0      0      0      0      0      0      0      0      0      0      0      0      0      0      0      0      0      0      0      0      0      0      0      0      0      0      0      0      0      0      0      0      0      0      0      0      0      0      0      0      0      0      0      0      0      0      0      0      0      0      0      0      0      0      0      0      0      0      0      0      0      0      0      0      0      0      0      0      0      0      0      0      0      0      0      0      0      0      0      0      0      0
      0      0      0      0      0      0      0      0      0      0      0      0      0      0      0      0      0      0      0      0      0      0      0      0      0      0      0      0      0      0      0      0      0      0      0      0      0      0      0      0      0      0      0      0      0      0      0      0      0      0      0      0      0      0      0      0      0      0      0      0      0      0      0      0      0      0      0      0      9      0      0      0      0      0      0      0      0      0      0      0      0      0      0      0      0      0      0      0      0      0      0      0      0      0      0      0      0      0      0      0
      0      0      0      0      0      0      0      0      0      0      0      0      0      0      0      0      0      0      0      0      0      0      0      0      0      0      0      0      0      0      0      0      0      0      0      0      0      0      0      0      0      0      0      0      0      0      0      0      0      0      0      0      0      0      0      0      0      0      0      0      0      0      0      0      0      0      0      0      0      0      0      0      0      0      0      0      0      0      0      0      0      0      0      0      0      0      0      0      0      0      0      0      0      0      0      0      0      0      0      0
      0      0      0      0      0      0      0      0      0      0      0      0      0      0      0      0      0      0      0      0      0      0      0      0      0      0      0      0      0      0      0      0      0      0      0      0      0      0      0      0      0      0      0      0      0      0      0      0      0      0      0      0      0      0      0      0      0      0      0      0      0      0      0      0      0      0      0      0      0      0      0      0      0      0      0      0      0      0      0      0      0      0      0      0      0      0      0      0      0      0      0      0      0      0      0      0      0      0      0      0
      0      0      0      0      0      0      0      0      0      0      0      0      0      0      0      0      0      0      0      0      0      0      0      0      0      0      0      0      0      0      0      0      0      0      0      0      0      0      0      0      0      0      0      0      0      0      0      0      0      0      0      0      0      0      0      0      0      0      1      0      0      0      0      0      0      0      0      0      0      0      7      0      0      0      0      0      0      0      0      0      0      0      0      0      0      0      0      0      0      0      0      0      0      0      0      0      0      0      0      0
      0      0      0      0      0      0      0      0      0      0      0      0      0      0      0      0      0      0      0      0      0      0      0      0      0      0      0      0      0      0      0      0      0      0      0      0      5      0      0      0      0      0      0      0      0      0      0      0      0      0      0      0      0      0      0      0      0      0      0      0      0      0      0      0      0      1      0      0      0      0      0      0      0      0      0      0      0      0      0      0      0      0      0      0      0      0      0      0      0      0      0      0      0      0      0      0      0      0      0      0
      0      0      0      0      0      0      0      0      0      0      0      0      0      0      0      0      0      0      0      0      0      0      0      0      0      0      0      0      0      0      0      0      0      0      0      0      0      0      0      0      0      0      0      0      0      0      0      0      1      0      0      0      0      0      0      0      0      0      0      0      0      0      0      0      0      0      0      0      0      0      1      0      0      0      0      0      0      0      0      0      0      0      0      0      0      0      0      0      0      0      0      0      0      0      0      0      0      0      0      0
      0      0      0      0      0      0      0      0      0      0      0      0      0      0      0      0      0      0      0      0      0      0      0      0      0      0      0      0      0      0      0      0      0      0      0      0      0      0      0      0      0      0      0      0      0      0      0      2      0      0      0      0      3      0      0     11      0      0      0      0      0      0      0     16      0      4      0      0      0      0      0      0      0      0      0      0      0      0      0      0      0      0      0      0      0      0      0      0      0      0      0      0      0      0      0      0      0      0      0      0
      0      0      0      0      0      0      0      0      0      0      0      0      0      0      0      0      0      0      0      0      0      0      0      0      0      0      0      0      0      0      0      0      0      0      0      0      0      0      0      0      2      0      1      0      0      0      0      0      0      0      0      0      0      0      0      0      2      0      0      0      0      0      0      0      0      0      0      0      0      0      0      0      1      0      0      4      0      0      0      0      0      0      0      0      0      0      0      0      0      0      0      0      0      0      0      0      0      0      0      0
      0      0      0      0      0      0      0      0      0      0      0      0      0      0      0      0      0      0      0      0      0      0      0      0      0      0      0      0      0      0      0      0      0      0      0      0      0      0      0      0      0      0      0      0      0      1      0      0      2      1      0      0      0      0      0      4      0      0      0      6      0      0      0      0      3      0      0      0      0      0      0      0      0      0      0      0      0      0      1      0      0      0      0      0      0      0      0      0      0      0      0      0      0      0      0      0      0      0      0      0
      0      0      0      0      0      0      0      0      0      0      0      0      0      0      0      0      0      0      0      0      0      0      0      0      0      0      0      0      0      0      0      0      0      0      0      0      0      0      0      0      0      0      3      0      0      0      0      0      0      2      0      0      0      0      0      0      0      0      0      0      2      0      0      0      2      0      6      0      0      5      0      0      0      0      0      0      0      3      0      0      0      0      0      0      0      0      0      0      0      0      0      0      0      0      0      0      0      0      0      0
      0      0      0      0      0      0      0      0      0      0      0      0      0      0      0      0      0      0      0      0      0      0      0      0      0      0      0      0      0      0      0      0      0      0      0      0      0      2      0      0      0      0      0      0      0      0      0      0      0      0      6      0      0      0      2      0      3      8      0      0      0      4      0      1      0      0      1      0      0      0      0      0      4      0      0      2      0      1      0      0      0      0      0      0      0      1      0      0      0      0      0      0      0      0      0      0      0      0      0      0
      0      0      0      0      0      0      0      0      0      0      0      0      0      0      0      0      0      0      0      0      0      0      0      0      0      0      0      0      0      0      0      2      0      0      0      0      0      0      0      0      0      0      4      1      0      2      0      4      8      0      3      0      0      1      0      0      0     11      0      0      0      0      0      8      0      0      0      0      0      0      0      0      0      0      4      0      0      0      0      0      0      0      0      0      0      0      0      0      0      0      0      0      0      0      0      0      0      0      0      0
      0      0      0      0      0      0      0      0      0      0      0      0      0      0      0      0      0      0      0      0      0      0      0      0      0      0      0      0      0      0      0      0      0      0      0      0      0      0      0      1      0      0     11      1      0      2      0      3      0      5      6      2      0      0      0      0      1     19      0      5      0      0      0      0      0      1      0      0      4      4      5      0      0      0      0      0      0      0      0      0      0      0      0      0      0      0      0      0      0      0      0      0      0      0      0      0      0      0      0      0
      0      0      0      0      0      0      0      0      0      0      0      0      0      0      0      0      0      0      0      0      0      0      0      0      0      0      0      0      0      0      0      0      0      0      3      0      0      0      0      0      0      1      3      0      0      8      0      0      0      0      7      0      3      2      0     10      4      2      0      4      3      3      1      0      3      1      0      0      3      0      0      2      0      0      0      0      0      0      0      0      0      0      0      0      0      0      0      0      0      0      0      0      0      0      0      0      0      0      0      0
      0      0      0      0      0      0      0      0      0      0      0      0      0      0      0      0      0      0      0      0      0      0      0      0      0      0      1      0      0      8      0      0      3      0      0      0      0      0      0      0      7      5      8      1      0      0      2      6     10      3      0      0      0      3      1      1      1      0      0     11      0      5      0      8      1      0      0      1      0      9      0      0      0      0      0      0      0      0      0      0      0      0      0      0      3      0      0      0      0      0      0      2      0      0      0      0      0      0      0      0
      0      0      0      0      0      0      0      0      0      0      0      0      0      0      0      0      0      0      0      0      0      0      0      0      0      0      3      0      0      0      0      0      0      0      1      0      1      0      0      0      3      2      0      4      3      4      4      0      4      1      3      0      3      2      4      0      8      0      1      0      4      8      0      0      0      5      7      0      4      6      2      0      0      0      2      0      4      0      0      0      0      8      0      0      0      0      0      0      0      0      3      0      0      0      0      0      0      0      0      0
      0      0      0      0      0      0      0      0      0      0      0      0      0      0      0      0      0      0      0      0      0      1      0      0      0      0      0      0      0      0      0      0      0      1      0      0      6      2      1      0      2      1      1      8      0      5      0      1      1     10      2      1     10     21      0     11      0     13      2     14      8     11      1      8      0      2      0      0      2      0      0     11      0      0      2      0      0      0      2      0      4      0      0      0      0      0      0      0      0      0      0      0      0      0      0      0      0      0      0      0
      0      0      0      0      0      0      0      0      0      0      0      0      0      0      0      0      0      0      0      0      0      0      0      0      0      0      0      0      0      2      0      0      3      0      0      3      4      2      0      0     12      3     15      5      8      2      4      5      6      8      5     20      5      7     15      2      0      0      3     10      0     11      0      0      0      6      3      2      5      1      3      0      1      0      0      0      6      0      0      0      0      4      0      0      0      0      0      1      0      0      0      0      0      0      0      0      0      0      0      0
      0      0      0      0      0      0      0      0      0      0      0      0      0      0      0      0      0      0      0      0      0      0      0      0      0     10      0      0      0      3      2      1      0      0      0      1      0      6      0      5      0      0      1      0      5      9      7      2     14      1      2      1      7      6     10     15     11      2      8      0      2      9      8     16     18      8      0     23      1      6      3      7      0     15      0      1      0      0      0      0      0      0      0      0      0      0      0      0      0      0      0      0      0      0      0      0      0      0      0      0
      0      0      0      0      0      0      0      0      0      0      0      0      0      0      0      0      0      0      0      0      0      2      0      0      0      4      0      0      0      0      3      0      1      4      4     12      0      0      4      6      2     14      2      8      3      2      1      2      4      8      6      4      6      8      0     13     11     25     13      6     27      7      0     10     12      8      3      2      1      1      1      1      5     13      2      0      0      0      0      1      0      0      0      0      0      0      0      0      0      0      0      0      0      0      0      0      0      0      0      0
      0      0      0      0      0      0      0      0      0      0      0      0      0      0      0      0      0      0      0      1      4      0      2      0      3      0      1      0      0      4      0      0      6      0      6      0      8      0      2      3     11     16      9      0     13      0      2      1      3      8     17     30      4      7      3     10      5      5     15     10      7      6     10     23     19      8      3      6      0      0      0      2      2      0      3     13      0      8      0      0      0      0      0      0      0      0      0      0      0      0      0      0      0      0      0      0      0      0      0      0
      0      0      0      0      0      0      0      0      0      0      0      0      0      0      0      0      0      0      0      0      0      0      0      0      2      0      0      0      0      0      0      0      9      3     16     10     12      1      6      8      8      5      5     19     21     22      5     36     14     15     47     28     11     12     28     27     24     15     24      3     18     10      8      3      8     11      0      6      1      0      4      2     11     13      0     10     11      4      0      1      1      1      9      0      1      0      4      1      0      0      0      0      0      0      0      0      0      0      0      0
      0      0      0      0      0      0      0      0      0      0      2      0      0      0      0      0      0      0      4      0      0      0      0      0      0      0      0      0      0      0      7      7      6      0      2     14     13      0      7     15     10      4     13      5     27     21     16      4     22     26     15     10      8     41     21     50     26     23      2     15     30     15     16     17      9      8     16     15      2     19     12      3      0     17      0     15      2      2      0      1      0      3      0      4      0      0      0      0      0      0      0      0      0      0      0      0      0      0      0      0
      0      0      0      0      0      0      0      0      0      0      0      0      0      0      0      0      9      0      0      0      0      0      0      0      0      0      3      0      4      5      3      5      1      2      6      0      4     11      1      6     16     17     15     13     18     27     23     14     20      3      0     16      4     14     11     13     23     12     20     31     30      7     11     31      6      5      4      1      2      4      0     12      9      1      0      0      4      5      5      0      0      0      0      0      0      2      0      0      0      0      0      0      0      0      0      0      0      0      0      0
      0      0      0      0      0      0      0      0      0      0      0      0      0      0      0      0      2      0      0      0      0      3      8      0      0      0      0      5      6      5      6      1     19      3     11      0      0     16      6     10      9     15     20     19     14     12      6     42     11      3      4     16     48     20     50     18     48     11     35     26     28      7     13     22      8     22     21     23      7     10     12      4      0      7      0      3      4      2      4      2      0      0      9      0      0      0      0      0      0      0      0      0      0      0      0      0      0      0      0      0
      0      0      0      0      0      0      0      0      0      0      0      0      0      0      0      0      0      0      0      7      0      0      0      1      0      0      3      3      0      1     18      4      1     16      2      5     14      3     13     12     10     10     10     16      3     30     19     31     17     10     37     30     19     16     69     30     11     14     25     24      5      7     17     35     21      6     10      8     17     24      0     17     19      0     12      0      9      0      4      0      1      0      8      0      0      0      0      0      0      0      2      0      0      0      0      0      0      0      0      0
      0      0      0      0      0      0      0      0      0      0      0      0      0      0      0      0      0      0      0      0      0      8      0      0      0      0      0     13      6      6      0      2     17      2     12     13      0     14     19     22      2     40     39     28     24     35     31      9     26     53     13     21     31     31     61     10     17     42      9     24     47     15     11      2     18     11     18     26     23     19      8     15     18     12     13      5      1      3      7      7      0      0      0      0      0      0      0      0      0      6      0      0      0      0      0      0      0      0      0      0
      0      0      0      0      0      0      0      0      0      0      0      0      0      0      1      0      0      0      0      0      8      0      5      0      1      9      3     11      1      0      3      2      8      8     14     11     13     15     12     12     16     16     10     40     18     44     25     31     57     46     39     22     45      7     27     80     70     35     31     51     24     14     21     43     17     42     15     12     14      1      5     27      9      0     13      3      0      2      0      0      0      0      0      0      0      0      0      0      0      0      0      0      0      0      0      0      0      0      0      0
      0      0      0      0      0      0      0      0      0      0      0      0      0      0      0      0      0      0      0      0      0      0      0      0      6      3      0      0      5     16      1      8      0     14     31     22     11      5     11     39     25     30     21     17     20     21     19     40     41     50     60     43     19     39     42     54     36     54     37     12     24     18     57     11     34     38     17      8      9     21     37     16      3     11     19     14      0      2      2      3     11      0      0      0      0      0      0      0      0      0      0      0      0      0      0      0      0      0      0      0
      0      0      0      0      0      0      0      0      0      7      0      0      0      0      0      1      0      0      0      0      3      3      1      2      0      5      5      5      3      1      4      8      9      6      5      0     20     18     21     12      7     54     40     25     60     34     53     48     14     64     41     31     66     53     56     46     52     65     57     50     24     18     23     19     43     12     18     29     17     11     11     29      3     25      6      0      3      3     12      0      0      8      0      0      0      0      0      0      0      7      0      0      0      0      0      0      0      0      0      0
      0      0      0      0      0      0      0      0      0      0     10      0      0      0      0      0      0      0      0      0     10      2     16     17     27      1      4      9     12      0      1      4     18     11     16     17     18     13     45     30     30     15     18     54     30     46     69     48     62    112     39     41     45     40     34     11     26     63     89     33     71     36     35     41     36     74     64     28     17     15     19     14      5      4      8     10      1      3      0      4      0      0      0      0      0      0      4      0      0      0      0      0      0      0      0      0      0      0      0      0
      0      0      0      0      0      0      0      0      0      0      0      0      1      0      0      0      5      0      0      3      2      0      6     10      3     13     11      0     15      9     30     21     51      6     12      6     20     16     28     45     27     14     31     57     46    105     18     51     73     55     37     42     37     36     49     80     26     29     84     27     55     43     55     39     60     33     18      4     28     15     14     35     11      0     20      4      0     10      3      0      7      1     11     15      1      0      2      0      2      0      0      0      0      0      0      0      0      0      0      0
      0      0      0      0      0      0      0      0      0      2      2      0      0      1      2      0      0      0      0      6      4      0     13      3      9      4      0      7     23     19      7     10     25     18     19     12     44     21     16     36     32     67     40     50     17     59     50     44     57     91     67     92     67     60     62     65     67     29     37     69     32     62     61     49     36      1     76     33     10     30     17     22      2      1      3      0      6     10      4      4      0      3      0      9      0      0      9      0      0      0      0      0      0      0      0      0      0      0      0      0
      0      0      0      0      0      0      0      0      0      1      0      0      0      0      0      0      6      0      7      8      7     11      0     11     11      1      7      6     10      9     14      8     11      9      9     17     28     36      6     32     65     47     42     48     70     57     52     81     36     30     63     39     87     21     55     70     73     55     78    104     60     75     20     62     31     34     31     36     39     16      9      6      6      2      0      7     12      2      8      0      0      1      0      1      0      0      0      0      0      0      0      0      0      0      3      0      0      0      0      0
      0      0      0      0      0      0      1      0      0      2      0      0      0      2      0      0      2      7      0      2     18      7      0     12      0      2     16      6     22      0      8     31     15     10     26     33     26     31     14     20     31     46     77     63     73     31     73     43     77     53     74    109     76     64     51     79    113     60     31     38     32     31     75     15     43     11     16     33     22      1     22     35      9     18     14      1      4     19      0      2      0     11      5      0      0      0      0      0      0      1      0      0      0      0      0      0      0      0      0      0
      0      0      0      0      0      0      0      0      0      0     13      0      0      3      2      0      3      2      2     18      8      1      1     23     11      2      2      4     18     40      4     29      4     28     19     20     30     25     13     56     49     24     61     52     56     47     83     56     36     60    106     83     71    113     72     87     58     72     63     42     82     61     48     53     48     19     29     49     38     44     12     12      3      3     27     13     10      1      6      0     26      1      4      0      0      3      0      0      0      0      0      0      0      0      0      0      0      0      0      0
      0      0      0      0      0      2      4      3      0      0      0      0      5      0      0      0      0      1      1      0     10      6      4      9     18      0     11      0     52     18     14     31     22     27     19     64     47     50     35     58     59     57     74     76     86     33     89     35     70     88    125     80     48     62     94     60    110     89     99     18     65     33     46     49     90     13     54     58     14     28     21     11      6     28      3      2      2      0      4     12     13      5      5      1      0      0      0      5      0      0      0      0      0      0      0      0      0      0      0      0
      0      0      0      0      0      0      0      0      2      0      2      0      6      0      0      5      0      2      1      1      8     21      1     19     17     16     16     17     12     16     45     31     14     22     15     26     28     50     50     31     35     56     84     88     64     76     70     82     86     97    115     79     48     74     71     52    138     51     98     66     77     38     42     94     49     23     30     57     15     25     17      0      8      9      3     18      8     25     21      0      0      0      3      2      0      5      0      0      0      0      0      0      0      0      0      0      0      0      0      0
      0      0      0      0      0      0      0      0      0      1      6      7      0      0      1      0      5      0      0      3      7      3      2     12      8      9      8     13     13     17     24      9     60     21     19     14     21     29     67     54     67     44     42     89    114    102     52     68     97    108     99    149     77     67     74     77     68     59    100     77     79     87     49     26     66     24     57     40      7     39      5     22      1      6     18     12     14      4      4     26      0      2      4      5      0      4      0      0      0      0      0      0      0      0      0      0      0      0      0      0
      0      0      0      0      0      0      3      0      4      1      4      1      4      0      3      0      4      9      0      4      7      9     10      2      4     24     18      4      5     10     38     30     35     21     14     33     53     47     58     53     49     30     63     64     69     77     78     78     80     97     75     78    108    103     85     77     50     93     88     45    105    107     54     48     89     60     59     47     51     37     31     18     52     12      1      2     15      5      6      3      0      2      4      3      2      0      6      0      0      0      0      0      0      0      0      0      0      0      0      0
      0      0      0      0      0      0      0      0      0      0      1      5      0      1      0      7      1     11      0     12      2      3      9     13      7      8      4     22     25     22     14     50     54     24     19     65     24     55     60     68     70     82     77     60     77     74     54     93     72    141    110     82     85     64     90     59     65     63     77     85     62     50     68     61     39     55     53     12     32     14     12     27     16      0      1      0     14      6      1      0      4      0      5      1      9      0      0      0      0      0      0      0      0      0      0      0      0      0      0      0
      0      0      0      0      0      0      0      0      0      0      0      0      1      0     14      0     14      4      3      8      7      0      1      7      4     11     16     20     24     16     14     25     17     15     26     37     73     54     39     63     95     75     57     85     46    103     80     76     81    110     73     73    111    136    112     81     51    113     23    112     55     80      7     96     34     66     50     17     54      8     19     30     53     18      4      7     13      0     40      0     23      6      0      0      0      0      0      0      0      0      0      0      0      0      0      0      0      0      0      0
      0      0      0      0      0      0      0      3      7      0     19      3      0      1      4      0      5      2      2      3      1      6      2      7     12     28     19      8     15     28     22     30      7     35     47     28     38     40     42     80     81     67     54    110    125     76    107     50     55    101     70     39    129     75     89     72    115    127     83    138     54     94     97     46     77     34     33     39     45      5      7     37     32     41      1      1     10      5      6      4     30      0      0      0      0      0      0      0      0      0      0      0      0      0      0      0      0      0      0      0
      0      0      0      0      0      0      0      0      0      0      0      2      0      4      4      0      0     16      2     22      2      2      8      3      7     12     10     22     17     15     47     28     13     32     32     28     42     21     77     35     41     33     64     81     89     99     56     92     72    105    151     92    113     91     70     45     66     87     74     75     34     68     65     41     33     23     40     28     43     13     17     42     25     27     11     20      0      4      0      0      0      0      8      0      0      0      0      0      0      0      0      0      0      0      0      0      0      0      0      0
      0      0      0      0      0      0      0      0      2      1      0      2      0      5      5      4      4     13      0      7      4      3      8      4      4      9     23     17      8     29     20     37     35     23     18     18     34     44     70     82     34     44     48     47     94     63     64     71     60     76    113     72     31    104     89    140     95    114     84     85     63     55     47     39     45     54     22     37     88     48     28     22     15     17      9      1      7      5      1      0      5      1      0      0      0      0      0      0      0      0      0      0      0      0      0      0      0      0      0      0
      5      0      0      0      0      0      0      0      4      0      0      2      3      0      3     12      4      1      2      7      0     17      0      5     17      9     26     15      1     14      8     66     25     31     72     33     51     26     68     39     80     90     60     59     76    130    122     98     79     90    166     37     74    134    150    120     90     71    134     84     51     32    114     36     85     20     34     23     36     18     27      4     20     23      1      6      1      1      1      0      0      0      0      0      0      0      0      0      0      0      0      0      0      0      0      0      0      0      0      0
      0      0      0      0      0      0      0      0      0      0      4      0      1      9      0     12      1     32      2      0      6     13      6      8     13     14      6     12     17      9     23     11     22     49     56     32     47     91     60     71     69     88     86     84     62     86     98    106     84    150     83    152    111    120     67    118     67     64     62     48     50     69     42     81     55     15     42     36     22     15     24     18     10      0     19     25      4     22      8      4      0      2      0     16      0      1      0      0      0      0      0      0      0      0      0      0      0      0      0      0
      0      0      0      0      0      0      0      0      0      6      0      0      4      6      8     27     11      7      0     10      8     10     13      5     16      5      7      7     12     46     48     17     12     33     38     34     49     55     47     24     31     57     81     52     38     67    111     81     58     56     74     73     96     70    116    114     83     48     74     50     59     84     58    113     39     44     28     19     15     60      4     13      5     14     25      5      3      2      4      3      0      1      2      1     16      0      0      0      0      0      0      0      0      0      0      0      0      0      0      0
      0      0      0      0      0      0      0      0      1      0      1      0      0      3      0      2      0      4      3      7     10     18      0      9      2      5      6     21      9     11     22     10      9     30     59     41     56     39     58     31     34     53     62     42     79     67     76     69     47     50     68    100    109     83     57    128    124     72     61     84     98     58     35     58     71     76     25     44     40     15     25     27      7     19     16     15      5     10      2      5     12      0      0      3      4      0      0      0      0      1      0      0      0      0      0      0      0      0      0      0
      0      0      0      0      0      0      0      0     12      0      0      7      7      2      1      3      2      4      0      1      4     10     11      0     17      8      4     11     11      7     43     19     19     16     33     64     25     59     43     78     49     59     77     88     82     72     45     70    108     74     80     21     57     53     56     97     58     41     36     50     58     72     34     55     82     43     25     19     19     66     56     12     27     12      5      6      5     33     12      0      8      1      0      0      0      0      0      0      2      0      0      0      0      0      0      0      0      0      0      0
      0      0      0      0      0      0      0      0      1      0      0      0      5      0      3      8      7      0      0      5     14     12      6      2     19     21      2      3      6     18      8     39     17     22     37     31     19     59     24     37     51     71     56     70     98     76     28     60     83     90    102     75     71     70     44     59     45     49     34     73     68     33     36     29     42     23     17     13     26     41     29      8      7     11      1     12      3      5     11      0      1      0     11      0      0      0      0      0      0      0      0      0      0      0      0      0      0      0      0      0
      0      0      0      0      0      0      0      0      0      1      0      0      3     10      1      0      2      0      5      7      8     10      0      5      7     19      6     18     14     16     26     23     33     46     21     30     34     44     56     37     51     26     55     63    107     50     71     32     96     90     86     75    118     75    126     30     59     34     75     79     33     93     68     32     50     31     10      3     17     15     41     26     11      2      9      9      4      5      3     13      0      0      0      1      0      1      0      1      0      0      0      0      0      0      0      0      0      0      0      0
      0      0      0      0      0      1      0      0      0      0      8      0      1      6      1      2      1      3     25      1      2      3      1      9      6      8      6     37      5      9     19     30     20     16     31     23     44     54     29     37     65     47     52     69     32     56     70     51     28     85     51    107     57     41     91     64     80     68    105     91     35     48     57     15     58     69     13     15     30      8      5     21     32      5     22     13     11      1      0      0      0      0      0      0      3      0      0      0      0      0      0      0      0      0      0      0      0      0      0      0
      0      0      0      1      0      0      0      2      8      7      3      0      0      0      1      1      1      1      2      5      0      7      0      3     10     10      4      5     30     15     18     31     39     32     22     29     28     37     20     17     62     42     61     37    100     75     61     94     45     89     76     58     44     48     33     53    101     40     35     70     17     31     60     23     12     43     12     16     40     22     16     14     35      0      0     19      5      3      4      0      0      0      0      0      0      0      1      0      0      0      0      0      0      0      0      0      0      0      0      0
      0      0      0      0      0      0      0      0      2      0     11      0     19      0      0      2      1      0      1      0     10      4      1      7      3     12     12     16      8     12     31      6     31     30     16     41     39     39     61     54     70     84     25     41     69     63     68     47    102     32     95     79     60     21     54     44     59     42     33     38     13     32     36     40     50     35     18     36     21      4     29      4     16      6     11     19     18      2      0      5     10      5      0      0      0      0      0      0      0      0      0      0      0      0      0      0      0      0      0      0
      0      0      0      0      1      0      0      5      0      0      2      6      2      2      1      6      4      2      8      0     27      3      3      3      4     17     11     16     12      3     35      9      6     18     13     51     31     42     36     66     47     52     28     24     45     82     43     42     71     55     40     68     42     72     38    117     65     21     38     40     44     39     33     23     50     27      6     18     32     27     12     37      3     30      4      7     12      2      9      3      0      0      0      5      0      0      0      0      0      0      0      0      0      0      0      0      0      0      0      0
      0      0      0      0      2      1      3      0      2      0      2      0      0      6      0      1      6      6      1      1      1      2      3      7      5      9     10      5      5      5     13     10     26     39      6     50     16     30      4     11     27     35     37     55     47     34     67     31     37     65     42     36     26     68     14     67     57     77     14     23     28     53     40     29     43      9     19     27     22      4      2      7      3     11      1     13      0      0      0      0      0      0      0      9      0      0      0      0      0      0      0      0      0      0      0      0      0      0      0      0
      0      0      0      0      0      0      0      0      0      5      8      7      7      0      2      2      1     13      4      1      4      6      0      2     18      8      2      4      9     12      5     32     12     31     11     14     31     37     43     23     21     60     29     40     67     46     17     66     27     66     35     13     57     31     30     48     22     70     50     58     75     36     16     10      8     31     12     19     42     18     36      2      6      8      0      3      3      0      9      0      0      0      0      0      0      0      0      0      0      0      0      0      0      0      0      0      0      0      0      0
      0      0      0      0      0      0      0      5      3      0      0      8      0      0      0      0      0      2      0      2      0      0      2      8      4      7      6     13      6     13     36     17     33      0     22     16     44     23     40     56     21      8     50     37     20     32     43     61     42     40     48     59     31     25     53     57     34     21     18     31     40     15     22     59     34     10      8     25     23     16     17      3      2      0      0      6      0      0      1      7      0      0      0      0      0      0      0      0      0      0      0      0      0      0      0      0      0      0      0      0
      0      0      0      0      0      0      0      0      0      4      0      0      0      0      1      3     14     14      2     10      5      2      4      6      0      6     11      1      0     13     21     37      3     35     15      6      7     39     56     32     22     32     38     33     26     39     37     23     41     22     13     62     57     70     33     42     45     21     60     39     29      8     52      0      2     13     13     10      9      3      4      9      7      5     10      0      1     12      5      0      0      1      0      0      0      0      0      0      0      0      0      0      0      0      0      0      0      0      0      0
      0      0      0      0      0      4      0      1      0      7      2      0      5      0      0      1      5      1     14      2      4      2      9      2      3      9      2     28      1      8     14     11     15     15     30     27     10     23     19     26     24      3     54     38     14     75     64     60     50     24     70     44     10     34     87     44     24     14     40     27     31     16     12     38     35     40     15     35     14     11      8      1      6      3      0      8      0      9      0      0      4      0      6      0      0      0      0      8      0      0      0      0      0      0      0      0      0      0      0      0
      0      0      0      2      0      0      0      0     10      0      0      0      0      0      6      1      0      0      0      1      6     13      0      0      1      2      4      4     22      0      2     10     19     11     30      8     31      5     25     19     24     29     24     16     14     36     44     31     88     34     46     31     30     27     20     38     53     20     45     18     10     15     16      5     10      2      3      0     15      7      5      0     10     13      2      0      0      0      0      0      0      0      0      0      0      0      0      0      0      0      0      0      0      0      0      0      0      0      0      0
      0      0      0      0      0      1      0      3      0      1      0      0      6      0      0      4      7      6      6      2      1      0      5      8      1      9     10      1      2     29      4     13     13      0      8     20      5     39      2     14     10      4     33     27      7     15     38     39      8     15     26     47     36     47     30     46     19      0     64     33     10     15     16      2      3      1     23     13     10     12      0      2      4      7      5      0      0     28      0      4      0      0      2      1      0      0      0      0      0      0      0      0      0      0      0      0      0      0      0      0
      0      0      0      0      0      0      0      0      0      1      9      0     13      0      0      0      2      0      0      4      0      5      0      1     11      4      0      5      6      3     31     15     12     31     13     10     14     31     14      5     34      8     14     26     59     28     40     58     40     36     25     24     18     36     19     10     92     17      9     16     13     33      1     18      9      0      5      0      0      0      5     14      1      5      0      0      0      0      0      0      0      0      0      0      0      0      0      0      0      0      0      0      0      0      0      0      0      0      0      0
      0      0      0      0      0      0      8      0      0      0      3      0      1      0     22      4      0      2      2      0      0      0      0      1      5      0      9      8      3     12      9      2      7      0     14     30     13      4     28     34     14     22     11      7     36     16     20     19     50     13     17     20     10     26      3     14      6     10     44     12     15      6      0      4     31      9      8      5     24      2      3      4      0      0      0      4      0      0      0      0      0      2      0      0      0      0      0      0      0      0      0      0      0      0      0      0      0      0      0      0
      0      0      0      0      0      0      0      0      0      0      3      0      1      0      3      0      0      0      2      0      6      3      0      0     11      5      1      5      4      8     39     23      1      9     12      5      1      4     28     22     10     24     15     20     47      6     24     16     28     32     22     24     48      9     25      6     41      6     39     13      1     19     18      1      3      6      1      5      0      0      2      9      0      3      5      3      6      0      0      2      1      0      0      0      0      0      0      1      0      0      0      0      0      0      0      0      0      0      0      0
      0      0      0      1      0      0      0      0     16      0      0      2      1      0      5      0      0      0      0      0      0      0      0      5      8      1      0      0      4     12      1      7      3      0      7     10     18     14     10     10      5      8     25     11     11      6     25     27     10      5      8     16      7      8     11     13     12     23      3      6      6      5      2     10     32      6      8      7      0      5     11      2      0      2      7      0      0      0      0      4      0      0      0      0      0      0      0      0      0      0      0      0      0      0      0      0      0      0      0      0
      0      0      0      0      0      0      3      2      0      0      0      4      0      7      0      1      0      8      0      4      0      3      1      0      0      8      5      4      4      4      0      0      4      4     24     18      5      1     17     15      4      6     14      5     15     19     22      0      9      4     12      9     24     16      9     12      4     56      4      9     17      0      2      6      3      5     22      7     13      1      3     30      0      6      7      0      0      0      0      0      0      0      0      1      0      0      0      0      0      0      0      0      0      0      0      0      0      0      0      0
      0      0      0      0      0      0      0      0      5      0      0      0      0      4      5      0      0      0      0      4      0      0      7      4      5      0      0      7      1      2      6      9      3      1      0     14     21      1      6     17      2     18     16      6     24     10      8      4     25      8     16     12      0     10     38      2     19     27      9     26      3      0      5      4     14      6      6      0      7      0      0      0      1      0      0      0      0      2      4      0      0      0      0      0      0      0      0      0      0      0      0      0      0      0      0      0      0      0      0      0
      0      0      0      0      0      0      0      0      0      0      2      0      0      0      0      0      0      0      0      5      0      0     11      0      0      7     24      0      1      0      3      6      4     13     10      1      2      2     38     18      9      6      2      9     19     31     13     31      9     12     78     17     14      4     14     24      5      6      7      2      6     16      2      3      2      0      2      2      0      8      0      2      0      0      0      0      1      0      0      0      0      0      0      0      0      0      0      0      0      0      0      0      0      0      0      0      0      0      0      0
      0      0      0      0      0      0      0      0      0      0      0      0      6      2      0      0      0      3      0      3      0      0      3      2      0     13      4      7      5      0      0      5      0      9      9      5      1      2      5      4      1      3     30     15      9      9     19      8     20      4     22      5     10     10      6     14      7     20     16      1      8     11      0      0     12      0      2      3      2      7      0      0      0      0      0      0      8      0      0      0      2      0      0      0      0      0      0      0      0      0      0      0      0      0      0      0      0      0      0      0
      0      0      0      0      0      0      0      0      0      0      0      4      0      0      2      0      0      5      0      2      0      0      4      0      2      0      1      1      7      0      3      1      4      6      0      1      1      3      3     18      5      3     32      6     12      0     16      2     21     32      6     12     25     11     14      6      9     10      6     12     12      0      0      5      0      0      0      0      4      1      0      0      0      0      0      0      3      0      0      0      0      0      0      0      0      0      0      0      0      0      0      0      0      0      0      0      0      0      0      0
      0      0      0      0      6      0      0      0      0      0      0      0      0      1      0      0      0      0      0      6      0      0      0      0      0      0      0      1      4      2      3      2      0      6      0      0      3      0      3     14      5      3      8      8      6      2      3     14     11     18     23     15      9     14      4      4     16      4      0      5      0      8      0      1     10      6      0      0      0      0      0      0      0      0      6      0      1      0      0      0      0      0      0      0      0      0      0      0      0      0      0      0      0      0      0      0      0      0      0      0
      0      0      0      0      0      0      0      0      0      0      0      0      0      0      0      0      0      0      0      0      6      0      0      0     11      0      5      1      9      0      6      0      8      3      1      9      5      0      4      0      0      7      1      9     15     16      3      4     13      0      0      1      0      2     15     13      0      0      6      7      0      3      0      3      8      7      0      0      3      1      0      0      0      0      7      0      0      0      0      0      0      0      0      0      0      0      0      0      0      0      0      0      0      0      0      0      0      0      0      0
      0      0      0      0      0      0      0      0      0      0      0      0      0      0      0      1      0      0      0      0      0      0      3      3      0      1      0      1      0      2      0      1      5      0      0      0      1      0      1      4      0      2      1      6      5      2      0      3     21      0      2     15      1     15      0      9      0      3      3     18      1      0      4      4      0     10      5      0      0     15      0      6      0      2      0      0      0      0      1      0      0      0      0      0      1      0      0      0      0      0      0      0      0      0      0      0      0      0      0      0
      0      0      0      0      0      0      0      0      0      0      0      0      0      0      0      0      4      0      0      0      0      0      0      0      0      2      7      0      0      0      0      2      9      6     12      2      2     13      2      2     10      4      3      2      6     11      3      5      8      3      6     16      2      3      0      6      4     10      0      0      6      5      0      2      0      0      0      5     13      0      0      0      0      0      0      0      0      0      0      0      0      0      0      0      0      0      0      0      0      0      0      0      0      0      0      0      0      0      0      0
      0      0      0      0      0      1      0      0      0      0      0      0      0      0      2      0      0      0      0      0      1      0      0      0      0      1      0      4      0      0      0      0      0      4      0      0      0      2      8      1      0      4     10     10      5      4      5      0      0      0      6      0      5     10      0     19      8      0      0     25      5      2      0      4     11      1      0      0      0     12      0      0      0      0      1      0      0      0      0      0      0      0      0      0      0      0      0      0      0      0      0      0      0      0      0      0      0      0      0      0
      0      0      0      0      0      0      0      0      0      0      0      1      0      0      0      0      0      0      0      0      0      0      0      0      0      0      1      0      0     27      0      0      1      0      0      0      9      0      1      0      6      0      8      2      4      0      7      1      5      6      6      0      3      6      0      0      0      5      1      0      0      1     14      5      3      0     15      0      0      0      0      0      0      1      0      0      0      0      0      0      0      0      0      0      1      0      0      0      0      0      0      0      0      0      0      0      0      0      0      0
      0      0      0      0      0      0      0      0      0      0      0      0      0      0      0      0      0      0      0      0      0      0      0      0      0      0      0      0      0      0      1      0      0      0      6      0      3      3      6      0      2      1      0      0     14      4      0      3      0      0      1      0      7      0     16      3      0      6      0      0      0      0      1      0      0      6      4      0      0      0      0      1      0      0      0      0      0      0      0      0      0      0      0      0      0      0      0      0      0      0      0      0      0      0      0      0      0      0      0      0
      0      0      0      0      0      0      0      0      0      0      0      0      0      0      0      0      0      1      0      0      0      0      0      0      4      0      0      0      0      2      0      0      0      4      0      0      0      2      0      0      0      2      0      0      6     10      6      2      0      0      0      0      1      0      0      3      0      0      6      1      3     13      0      0      0      1      0      0      0      0      0      0      0      4      0      0      0      0      0      0      0      0      0      0      0      0      0      0      0      0      0      0      0      0      0      0      0      0      0      0
      0      0      0      0      0      0      0      0      0      0      0      0      0      0      0      0      0      0      0      0      0      0      0      0      0      4      0      0      0      0      0      0      0      0      0      0      0      0      0      0      0      0      2      3      0      0      7      7      0      0      8      0      1      0      1      0      0      4      3      0      0      0      0      0      0      0      0      0      0      0      2      0      0      0      0      0      0      0      0      0      0      0      0      0      0      0      0      0      0      0      0      0      0      0      0      0      0      0      0      0
      0      0      0      0      0      0      0      0      0      0      0      0      0      0      0      0      0      0      0      0      0      0      0      0      0      0      0      0      0      0      2      0      0      0      0      5      1      0      2      0      0      0      0      1      0      2      0      6      9      2      0      0      0      3     20      0      0      9      6      3      0      0      0      0      3      0      8      0      1      2      2      0      0      0      0      0      0      0      2      0      0      0      0      0      0      0      0      0      0      0      0      0      0      0      0      0      0      0      0      0
      0      0      0      0      0      0      0      0      0      0      0      0      0      0      0      0      0      0      0      0      0      0      0      0      3      0      0      0      0      3      0      5      4      0      0      0      0      0      0      0      0      2      0      0      0      0      9      0      1      0      1      0      0      3      0      0      6      0      0      0      0      2      0      1      4      0      0      0      0      0      0      0      0      0      0      0      0      0      0      0      0      0      0      0      0      0      0      0      0      0      0      0      0      0      0      0      0      0      0      0
      0      0      0      0      0      0      0      0      0      0      0      0      0      0      0      0      0      0      0      0      0      0      0      0      0      0      5      0      0      0      0      5      0      0      0      0      4      0      1      0      0      0      0      0      3      0      0      0      0      0      4      0      0      0      0      4      2      0      0      0      0      0      1      0      0      0      0      0      0      0      0      0      0      0      0      0      0      0      0      0      0      0      0      0      0      0      0      0      0      0      0      0      0      0      0      0      0      0      0      0
      0      0      0      0      0      0      0      0      0      0      0      0      0      0      0      0      0      0      0      0      0      0      0      0      0      0      0      0      0      0      0      0      0      0      9      0      0      0      0      0      0      0      0      0      0      0      0      0      0      0      0      6      0      0      2     15      1      0      0      1      0      0      1      0      0      0      0      0      0      0      0      0      0      0      0      0      0      0      0      0      0      0      0      0      0      0      0      0      0      0      0      0      0      0      0      0      0      0      0      0
      0      0      0      0      0      0      0      0      0      0      0      0      0      0      0      0      0      0      0      0      0      0      0      0      0      0      0      0      0      0      0      0      5      0      0      0      0      0      0      0      0      0      0      0      0      0      0      0      0      0      0      1      0     17      0      0      0      0      0      0      0      0      0      0      0      0      0      0      0      0      0      0      0      0      0      0      0      0      0      0      0      0      0      0      0      0      0      0      0      0      0      0      0      0      0      0      0      0      0      0
      0      0      0      0      0      0      0      0      0      0      0      0      0      0      0      0      0      0      0      0      0      0      0      0      0      0      0      0      0      0      0      0      0      0      0      1      0      0      0      0      0      0      0      0      5      0      0      1      0      0      0      5      0      0      0      3      0      0      0      0      6      0      1      0      0      0      0      0      0      0      0      0      0      0      0      0      0      0      0      0      0      0      0      0      0      0      0      0      0      0      0      0      0      0      0      0      0      0      0      0
      0      0      0      0      0      0      0      0      0      0      0      0      0      0      0      1      0      0      0      0      0      0      0      0      0      0      0      0      0      0      0      0      0      1      0      0      0      0      0      0      0      3      0      0      0      0      0      0      0      3      1      0      0      0      0      0      0      0      0      0      0      0      0      0      0      0      0      0      0      0      0      0      0      0      0      0      0      0      0      0      0      0      0      0      0      0      0      0      0      0      0      0      0      0      0      0      0      0      0      0
      0      0      0      0      0      0      0      0      0      0      0      0      0      0      0      0      0      0      0      0      0      0      0      0      0      0      0      0      0      0      0      0      0      0      0      0      0      0      0      0      0      0      0      0      4      0      3      0      4      0      0      0      0      0      0      1      3      0      0      0      0      0      0      0      1      0      0      0      0      0      0      0      0      0      0      0      0      0      0      0      0      0      0      0      0      0      0      0      0      0      0      0      0      0      0      0      0      0      0      0
      0      0      0      0      0      0      0      0      0      0      0      0      0      0      0      0      2      0      0      0      0      0      0      0      0      0      0      0      0      0      0      0      0      0      0      0      0      0      0      0      0      0      0      0      0      0      0      0      0      0      0      0      0      0      0      0      0      2      0      0      0      0      0      0      0      0      0      0      0      0      0      0      0      0      0      0      0      0      0      0      0      0      0      0      0      0      0      0      0      0      0      0      0      0      0      0      0      0      0      0
      0      0      0      0      0      0      0      0      0      0      0      0      0      0      0      0      0      0      0      0      0      0      0      0      0      0      0      0      0      0      0      0      0      0      0      0      0      0      0      0      0      0      0      0      1      0      0      0      0      0      0      0      0      0      0      0      0      0      0      0      0      0      0      0      0      0      0      1      0      0      0      0      0      0      0      0      0      0      0      0      0      0      0      0      0      0      0      0      0      0      0      0      0      0      0      0      0      0      0      0
      0      0      0      0      0      0      0      0      0      0      0      0      0      0      0      0      0      0      0      0      0      0      0      0      0      0      0      0      0      0      0      0      0      0      0      0      0      0      0      0      0      0      0      0      0      0      0      0      0      0      0      0      0      0      0      0      0      0      0      0      0      0      0      0      0      0      0      0      0      0      0      0      0      0      0      0      0      0      0      0      0      0      0      0      0      0      0      0      0      0      0      0      0      0      0      0      0      0      0      0
      0      0      0      0      0      0      0      0      0      0      0      0      0      0      0      0      0      0      0      0      0      0      0      0      0      0      0      0      0      0      0      0      0      0      0      0      0      0      0      0      0      0      0      0      0      0      0      0      0      0      0      3      0      0      0      0      0      0      0      0      0      0      0      0      0      0      0      0      0      0      0      0      0      0      0      0      0      0      0      0      0      0      0      0      0      0      0      0      0      0      0      0      0      0      0      0      0      0      0      0
      0      0      0      0      0      0      0      0      0      0      0      0      0      0      0      0      0      0      0      0      0      0      0      0      0      0      0      0      0      0      0      0      0      0      0      0      0      0      0      0      0      0      0      0      0      0      0      0      0      0      0      0      0      0      0      0      0      0      0      0      0      0      0      0      0      0      0      0      0      0      0      0      0      0      0      0      0      0      0      0      0      0      0      0      0      0      0      0      0      0      0      0      0      0      0      0      0      0      0      0
      0      0      0      0      0      0      0      0      0      0      0      0      0      0      0      0      0      0      0      0      0      0      0      0      0      0      0      0      0      0      0      0      0      0      0      0      0      0      0      0      2      0      0      0      0      0      0      0      0      0      0      0      0      0      0      0      0      0      0      0      0      0      0      0      0      0      0      0      0      0      0      0      0      0      0      0      0      0      0      0      0      0      0      0      0      0      0      0      0      0      0      0      0      0      0      0      0      0      0      0
      0      0      0      0      0      0      0      0      0      0      0      0      0      0      0      0      0      0      0      0      0      0      0      0      0      0      0      0      0      0      0      0      0      0      0      0      0      0      0      0      0      0      0      0      0      0      0      0      0      0      0      0      0      0      0      0      0      0      0      0      0      0      0      0      0      0      0      0      0      0      0      0      0      0      0      0      0      0      0      0      0      0      0      0      0      0      0      0      0      0      0      0      0      0      0      0      0      0      0      0
      0      0      0      0      0      0      0      0      0      0      0      0      0      0      0      0      0      0      0      0      0      0      0      0      0      0      0      0      0      0      0      0      0      0      0      0      0      0      0      0      0      0      0      0      0      0      0      0      0      0      0      0      0      0      0      0      0      0      0      0      0      0      0      0      0      0      0      0      0      0      0      0      0      0      0      0      0      0      0      0      0      0      0      0      0      0      0      0      0      0      0      0      0      0      0      0      0      0      0      0
