\ 
\ Covariance Function Histogram Table
\ 
\ X Parameter: A Priori Eclipse Prob
\ X Abbrev   : PSG
\ X Units    : none
\ X Items    : 100         
\ 
\ Y Parameter: Semi-Major Axis
\ Y Abbrev   : a
\ Y Units    : AU
\ Y Items    : 100         
\ 
|col000|col001|col002|col003|col004|col005|col006|col007|col008|col009|col010|col011|col012|col013|col014|col015|col016|col017|col018|col019|col020|col021|col022|col023|col024|col025|col026|col027|col028|col029|col030|col031|col032|col033|col034|col035|col036|col037|col038|col039|col040|col041|col042|col043|col044|col045|col046|col047|col048|col049|col050|col051|col052|col053|col054|col055|col056|col057|col058|col059|col060|col061|col062|col063|col064|col065|col066|col067|col068|col069|col070|col071|col072|col073|col074|col075|col076|col077|col078|col079|col080|col081|col082|col083|col084|col085|col086|col087|col088|col089|col090|col091|col092|col093|col094|col095|col096|col097|col098|col099|
|int   |int   |int   |int   |int   |int   |int   |int   |int   |int   |int   |int   |int   |int   |int   |int   |int   |int   |int   |int   |int   |int   |int   |int   |int   |int   |int   |int   |int   |int   |int   |int   |int   |int   |int   |int   |int   |int   |int   |int   |int   |int   |int   |int   |int   |int   |int   |int   |int   |int   |int   |int   |int   |int   |int   |int   |int   |int   |int   |int   |int   |int   |int   |int   |int   |int   |int   |int   |int   |int   |int   |int   |int   |int   |int   |int   |int   |int   |int   |int   |int   |int   |int   |int   |int   |int   |int   |int   |int   |int   |int   |int   |int   |int   |int   |int   |int   |int   |int   |int   |
      0      0      0      0      0      0      0      0      0      0      0      0      0      0      0      0      0      0      0      0      0      0      0      0      0      0      0      0      0      0      0      0      0      0      0      0      0      0      0      0      0      0      0      0      0      0      0      0      0      0      0      0      0      0      0      0      0      0      0      0      0      0      0      0      0      0      0      0      0      0      0      0      0      0      0      0      0      0      0      0      0      0      0      0      0      0      0      0      0      0      0      0      0      0      0      0      0      0      0      0
      0      0      0      0      0      0      0      0      0      0      0      0      0      0      0      0      0      0      0      0      0      0      0      0      0      0      0      0      0      0      0      0      0      0      0      0      0      0      0      0      0      0      0      0      0      0      0      0      0      0      0      0      0      0      0      0      0      0      0      0      0      0      0      0      0      0      0      0      0      0      0      0      0      0      0      0      0      0      0      0      0      0      0      0      0      0      0      0      0      0      0      0      0      0      0      0      0      0      0      0
      0      0      0      0      0      0      0      0      0      0      0      0      0      0      0      0      0      0      0      0      0      0      0      0      0      0      0      0      0      0      0      0      0      0      0      0      0      0      0      0      0      0      0      0      0      0      0      0      0      0      0      0      0      0      0      0      0      0      0      0      0      0      0      0      0      0      0      0      0      0      0      0      0      0      0      0      0      0      0      0      0      0      0      0      0      0      0      0      0      0      0      0      0      0      0      0      0      0      0      0
      0      0      0      0      0      0      0      0      0      0      0      0      0      0      0      0      0      0      0      0      0      0      0      0      0      0      0      0      0      0      0      0      0      0      0      0      0      0      0      0      0      0      0      0      0      0      0      0      0      0      0      0      0      0      0      0      0      0      0      0      0      0      0      0      0      0      0      0      0      0      0      0      0      0      0      0      0      0      0      0      0      0      0      0      0      0      0      0      0      0      0      0      0      0      0      0      0      0      0      0
      0      0      0      0      0      0      0      0      0      0      0      0      0      0      0      0      0      0      0      0      0      0      0      0      0      0      0      0      0      0      0      0      0      0      0      0      0      0      0      0      0      0      0      0      0      0      0      0      0      0      0      0      0      0      0      0      0      0      0      0      0      0      0      0      0      0      0      0      0      0      0      0      0      0      0      0      0      0      0      0      0      0      0      0      0      0      0      0      0      0      0      0      0      0      0      0      0      0      0      0
      0      0      0      0      0      0      0      0      0      0      0      0      0      0      0      0      0      0      0      0      0      0      0      0      0      0      0      0      0      0      0      0      0      0      0      0      0      0      0      0      0      0      0      0      0      0      0      0      0      0      0      0      0      0      0      0      0      0      0      0      0      0      0      0      0      0      0      0      0      0      0      0      0      0      0      0      0      0      0      0      0      0      0      0      0      0      0      0      0      0      0      0      0      0      0      0      0      0      0      0
      0      0      0      0      0      0      0      0      0      0      0      0      0      0      0      0      0      0      0      0      0      0      0      0      0      0      0      0      0      0      0      0      0      0      0      0      0      0      0      0      0      0      0      0      0      0      0      0      1      0      0      0      0      0      0      0      0      0      0      0      0      0      0      0      0      0      0      0      0      0      0      0      0      0      0      0      0      0      0      0      0      0      0      0      0      0      0      0      0      0      0      0      0      0      0      0      0      0      0      0
      0      0      0      0      0      0      0      0      0      0      0      0      0      0      0      0      0      0      0      0      0      0      0      0      0      0      0      0      0      0      0      0      0      0      0      0      0      0      0      0      0      0      0      0      0      0      0      0      0      0      0      0      0      0      0      0      0      0      0      0      0      0      0      0      0      0      0      0      0      0      0      0      0      0      0      0      0      0      0      0      0      0      0      0      0      0      0      0      0      0      0      0      0      0      0      0      0      0      0      0
      0      0      0      0      0      0      0      0      0      0      0      0      0      0      0      0      0      0      0      0      0      0      0      0      0      0      0      0      0      0      0      0      0      0      0      0      0      0      0      0      0      0      0      0      0      0      0      0      0      0      0      0      0      0      0      0      0      0      0      0      0      0      0      0      0      0      0      0      0      0      0      0      0      0      0      0      0      0      0      0      0      0      0      0      0      0      0      0      0      0      0      0      0      0      0      0      0      0      0      0
      0      0      0      0      0      0      0      0      0      0      0      0      0      0      0      0      0      0      0      0      0      0      0      0      0      0      0      0      0      0      0      0      1      0      0      0      0      0      0      2      0      0      0      0      0      0      0      0      0      0      0      0      0      0      0      0      0      0      0      0      0      0      0      0      0      0      0      0      0      0      0      0      0      0      0      0      0      0      0      0      0      0      0      0      0      0      0      0      0      0      0      0      0      0      0      0      0      0      0      0
      0      0      0      0      0      0      0      0      0      0      0      0      0      0      0      0      0      0      0      0      0      0      0      0      0      0      0      0      0      0      0      0      0      0      0      0      0      0      0      0      0      0      0      0      0      0      0      0      0      0      0      0      0      0      0      0      0      0      0      0      0      0      0      0      0      0      0      0      0      0      0      0      0      0      0      0      0      0      0      0      0      0      0      0      0      0      0      0      0      0      0      0      0      0      0      0      0      0      0      0
      0      0      0      0      0      0      0      0      0      0      0      0      0      0      0      0      0      0      0      0      0      0      0      0      0      1      0      0      0      0      0      0      0      0      0      0      0      0      0      0      0      0      0      0      0      0      0      0      0      0      0      0      0      0      0      0      0      0      0      0      0      0      0      0      0      0      0      0      0      0      0      0      0      0      0      0      0      0      0      0      0      0      0      0      0      0      0      0      0      0      0      0      0      0      0      0      0      0      0      0
      0      0      0      0      5      0      0      0      0      0      0      0      0      0      0      0      0      0      0      0      0      0      0      0      0      0      0      1      0      0      0      0      0      0      0      0      0      0      7      2      0      6      1      0      0      0      0      0      0      0      0      0      0      0      0      4      0      0      0      0      0      0      0      0      0      0      0      0      0      0      0      0      0      0      0      0      0      0      0      0      0      0      0      0      0      0      0      0      0      0      0      0      0      0      0      0      0      0      0      0
      0      0      0      0      0      0      0      0      0      0      0      0      0      0      0      0      0      0      0      0      0      0      0      8      0      0      0      0      0      0      9      0      0      0      0      0      0      0      0      0      0      2      0      0      0      0      0      0      0      0      0      0      0      0      3      0      0      0      0      0      0      0      0      0      0      0      0      0      0      0      0      0      0      0      0      0      0      0      0      0      0      0      0      0      0      0      0      0      0      0      0      0      0      0      0      0      0      0      0      0
      0      0      0      0      0      0      0      0      0      0      0      0      0      4      5      0      2      0      0      0      0      0      0      0      3      0      0      0      0      0      0      0      0      0      3      0      0      0      0      6      6      0      1      0      8     15      0      0      0      0      0      0      0      0      0      0      0      0      0      0      0      0      0      0      0      0      0      0      0      0      0      0      0      0      0      0      0      0      0      0      0      0      0      0      0      0      0      0      0      0      0      0      0      0      0      0      0      0      0      0
      0      0      0      0      0      0      0      0      0      0      0      0      0      3      2      0      0      0      0      0      0      2      0      0      0      0      0      2      1      2      0      2      0      0      0      0      0      6      0      6      0      1      0      0      5      1      0      9      0      0      0      0      2      0      0      0      0      0      4      0      0      0      0      0      0      0      0      0      0      0      0      0      0      0      0      0      0      0      0      0      0      0      0      0      0      0      0      0      0      0      0      0      0      0      0      0      0      0      0      0
      0      0      0      0      0      0      0      0      0      0      0      0      0      0      0      0      3      0      0      0      0      0      0      2      4      0      0      1      0      0      2      3      0      0      0      3      0      1      0      1      1      0      0      4      5      0      0      0      0      1      0      8      9      0      0      0      0      2      0      0      0      0      0      0      0      0      0      0      0      0      0      0      0      0      0      0      0      0      0      0      0      0      0      0      0      0      0      0      0      0      0      0      0      0      0      0      0      0      0      0
      0      0      2      0      0      0      0      0      0      0      0      0     15      0      2      0      0      5      1      0      1      1      0      1      0      0      4      1      0      0     15      1      0      0     11      0      2      0      5     14      7      0      0      0      6      0      0      5      0      0      0      0      0      2      0      0      2      0      1      0      0      0      1      0      1      0      0      5      0      6      0      0      0      0      1      0      0      0      0      0      0      0      0      0      0      0      0      0      0      0      0      0      0      0      0      0      0      0      0      0
      0      2      0      0      0      0      0      0      0      0      0      0      0      0      0      0      0      3      0      3      0      0      3      3      0      4      0      0     10      0      1      0      0      0      5      5      0      0      0      0      0      0     18      1      8     20      0      0      1      0      4      2      0      0      0      5      2      0      0      0      0      1      0      0      0      0      0      0      0      0      0      0      0      0      0      0      0      0      0      0      0      0      0      0      0      0      0      0      0      0      0      0      0      0      0      0      0      0      0      0
      0      0      0      0      0      0      0      0      0      0      0      0      0     10      0      0      2      0      0      2      4      1      0      0      4      3      0      1     20      0      7      4      4      2      4     13      3      3      0      0      2      2      6      0      0      5      2      0      5      0      0      0      0      0      0      4      4      0      5      1      0      0      0      0      0      0      0      0      0      0      0      0      0      0      0      0      0      0      0      0      0      0      0      0      0      0      0      0      0      0      0      0      0      0      0      0      0      0      0      0
      0      0      0      5      0      0      0      0      0      0      0      0      0      0      0      5      0      2      0      2      0      0      0      0      2      1      7      0      0      0      5      0      4      6     14      3      4      0      0      3      0     12      6      2      8      5      0      0      1      5      0     13      0      0      0      0      0      0      0      0      0      0      0      0      0      0      0      0      0      0      0      0      0      0      0      0      0      0      0      0      0      0      0      0      0      0      0      0      0      0      0      0      0      0      0      0      0      0      0      0
      0      0      0      0      0      0      0      3      3      0      0      0      5      6      5      0      0      3      0      4      1      4      7     16     16      6      0      7      7      6      4      1     12      7      4      9      9      0      5     11     12     16      8     20     15      0      0      3      5      0      0      6      0     10      1      0      5      0      1      2      0      0      1      0      0      0      0      0      0      0      0      0      0      0      0      0      0      0      0      0      0      0      0      0      0      0      0      0      0      0      0      0      0      0      0      0      0      0      0      0
      0      0      0      0      0      0      0      1      3      8      0      0      0      0      0      0      0      0      5      2      0      0      0      2      0      6      6     12      1      3     10     14     14      3      0      3      1     36      9      3     17      0     12     13      4      1     14     11     13      5      1     20      1      2      5      2      0      6      2      0      2      0      0      0      1      0      0      0      0      0      0      0      0      0      0      0      0      0      0      0      0      0      0      0      0      0      0      0      0      0      0      0      0      0      0      0      0      0      0      0
      0      0      0      0      0      0      0      0      0      0      9      0      0      3      2      1      8      6      0      2      0      0      9      1      4      6      1      3      9      3      3      9      5     17     10     21      7     14      5     10     13     12      1     14     22     11      0      3      3     24      0      0     10     12      7      9      5      1     13      0      0      7      0      0      1     12      1      1      0      0      0      1      0      0      0      0      0      0      0      0      0      0      0      0      0      0      0      0      0      0      0      0      0      0      0      0      0      0      0      0
      0      0      0      0      0      0      0      0      0      6      0      0      3      2      0      1      2      4      7      9      0      0      9      5     10      2      1      6      5     21      6     20     10      6      7     17     13     21     13     13     16     12     10      4      8      5     11     13     13      8      1      0     10      8      9      5      1      0      0      5     14      0      4     13      0      0      0      0      0      0      0      0      0      0      0      0      0      0      0      0      0      0      0      0      0      0      0      0      0      0      0      0      0      0      0      0      0      0      0      0
      0      0      0      0      0      0      0      0      0      4      0      7      0      7      0      0      0      1      0      6     17      0     13      1      0      8     14     13      7     31     20      9      6     17     10      4      7      6     22      6     19     27     30      3     13     21     12      8     30      6      8     12     13      7     13     12     12      5      3      9      5      0      0      7      0      0      1     12      0      0      0      0      0      0      1      0      0      0      0      0      0      0      0      0      0      0      0      0      0      0      0      0      0      0      0      0      0      0      0      0
      0      0      0      0      0      1      1      0      0      0      6      6      0      0      0      0      9      1      0      0     13      2      1      2      6      0     10      8      2      8     22     18      7      2     17     10     13     24     10     20     21     27     22     25     25     31     12      5     23     18     27      2     24      1     14      4      9     13     29      2      0     27      5      1      1      0      2      4      3      1      0      0      0      2      0      1      0      0      0      0      0      0      5      0      0      0      0      0      0      0      0      0      0      0      0      0      0      0      0      0
      0      0      0      1      0      0      0      0      0      0      0      0      8      0      0      0      6     10      0      1     17     10      3      0      5      5     17     21     37     27      9      6     31     30     11     15     21     26     11     26     32      6     21     44      5     31     22     22     52     31      9     44      4      4     23     14     13     10      4      3      3      9      4     15      9      6      9      1      4      2      0      2      0      0      0      0      0      0      0      0      0      0      0      0      0      0      0      0      0      0      0      0      0      0      0      0      0      0      0      0
      0      0      0      0      0      0      0      0      2      0      0      2     17      1      3      0      0      1      9      5      1      3      5      9      3      7     10     20     13      5      9     27     25     32     37     19     10     12     28     37     11     10     14     54     27     22     48     12     38      9     27     34     21     26     11     25      9     10      6      3      6      3     13      0      2      7      2      2      0      0      0      0      0      3      0      0      0      0      0      0      0      0      0      0      0      0      0      0      0      0      0      0      0      0      0      0      0      0      0      0
      0      0      0      0      0      0      0      0      0      0      0     11      3      9      7      0      0      0      3     19     12      5      9      4      1      1     11      8     11     13     10     34     41     15     35      7     12     25     15     33     18     25     39     45     60     30     19     50     34     32     15     15     39     29     11     12      8      6      3     13     15     11     11      5      7      7      3      4      5      1      0     28      0      0      0      0      0      0      0      0      0      0      0      0      0      0      0      0      0      0      0      0      0      0      0      0      0      0      0      0
      0      0      0      0      1      0      0      1      0      1      1      0      0      0      2      6      2      0      0     10      0      2     39      2     21      2      8     21     15      8     10     37     15     16     41     23      8     26     47     29     19     37     62     22     37     43     46     47     18     21     31     38     55     14     24      6     19      9      2     15      0     18      3     15     17     28      1      0      0     25     20      0     12      0      3      2      0      0      0      0      1      0      0      0      0      0      0      0      0      0      0      0      0      0      0      0      0      0      0      0
      0      0      0      0      0      0      0      0      0      0      0      0      0     18      0      0      0      0     11      0     17      7     19     15      6     16     37      5     22     38     14     16     20     13     17     19     24     21     20     32     25     43     47     44     33     28     54     44     18     34     22     36      9     15     27     23     24     12     35     16     21     20     11     10      1     16      6      1      0      0      0      0      0      0      0      9      7      0      3      0      0      0      0      0      0      0      0      0      0      0      0      0      0      0      0      0      0      0      0      0
      0      0      0      0      0      0      0      0      0      0      1      0      0     12      7      0      0      3      0      0      4      3     14     21     13     26     35      1     15     56     40     25     37     26      4     34     24     13     43     59     30     23     58     45     65     35     59     54     14     47     46     47     52     35     17     42     23     30     30     20      3      9     11     33      1     26      1     10      0      7      0      3      1      0      0      0      0      0      0      0      0      0      0      0      0      0      0      0      0      0      0      0      0      0      0      0      0      0      0      0
      0      0      0      0      0      0      0      0      0      0      0      0      2      0      2      0      0      0      5      2      2     16      3     13      5     12     10      8     15     10     17     22     63     20     33     48     42     41     27     31     27     46     33    102     46     90     52     80     78     42     51     63     38     29     42     21     58     32     31     30     27     22     15      6     10     15      0      1      9     22      0      5      2      3      9      0      0      0      0      0      0      0      0      0      0      0      0      0      0      0      0      0      0      0      0      0      0      0      0      0
      0      0      0      0      0     12      0      0      0      0      0      7      0      0      2      9      0      4      6      0     11      8      1      1      8     11     13     16     48     29      9     29     30     29     44     84     25     38     77     36     47     51     37     64     74     41     73    128     71     53    107     58     55     40     54     40     37     71     29     24     10     38     40     19      8     24      0     16      6      2      0     24      0      0      3      0      0      1      1      0      0      0      0      0      0      0      0      0      0      0      0      0      0      0      0      0      0      0      0      0
      0      0      0      0      0      0      0      0      6      0      0      0      6      0      4      1     10      8     11      0      9     13     19     24     20     25      5     11      4     53     19     52     35     51     31     54     42     38     37     52     78     80     46     59     85     38     47     73     43     57     38     19     43     37     40     71     58     74     23     27     22     43     18     14     48     25     15     10      0      0      6      0      5      0      3      7      2      0      1      0      0      0      0      0      0      0      0      0      0      0      0      0      0      0      0      0      0      0      0      0
      0      0      0      0      0      0      0      3      0      0      0     10     16      0     13      2      0      4      5      5      2      3     20      7      7     24     29      4     62      8     34     31     25     41     26     37     66     22     48     64     97     41     56     65     96     87    105     45     64     65     48     41     36    125     69     52     43     66     71     74     16     50     24     30     25      6     13     10     17     22      9      7      5      3      0      3      0      2      0      0      0      0      5      1      0      0      0      0      0      0      0      0      0      0      0      0      0      0      0      0
      0      0      0      0      0      0      1      0      0      1      0      0      0      0      0      1      0      6      0      7     10      3      4      2     21      9      2      3     20     33      5     14     27     33     40     57     33     54     36     41     79     39     61     84     85     94     54     56     58     89    146     88     78     34     37     39     39     63     46     53     52     28     15     51     21     15     36     23     12      1      6      5      1      8      6      0      7      1      2      0      0      0      0      0      0      0      0      0      0      0      0      0      0      0      0      0      0      0      0      0
      0      0      0      0      0      0      2      0      0      0      0      0      0      1      4      1      2      5      2      0      5     18      6     10     12     12     20      3     10     24     18     24     42     19     17     20     27     61     54     79     44     60     69     91     65     87     87     83     97     72     69     69     70    149    114     77    108     66     36     60     53     28     46     60      9     24     48     17      3     21      7     37     20      5      6     10      2      0      2      0      0      0      0      0      0      2      0      0      0      0      0      0      0      0      0      0      0      0      0      0
      0      0      0      0      0      0      0      0      0      0      5      0      1      0      0      2      4      9      5      0     13     11      7     16      6      3     10     29     12     33     22     22     73     39     49     22     43     72     92     39     78     87     72     66     65     93     77     60    108     24    106    128     99     95     97     73     40     50     70     73     70     27     26     25     18     14     21      9     22      2      5      6     19      2      2      1      0     11      3      0      0      0      0      0      2      0      0      0      0      0      0      0      0      0      0      0      0      0      0      0
      0      0      0      0      0      0      0      0      0      0      0      0      0      0      0      0      0      1      5      1      0      5     11     14     21     32      1      9     12     22     38     38     23     57     23     20     32     53     51     48     41     82     99    111     61     36     67     60     58     87     40     94     63     44     96     79     77     92     26     60     67     44     64     45     17     27     72     31      9      4     18      7     11      4      0      0      4     19      0      1      2      0      0      0      0      0      0      0      0      0      0      0      0      0      0      0      0      0      0      0
      0      0      0      0      0      0      0      0      4      0      0      0      4      2      0      0      5      1      0      4     14     10      7      3     18      8     16     29     17     18     27     21     15      6     20     82     37     22     43     72     58     56     78     64     79    102     96    127    103     74    129    109    122     90    104    104     63     88     83     34     56     97     42     38     29     32     72     16     26     21      3     24     11     18      0      3      0      3      0      0      3      0      0     10      0      0      0      0      0      0      0      0      0      0      0      0      0      0      0      0
      0      0      0      0      0      0      0      0      0      0      0      0      0      0      0      6      0      4      2      0      8      2      2     11      7     10      5     28     43      5     29     38     55     39     39     14     46     14     49     74     48     82     75     55     85     96    129     80    112    112     98     97     58    101    110     55     90     55     76     64     66     54     58     49     25     39     24     15     18     17      5      9      5      9     16      2      3      6      7      3      0     10      6      0      0      0      0      0      0      0      0      0      0      0      0      0      0      0      0      0
      0      0      0      0      0      0      0      0      0      0      0      0      0      2      0      0      3      0      0      0      4     12      4      7      0     10     21     17      4     36      6     13     14     43     20     24     38     47     51     34     24     62    101     61     78     81    116    156    104     74    105    101     75     98     76     62     74     77     29     81     49     77     21     15     26     34     34     11     55      4     18     32      8     17     20     11      6      6      0      0      0      0      4      0      4      0      0      0      0      0      0      0      0      0      0      0      0      0      0      0
      0      0     11      0      0      0      0      3      0      0      0      4      0      0      0      0     10      0      4     12      6      3      6      7     18      5     10      6     14      2     17     38     29     35     42     24     31     37     72     88     67     72     44     50     44    139     77    118    118     70    106     83     74    114     92     74     65     64     64     72     53     48     58     50     56     47     40     50     18      5     18     17     18      3     11      2      1      0     10      5      0      4      0      2      0      0      0      0      0      0      0      0      0      0      0      0      0      0      0      0
      0      0      0      0      0      0      0      0      0      0      0      3      0      0      6      2      0      0      0      0      0      9      5     12      2     11      6      9     17     10     53     53     23     58     12     18     44     80    101    113     82     33     85    119     42     55     76    115    104    152     77    142     85     68     42     85     95     58     59     54    101     81     34     50     54     31     68     41     17     27     29     11      4     11      5     12      7      1      5      1      1      4      4      0      0      0      2      0      0      0      0      0      0      0      0      0      0      0      0      0
      0      0      0      0      0      0      2      0      0      0      0      0      0      0      2      0      0     11      3      0      7      4      5      9     12     27     10      4     23     16     34     28     26     33     34     24     45     59     67     73     69     64     75     55     59     88     82     79     65     63     98     72     47     82    133     71     58     70    128     36     50     70     68     23     53     72     46     47     49      5      7     14      9      0      4      2     17      3      2      8      6      3      0      1      0      0      0      0      0      0      0      0      0      0      0      0      0      0      0      0
      0      0      0      0      0      0      0      0      0      0      0      0      5      2      0      0      0      2      0      0      1      2      1     13      2     17      0     28     12     15      5     22     19     22     44     32     36     50     16     63     44     47     53     78    102     26     77     93     73     99     93     39     97     77    141    138     65     83     99     90     62     72    110     65     44     39     81     66     33     12     17     15      5      7     29     28      6      2      0      5      0      4      0      1      6      0      2      0      0      0      0      0      0      0      0      0      0      0      0      0
      0      0      0      1      0      0      0      0      0      0      0      0      0      0      0      0     12      0      1      6      2      0      8      1      0     25      2      0     25      7      5     28     15     51     22     48     52     27     27     70     69     46     77     36    114     98     67     57    108     73     72    125     69    136     41     93    131     77    163     66     97     72     66     59     53     47     47     68     50     17     24     15      5     14     17      4      8      6      0     22      0     11      0      0      0      6      0      0      0      4      0      0      0      0      0      0      0      0      0      0
      0      0      0      0      0      0      0      0      0      0      0      0      0      0      0      0      7      0      3      6      5      0      0     14      0      7     19     13     16     32      0     22     45     19     26     17     62     49     35     28     34     96     86    105     37     78     58    100     99     73     65    147     60     79     95     45     60     47    108    109     70     80     86     65     73     84     65     49     37     19     32     12     15     14     18     12     15     34      5      0      1      1      0      1      6      0     12      0      0      0      0      0      0      0      0      0      0      0      0      0
      0      0      0      0      0      0      0      0      0      0      0      0      0      0      0      0      7      0      0      8      3      3      0      7      6      3      0     11     11     13     15     26     31      9     42     16     49     69     55     55     34     30     62     95     65     66     72    116    100     81     52     66    123     81     74     78    122    112     59    121     42     92     55     24     55     27     49     35     13     36     83     30     17     46     10      3     13      4      2      0      0      0      0      0      0      0      0      0      0      0      0      0      0      0      0      0      0      0      0      0
      0      0      0      0      0      0      0      0      0      0      0      0      0      0      0      0      0      0      0      0      3      7      0      2      2      9      4      1      9      4     20     30     12     17     18     43     25     32     59     80     63     38     73     64     86     93     87    115     63     72     71    163     80     94     60    110     43    177    111     29     76     93     43     42     90     60     70     33     42     21     33     17     16      8      4      4      1     12     15      0      0      0      6      4      0      0      0      0      0      2      0      0      0      0      0      0      0      0      0      0
      0      0      0      0      0      0      0      0      0      0      0      0      0      0      3      0      0      0      0      7      0      0      0      4     31      5      9      0      3     16     13     22     15     31     31     17     60     19     63     42     32     64     17     37     77     90     81     70     89    131     88     85    124     57     85    102    103     76     63     58    116     61     72     39     40     64     15     83     15     26     39     13     25     17     29      5      0      0     11     12      8      2      3      0      0      0      0      0      0      0      0      0      0      0      0      0      0      0      0      0
      0      0      0      0      0      0      0      0      0      0      0      0      0      0      0      0      1      4      0      0      0      0      3      4      0      3      1     10      4      6     11      3     21      5     36     18     42     50     33     15     61     26     67     33     45    100     51     52     54     77    101     98     54     52     30     54    114    133     80    134     51     52     40     82     49     69    101     99     18     48     11     36     23     11     14     18     12      3      0      0      8      2      4      0      3      3      0      0      0      0      0      0      0      0      0      0      0      0      0      0
      0      0      0      0      0      0      0      0      0      0      0      0      0      0      0      0      0      0      0      0      0      2     11      6      1      9      3      5     18      8     18     13     22     25     11     39     48     27     35     38     36     28     82     23     63     35     70     72     52     65    110     76     47     54     66     90     98     37     66     90     82     98     45     78     19     63     20     48     18     21     28     29     25     20     20      3     26      1      6      2      4      0      1      0      0      0      0      0      0      0      0      0      0      0      0      0      0      0      0      0
      0      0      0      0      0      0      0      0      0      0      0      0      0      0      0      0      0      0      7      0      5      0      0      7      9      1      5      5     18     35      1     10     32     13     31     17     19     19      7     33     38     58     52     72     36     76     40     25     54     50    106     47     54     64     51    113     83     78     45     43     49     60     81     44     32     46     24     15     28     27     11     18     15      7     16     31     14      0     13      2      0      4      2      2      0      0      0      0      0      0      0      0      0      0      0      0      0      0      0      0
      0      0      0      0      0      0      0      0      0      0      0      0      0      0      0      0      0      0      6      0      2      2      0      0      6      0      0      3      2     10      0     13     19      8      3     17     29     40     40     48     21     24     33     32     67     66     53     44     57     54     67     91     78     54     77     67     81     50     80     34     89     50     68     39     71     29     51     26     30     23     50     17     13     19     22      4     13      2      0      3      1      3      1      0      5      0      0      0      0     11      0      0      0      1      0      0      0      0      0      0
      0      0      3      0      0      0      0      0      0      0      0      3      0      0      0      0      0      0      0      0      0      0      4      4      0      4      1      0      0      4      7     10      8     10     15     12      2      6     27     30     32     28     51     78     41     37     44     57     75     65     45     39     63     75     79     88     80     75     60    121     53     65     47     90     23     64     12      3     31     16     11     19     12     40     20      6      7      9     22      4      0     11      0      0      0      0      0      0      0      0      2      0      0      0      0      0      0      0      0      0
      0      0      0      0      0      0      0      0      0      0      0      0      0      0      0      0      0      0      0      0      0      0      0      0      6      0      0     11      0     11     24      9     19     24     27     19      7     25     36     16     39     28     21     31     61      7     23     48     48     55     62     62     60     46     73     79     85     23     73     79     61     41     48     40     35    114     13     15     29     35     17     27      6      3      7      2     25     19     12      0      5      0      0      0      0      1      0      3      0      0      0      0      0      0      0      0      0      0      0      0
      0      0      0      0      0      0      0      0      0      0      0      0      0      0      0      0      0      0      0      0      0      0      2      0      5      0      0      3     20     14      0      0     20      1     15     20      9     19     11     23     18     17     11     27     76     28     43     55     95     39     86     76     96     30     66     21     56     87     29     68     68     51     57     37     24     39     34     59     17      8     17     32     21     11      2      1      8      5      0     16      5      6      0      2      9      0      0      0      1      0      0      0      0      0      0      0      0      0      0      0
      0      0      0      0      1      0      0      0      0      0      0      0      0      0      0      0      0      0      0      0      6      0      0      1      0      6      3      4      0      5      0      3      5     14      3      8      8     33     17     33     27     19     40     34     25     16     45     19     72     45     86     88     39     30     50     13     36     29     38     67     81    142     55     23     26     36     41     64     19     27     10     10     22      6      8     39      9      5      0      3      7      7      5      5      0      0      0      0      0      0      0      0      0      0      0      0      0      0      0      0
      0      0      0      0      0      0      0      0      0      0      0      0      0      0      0      0      0      0      0      0      0      0      0      0      2      3      2      0      2      0      4     18      2      9     34     18     38     10      8     14     25     10     15     36     11     37     12     38     27     49     45     91      6     66     54     52     37     24     53     58     67     77     60     59     43     16     38     23     56     29     31     25     23      9      8     19     13      6      0      5      8      2      0      3      0      0      0      3      0      0      0      0      0      0      0      0      0      0      0      0
      0      0      0      0      0      0      0      0      0      0      0      0      0      0      0      9      0      0      0      0      0      0      0      0      3      0      3      0      2      7      0      0      2      1      3      8      0      4      0     16     33      7     29     70     17     44     24     31     56     19     19     46     79     35     12     66     60     55     80     55     62     46     43     31     43     27     15     11     14     28     19     33     14     14     29     10      7      0      3      0      7      0      0      7      1      0      0      0      4      0      0      0      0      0      0      0      0      0      0      0
      0      0      0      0      0      0      0      0      8      0      0      0      0      0      0      0      0      0      0      0      0      0      0      2      0      0      0      4      0      0      7      0     13      7      2      7      0      3      5     10     32     24     13     34     21     23     21     14     28     32     23     19     26     27     52     41     36     24     46     21     10     53     58     56     21     26     16     24     12     16      5     20     37     14     29      1      2      1      1      0      8     13      0      0      8      3      3      0      0      0      0      0      0      3      0      0      0      0      0      0
      0      0      0      0      0      0      0      0      0      0      0      0      0      0      0      0      0      0      0      0      0      0      0      0      0      0      2      2      9     11      2      7      0      4      5      7      9      2      3     10     21      1      5     19     17     20     17      8     16     18     52     61     50     41     13     38     45     32     33     27     16     45     58     33     37     39     11     34     14     10      6     24      2      5      5      6      9      0      2      2      0      0      0      4      1      0      2      0      2      0      0      0      0      0      0      0      0      0      0      0
      0      0      0      0      0      0      0      0      0      0      0      0      0      0      0      0      0      0      0      0      0      0      0      0      0      0      0      3      0      0      0      1      0      6      0     20      4      7      5     18     10      4      8     10     15      6     11     18     34     35     19     21     59     20     51     17     23      9     30     30     52     28     30     29     16     24     14     24      9     44      8      4     15     13     12      8      5      8      0     12      0      3      1      0      0      3      3      4      0      2      0      2      0      0      0      0      2      7      0      0
      0      0      0      0      0      0      0      0      0      0      0      0      0      0      0      0      0      0      0      0      0      0      0      0      3      0      4      0      0      7      1      0      2      0      4      2      1     13      0     15      3      2      1     14     31     29      3     18     10     19     32     19     67     36     38     15     18     36     31     58     12      2     15     51     26     31     48     28     14      9      9      0     11      7      4      9      0     21      0      8      0      6      0      0      0      0      4      0      0      6     22      0      0      0      0      0      0      0      0      0
      0      0      0      0      0      0      0      0      0      0      0      0      0      0      0      0      0      0      0      0      2      0      0      0      0      3      0      0      0      4      0     13      1      0     14     26      0     11      0      0     19     12      7      6     11      9     31     27      5     28     14     72     27     25      5     22     68     67     35     19     13     41     20     31     32     39     17     15     26      0     21     18     11     11      0      5      7     15      1      4      0      0      6      3      0      0      1      0      0      0      0      2      0      0      0      0      0      0      0      0
      0      0      0      0      0      0      0      0      0      0      0      0      0      0      0      0      0      0      0      0      0      0      0      0      0      0      0      0      2      2      0      1      6      2      1      3      1      0     14      4      0      0      2      3      5     10     16     28     21      6     25     25     22     14     15     10     28      0     36     11      3     11     21     42     27     24     22      9      6      9      4     13      6      4      3      8      0      1      6      2      0      3      3      0      2      0      0      0      0      0      0      0      0      0      0      0      0      0      0      0
      0      0      0      0      0      0      0      0      0      0      0      0      0      0      0      0      0      0      0      0      0      0      0      0      3      0      0      1      3      0      8      0      0      0      5      0      0      2      6     13      9     15      9      1      3     18     34      8      7      1     36     30     24     27     30     31     38     47     32     17     14     10     39     17     15     27     14     20     10      1     10      6      3      7      5     19      3      4      8      5      0      1      5      6      3     14      0      0      0      0      0      0      0      0      2      0      0      0      0      0
      0      0      0      0      0      0      0      0      0      0      0      0      0      0      0      0      0      0      0      0      0      0      0      0      0      0      0      1      0      0      0      0      0      0      2      6      0      7      0     13      0      4     11      8      0      5     44     27     13     27      8     32      7     29     24     56      3     15     33      9     11     14     21     10     17     21     23     19     22     15     13      0     14     17      0      0     11     13      5      1      4      0      0      0      0      0      0      0      0      0      0      0      0      0      0      0      0      0      0      0
      0      0      0      0      0      0      0      0      0      0      0      0      0      0      0      0      0      0      0      0      0      0      0      0      0      0      0      0      0      2      0      7      0      3      0      0      2     26      0      2      7      5     22      0      5      0      2     10      7     13      3     10     32     49      0     10     14      7     27     32     14     12     20      4      4     22     13     13      9      4     12      8     21      2      0      8      1      9      1      1      2      9      0      0      0      0      6      0      0      0      0      0      0      0      0      0      0      0      0      0
      0      0      0      0      0      0      0      0      0      0      0      0      0      0      0      0      0      0      0      0      0      0      0      7      0      0      4      0      0      0      0      3      0      4      0      2      0      5      9      8      5      5      6      0      0      1      2     11      6      1      6      4      9      6     32      5     27     16     23     25     24     17      9      5      6      7     15      8      9      6      0      1      4      1      0      2      0      0      1      1      0      0      0      0      0      2      1      3      0      1      0      0      0      0      0      0      0      0      0      0
      0      0      0      0      0      0      0      0      0      0      0      0      0      0      0      1      0      0      0      0      0      0      0      0      0      0      0      0      0      0      5      0      1      0      0      0      0      2      0     10     16      3      3      9      0      0      9      0     10      0     28      8      7     12     24      3      6     12     10     13     30     24     19      8      2     12     27      0     26     20      3      2      5      5      0      0      8      5      1      0      0      0      2      0      0      0      0      0      0      0      0      0      0      0      0      0      0      0      0      0
      0      0      0      0      0      0      0      0      0      0      0      0      0      0      0      0      0      0      0      0      0      0      0      0      0      0      0      0      0      0      0      2      0      1      0      0      0      0      0      0      2      0      6      0      9      0     11     14      1      4      9      2     24     11      4     33      0      6      0      9     30     22      3     10     42     26     14     10      1     10     15      9      7      0      0     13      0      2      0      0      0     13      0      0      0      0      0      0      0     19      0      0      0      0      0      0      0      0      0      0
      0      0      0      0      0      0      0      0      0      0      0      0      0      0      0      0      0      0      0      0      1      0      0      0      0      0      0      0      0      0      0      0      0      0      7      0      0      0      2      0      0      2      2      4      2      3      9      0     10     28      3      6     56      8     31      5     12      0      3     38      4     23      8      5      4     14     12      6      0     13     10      6     19      0      0      1      2      0      0      4      0      0      0      0      0      0      0      0      0      0      0      0      0      0      0      0      0      0      0      0
      0      0      0      0      0      0      0      0      0      0      0      0      0      0      0      0      0      0      0      0      0      0      0      0      0      0      0      0      0      0      0      0      0      0      0      0      0      0      0      0      0      0      1      5      0      1      1      2      0      3     14      5     21      9      8      1      0      5      0      0     17     10      1      2      6      4      6      9      3     13      0      2      2      0      2      0      5     13      0      0      3      0      0      1      0      0      0      7      0      0      0      0      0      0      0      0      0      0      0      0
      0      0      0      0      0      0      0      0      0      0      0      0      0      0      0      0      0      0      0      0      0      0      0      0      0      0      0      0      0      0      0      0      0      0      0      0      0      0      0     17      1      0      0      2      6     16      1      0      9      6      4      6      1      0      2     16      1      0      0      4      0      2      6      9      2      0      0      5     15      0      8      6      0     25      7      7      0      0      0      0      0      0      1      0      2      0      0      0      0      0      0      0      0      0      0      0      0      0      0      0
      0      0      0      0      0      0      0      0      0      0      0      0      0      0      0      0      0      0      0      0      0      0      0      0      0      0      0      0      0      0      0      0      0     14      1      0      0      0      0      0      0      0      0      0      2      0      0     26      0      1      0      0      2      2     17      3      5     13      5      2      6      5      4      0     22      5      2      8      3      2      8     19      5      2      0      9      0      2      0      0      1      0      0      0      0      0      0      0      0      0      1      0      0      0      0      0      0      0      0      0
      0      0      0      0      0      0      0      0      0      0      0      0      0      0      0      0      0      0      0      0      0      0      0      0      0      0      0      0      0      0      0      0      0      0      0      0      0      0      0      0      0      0      0      2      0      0      2      7      0      5      4      3      6      2     20      0      1      1      3      7      3     18     12      3      3     20      1      6      1     20      1      0      1      3      1      0      6      0      0      0      3      0      0      0      0      0      0      0      0      0      0      0      0      0      0      0      0      0      0      0
      0      0      0      0      0      0      0      0      0      0      0      0      0      0      0      0      0      0      0      0      0      0      0      0      0      0      0      0      0      0      0      0      0      0      0      0      0      0      0      0      0      0      0      0      0      6      1     14      6      0      1      8      2      6      0      5      5      1      1      1      8      5      8      0      4      0      2     18      1      0      5      6      0      0      0      0      0      0      0      1      0      1      1      0      1      0      0      0      0      0      0      0      0      0      0      0      0      0      0      0
      0      0      0      0      0      0      0      0      0      0      0      0      0      0      0      0      0      0      0      0      0      0      0      0      0      0      0      0      0      0      0      0      0      0      0      0      0      0      0      0      0      0      0      0      0      0      0     15      0      0     15      6      0      0      0      1      0      1      1      0      5      9      0      0      5     12      0      2      0      0      0      8      0      0      5     10      0      2      0      3      0      0      0      5      0      0      0      0      0      0      0      0      0      0      0      0      0      0      0      0
      0      0      0      0      0      0      0      0      0      0      0      0      0      0      0      0      0      0      0      0      0      0      0      0      0      0      0      0      0      0      0      0      0      0      0      0      0      0      0      0      0      0      0      0      0      0      0      8      0      0      0      0      0      8      0      5      0      0      6      5     12      2      0      0      4      0     29      7      0      0      0      0      0      1      6      0      5      0      0      0      0      8      0      0      0      0      0      3      0      0      0      0      0      0      0      0      0      0      0      0
      0      0      0      0      0      0      0      0      0      0      0      0      0      0      0      0      0      0      0      0      0      0      0      0      0      0      0      0      0      0      0      0      0      0      0      0      0      0      0      0      2      0      0      0      0      0      9      2      0      0      1      3      0      2      0      0      0     24     17      1      2      4      1      0      5      4      5      0      0      0     11      0      8      0      0      0      0      1      0      2      1      0      0      0      0      0      0      0      0      0      1      0      0      0      0      0      0      0      0      0
      0      0      0      0      0      0      0      0      0      0      0      0      0      0      0      0      0      0      0      0      0      0      0      0      0      0      0      0      0      0      0      0      0      0      0      0      0      0      0      0      0      0      0      0      1      0      0      0      0      0      0      7      0      0      0      3      0      0      5      4      0      0      0      4      2      0      0      0      0      0      2      2      0      0      0      0      0      1      0      0      4      0      0      0      0      0      0      0      0      0      0      0      0      0      0      0      0      0      0      0
      0      0      0      0      0      0      0      0      0      0      0      0      0      0      0      0      0      0      0      0      0      0      0      0      0      0      0      0      0      0      0      0      0      0      0      0      0      0      0      0      0      0      1      1      0      0      0      0      0      1      0      0      0      0      0      0      0      0      0      0      7     11      4      0      0      0      0      1      1      0      0      5      3      0      0      4      0      0      0      0      0      0      0      0      0      0      0      0      0      0      0      0      0      0      0      0      0      0      0      0
      0      0      0      0      0      0      0      0      0      0      0      0      0      0      0      0      0      0      0      0      0      0      0      0      0      0      0      0      0      0      0      0      0      0      0      0      0      0      0      0      0      0      0      2      0      4      0      0      0      0      0      0      0      1      0      0      0      0      1      2      0      5      0      0      0      2      0      0      0      0      0      2      0      0      0      5      0      0      0      0      0      0      0      0      0      0      0      0      0      0      0      0      0      0      0      0      0      0      0      0
      0      0      0      0      0      0      0      0      0      0      0      0      0      0      0      0      0      0      0      0      0      0      0      0      0      0      0      0      0      0      0      0      0      0      0      0      0      0      0      0      0      0      0      0      0      0      0      0      0      0      0      2      0      0      0      0      0      2      0      7      0      0      0      1      0      1      0      0      0      0      1      0      2      0      0      0      3      2      0      0      1      0      0      0      0      0      0      0      0      0      0      0      0      0      0      0      0      0      0      0
      0      0      0      0      0      0      0      0      0      0      0      0      0      0      0      0      0      0      0      0      0      0      0      0      0      0      0      0      0      0      0      0      0      0      0      0      0      0      2      0      0      0      0      0      0      0      0      0      0      1      0      0      0      0      0      9      0      5      0      0      0      0      0      1      0      4      0      0      1      0      4      4      5      0      0      0      0      0      0      0      0      0      0      0      0      0      0      2      0      0      0      0      0      0      0      0      0      0      0      0
      0      0      0      0      0      0      0      0      0      0      0      0      0      0      0      0      0      0      0      0      0      0      0      0      0      0      0      0      0      0      0      0      0      0      0      0      0      0      0      0      0      0      0      0      0      0      0      0      0      0      0      0      0      0      0      0      0     14      1      0      0      0      2      0      0      5      0      0      0      0      0      0      3      0      0      2      5      0      0      0      0      0      0      0      0      0      0      0      0      0      0      0      0      0      0      0      0      0      0      0
      0      0      0      0      0      0      0      0      0      0      0      0      0      0      0      0      0      0      0      0      0      0      0      0      0      0      0      0      0      0      0      0      0      0      0      0      2      0      2      0      0      0      0      0      0      0      0      0      0      0      0      0      0      3      0      1      0      0      0      0      0      0      0      0      0      0      0      0      0      7      4      0      0      0      0      0      0      0      0      0      0      0      0      0      0      0      0      0      0      0      0      0      0      0      0      0      0      0      0      0
      0      0      0      0      0      0      0      0      0      0      0      0      0      0      0      0      0      0      0      0      0      0      0      0      0      0      0      0      0      0      0      0      0      0      3      0      0      0      0      0      0      0      0      0      0      0      0      0      0      0      0      0      0      0      0      0      0      1      0      0      0      3      2      0      1      0      0      0      0      0      0      2      0      0      0      0      0      7      0      4      0      0      0      0      0      0      0      0      0      0      0      0      0      0      0      0      0      0      0      0
      0      0      0      0      0      0      0      0      0      0      0      0      0      0      0      0      0      0      0      0      0      0      0      0      0      0      0      0      0      0      0      0      0      0      0      0      0      0      0      0      0      0      0      0      0      0      0      0      0      0      0      0      0      0      0      0      0      0      0      0      0      0      0      0      0      0      3      0      0      0      0      0      0      0      2      0      0      1      2      0      0      0      0      0      2      0      0      0      0      0      0      0      0      0      0      0      0      0      0      0
      0      0      0      0      0      0      0      0      0      0      0      0      0      0      0      0      0      0      0      0      0      0      0      0      0      0      0      0      0      0      0      0      0      0      0      0      0      0      0      0      0      0      0      0      0      0      0      0      0      0      0      0      0      0      0      0      0      1      0      0      0      0      0      0      4      9      0      0      0      0      0      0      0      0      0      0      0      0      0      0      0      0      0      0      1      0      0      0      0      0      0      0      0      0      0      0      0      0      0      0
      0      0      0      0      0      0      0      0      0      0      0      0      0      0      0      0      0      0      0      0      0      0      0      0      0      0      0      0      0      0      0      0      0      0      0      0      0      0      0      0      0      0      0      0      0      0      0      0      0      0      0      0      0      0      0      0      0      0      0      0      0      0      0      0      0      0      0      0      0      0      0      0      0      0      0      0      0      0      0      0      0      0      0      0      0      0      0      0      0      0      0      0      0      0      0      0      0      0      0      0
      0      0      0      0      0      0      0      0      0      0      0      0      0      0      0      0      0      0      0      0      0      0      0      0      0      0      0      0      0      0      0      0      0      0      0      0      0      0      0      0      0      0      0      0      0      1      5      0      0      0      0      0      0      0      0      0      0      0      0      0      0      0      1      0      0      0      0      0      0      0      0      0      0      0      0      0      0      0      0      0      0      5      0      0      0      0      0      0      0      0      0      0      0      0      0      0      0      0      0      0
      0      0      0      0      0      0      0      0      0      0      0      0      0      0      0      0      0      0      0      0      0      0      0      0      0      0      0      0      0      0      0      0      0      0      0      0      0      0      0      0      0      0      0      0      0      0      0      0      0      0      0      0      0      0      0      0      0      0      0      1      0      0      0      0      8      0      0      0      0      0      0      0      0      0      0      1     13      0      0      0      0      0      0      0      0      0      0      0      0      0      0      0      0      0      0      0      0      0      0      0
      0      0      0      0      0      0      0      0      0      0      0      0      0      0      0      0      0      0      0      0      0      0      0      0      0      0      0      0      0      0      0      0      0      0      0      0      0      0      0      0      0      0      0      0      0      0      0      0      0      0      0      0      0      0      0      0      0      0      0      0      0      0      0      1      0      0      0      0      0      0      0      0      0      0      0      0      0      0      0      0      0      5      0      0      0      0      0      0      0      0      0      0      0      0      0      0      0      0      0      0
      0      0      0      0      0      0      0      0      0      0      0      0      0      0      0      0      0      0      0      0      0      0      0      0      0      0      0      0      0      0      0      0      0      0      0      0      0      0      0      0      0      0      0      0      0      0      0      0      0      0      0      0      0      0      0      0      0      0      0      0      0      0      0      0      0      0      0      0      0      0      0      0      0      0      0      0      0      0      0      0      0      0      0      0      0      0      0      0      0      0      0      0      0      0      0      0      0      0      0      0
      0      0      0      0      0      0      0      0      0      0      0      0      0      0      0      0      0      0      0      0      0      0      0      0      0      0      0      0      0      0      0      0      0      0      0      0      0      0      0      0      0      0      0      0      0      0      0      0      0      0      0      0      0      0      0      0      0      0      0      0      0      0      0      0      0      0      0      0      0      0      0      0      0      0      0      0      0      0      0      0      0      0      0      0      0      0      0      0      0      0      0      0      0      0      0      0      0      0      0      0
