\ 
\ Covariance Function Histogram Table
\ 
\ X Parameter: A Priori Eclipse Prob
\ X Abbrev   : PSG
\ X Units    : none
\ X Items    : 100         
\ 
\ Y Parameter: Incident Flux
\ Y Abbrev   : Fave
\ Y Units    : 10^9 ergs s^-1 cm^-2
\ Y Items    : 100         
\ 
|col000|col001|col002|col003|col004|col005|col006|col007|col008|col009|col010|col011|col012|col013|col014|col015|col016|col017|col018|col019|col020|col021|col022|col023|col024|col025|col026|col027|col028|col029|col030|col031|col032|col033|col034|col035|col036|col037|col038|col039|col040|col041|col042|col043|col044|col045|col046|col047|col048|col049|col050|col051|col052|col053|col054|col055|col056|col057|col058|col059|col060|col061|col062|col063|col064|col065|col066|col067|col068|col069|col070|col071|col072|col073|col074|col075|col076|col077|col078|col079|col080|col081|col082|col083|col084|col085|col086|col087|col088|col089|col090|col091|col092|col093|col094|col095|col096|col097|col098|col099|
|int   |int   |int   |int   |int   |int   |int   |int   |int   |int   |int   |int   |int   |int   |int   |int   |int   |int   |int   |int   |int   |int   |int   |int   |int   |int   |int   |int   |int   |int   |int   |int   |int   |int   |int   |int   |int   |int   |int   |int   |int   |int   |int   |int   |int   |int   |int   |int   |int   |int   |int   |int   |int   |int   |int   |int   |int   |int   |int   |int   |int   |int   |int   |int   |int   |int   |int   |int   |int   |int   |int   |int   |int   |int   |int   |int   |int   |int   |int   |int   |int   |int   |int   |int   |int   |int   |int   |int   |int   |int   |int   |int   |int   |int   |int   |int   |int   |int   |int   |int   |
      0      0      0      0      0      0      0      0      0      0      0      0      0      0      0      0      0      0      0      0      0      0      0      0      0      0      0      0      0      0      0      0      0      0      0      0      0      0      0      0      0      0      0      0      0      0      0      0      0      0      0      0      0      0      0      0      0      0      0      0      0      0      0      0      0      0      0      0      0      0      0      0      0      0      0      0      0      0      0      0      0      0      0      0      0      0      0      0      0      0      0      0      0      0      0      0      0      0      0      0
      0      0      0      0      0      0      0      0      0      0      0      0      0      0      0      0      0      0      0      0      0      0      0      0      0      0      0      0      0      0      0      0      0      0      0      0      0      0      0      0      0      0      0      0      0      0      0      0      0      0      0      0      0      0      0      0      0      0      0      0      0      0      0      0      0      0      0      0      0      0      0      0      0      0      0      0      0      0      0      0      0      0      0      0      0      0      0      0      0      0      0      0      0      0      0      0      0      0      0      0
      0      0      0      0      0      0      0      0      0      0      0      0      0      0      0      0      0      0      0      0      0      0      0      0      0      0      0      0      0      0      0      0      0      0      0      0      0      0      0      0      0      0      0      0      0      0      0      0      0      0      0      0      0      0      0      0      0      0      0      0      0      0      0      0      0      0      0      0      0      0      0      0      0      0      0      0      0      0      0      0      0      0      0      0      0      0      0      0      0      0      0      0      0      0      0      0      0      0      0      0
      0      0      0      0      0      0      0      0      0      0      0      0      0      0      0      0      0      0      0      0      0      0      0      0      0      0      0      0      0      0      0      0      0      0      0      0      0      0      0      0      0      0      0      0      0      0      0      0      0      0      0      0      0      0      0      0      0      0      0      0      0      0      0      0      0      0      0      0      0      0      0      0      0      0      0      0      0      0      0      0      0      0      0      0      0      0      0      0      0      0      0      0      0      0      0      0      0      0      0      0
      0      0      0      0      0      0      0      0      0      0      0      0      0      0      0      0      0      0      0      0      0      0      0      0      0      0      0      0      0      0      0      0      0      0      0      0      0      0      0      0      0      0      0      0      0      0      0      0      0      0      0      0      0      0      0      0      0      0      0      0      0      0      0      0      0      0      0      0      0      0      0      0      0      0      0      0      0      0      0      0      0      0      0      0      0      0      0      0      0      0      0      0      0      0      0      0      0      0      0      0
      0      0      0      0      0      0      0      0      0      0      0      0      0      0      0      0      0      0      0      0      0      0      0      0      0      0      0      0      0      0      0      0      0      0      0      0      0      0      0      0      0      0      0      0      0      0      0      0      0      0      0      0      0      0      0      0      0      0      0      0      0      0      0      0      0      0      0      0      0      0      0      0      0      0      0      0      0      0      0      0      0      0      0      0      0      0      0      0      0      0      0      0      0      0      0      0      0      0      0      0
      0      0      0      0      0      0      0      0      0      0      0      0      0      0      0      0      0      0      0      0      0      0      0      0      0      1      0      0      0      0      0      0      0      0      0      0      0      0      0      0      0      0      0      0      0      0      0      0      0      0      0      0      0      0      0      0      0      0      0      0      0      0      0      0      0      0      0      0      0      0      0      0      0      0      0      0      0      0      0      0      0      0      0      0      0      0      0      0      0      0      0      0      0      0      0      0      0      0      0      0
      0      0      0      0      0      0      0      0      0      0      0      0      0      0      0      0      0      0      0      0      0      0      0      0      0      0      0      0      0      0      0      0      0      0      0      0      0      0      0      0      0      0      0      0      0      0      0      0      0      0      0      0      0      0      0      0      0      0      0      0      0      0      0      0      0      0      0      0      0      0      0      0      0      0      0      0      0      0      0      0      0      0      0      0      0      0      0      0      0      0      0      0      0      0      0      0      0      0      0      0
      0      0      0      0      0      0      0      0      0      0      0      0      0      0      0      0      0      0      0      0      0      0      0      0      0      0      0      0      0      0      0      0      0      0      0      0      0      0      0      0      0      0      0      0      0      0      0      0      0      0      0      0      0      0      0      0      0      0      0      0      0      0      0      0      0      0      0      0      0      0      0      0      0      0      0      0      0      0      0      0      0      0      0      0      0      0      0      0      0      0      0      0      0      0      0      0      0      0      0      0
      0      0      0      0      0      0      0      0      0      0      0      0      0      0      0      0      0      0      0      0      0      0      0      1      0      2      0      0      0      0      0      0      0      0      0      0      0      0      0      0      0      0      0      0      0      0      0      0      0      0      0      0      0      0      0      0      0      0      0      0      0      0      0      0      0      0      0      0      0      0      0      0      0      0      0      0      0      0      0      0      0      0      0      0      0      0      0      0      0      0      0      0      0      0      0      0      0      0      0      0
      0      0      0      0      0      0      0      0      0      0      0      0      0      0      0      0      0      0      0      0      0      0      0      0      0      0      0      0      0      0      0      0      0      0      0      0      0      0      0      0      0      0      0      0      0      0      0      0      0      0      0      0      0      0      0      0      0      0      0      0      0      0      0      0      0      0      0      0      0      0      0      0      0      0      0      0      0      0      0      0      0      0      0      0      0      0      0      0      0      0      0      0      0      0      0      0      0      0      0      0
      0      0      0      0      0      0      0      0      0      0      0      0      0      0      0      0      0      0      0      0      0      0      0      0      1      0      0      0      0      0      0      0      0      0      0      0      0      0      0      0      0      0      0      0      0      0      0      0      0      0      0      0      0      0      0      0      0      0      0      0      0      0      0      0      0      0      0      0      0      0      0      0      0      0      0      0      0      0      0      0      0      0      0      0      0      0      0      0      0      0      0      0      0      0      0      0      0      0      0      0
      0      0      0      0      0      0      0      0      0      0      0      0      0      0      0      0      5      0      0      0      0      0      1      0      7      8      0      0      0      0      5      0      0      0      0      0      0      0      0      0      0      0      0      0      0      0      0      0      0      0      0      0      0      0      0      0      0      0      0      0      0      0      0      0      0      0      0      0      0      0      0      0      0      0      0      0      0      0      0      0      0      0      0      0      0      0      0      0      0      0      0      0      0      0      0      0      0      0      0      0
      0      0      0      0      0      0      0      0      0      0      0      0      0      0      0      0      0      0      0      0      8      0      0      0      9      0      0      0      0      2      0      0      0      0      0      0      0      0      0      0      0      3      0      0      0      0      0      0      0      0      0      0      0      0      0      0      0      0      0      0      0      0      0      0      0      0      0      0      0      0      0      0      0      0      0      0      0      0      0      0      0      0      0      0      0      0      0      0      0      0      0      0      0      0      0      0      0      0      0      0
      0      0      0      0      0      0      0      0      0      0      0      0      0      0      0      0      5      0      1      1      4      3      0      0      0      0      3      0     14     13      1      3      5      0      0      0      0      0      0      0      0      0      0      0      0      0      0      0      0      0      0      0      0      0      0      0      0      0      0      0      0      0      0      0      0      0      0      0      0      0      0      0      0      0      0      0      0      0      0      0      0      0      0      0      0      0      0      0      0      0      0      0      0      0      0      0      0      0      0      0
      0      0      0      0      0      0      0      0      0      0      6      0      0      0      0      0      2      0      0      5      0      0      2      4      1      0      6      0      0      0      6     13      0      5      0      0      0      0      0      0      0      0      0      0      0      4      0      0      0      0      0      0      0      0      0      0      0      0      0      0      0      0      0      0      0      0      0      0      0      0      0      0      0      0      0      0      0      0      0      0      0      0      0      0      0      0      0      0      0      0      0      0      0      0      0      0      0      0      0      0
      0      0      0      0      0      0      0      0      0      0      0      0      0      0      0      0      0      0      3      0      0      0      3      2      0      1     10      1      0      0      0      1      4      0      5     10      0      2      0      8      0      0      0      0      0      0      0      0      0      0      0      0      0      0      0      0      0      0      0      0      0      0      0      0      0      0      0      0      0      0      0      0      0      0      0      0      0      0      0      0      0      0      0      0      0      0      0      0      0      0      0      0      0      0      0      0      0      0      0      0
      0      0      0      0      0      0      0      0      0      0      0      0      7      0      2      0     20      0      1      2      1      1      0      7      3     11      8      0      8     23      2      0      9      0      1      0      2      0      1      0      0      0      0      7      0      0      2      1      0      0      0      0      0      6      0      0      0      0      0      0      0      0      0      0      0      0      0      0      0      0      0      0      0      0      0      0      0      0      0      0      0      0      0      0      0      0      0      0      0      0      0      0      0      0      0      0      0      0      0      0
      0      0      0      0      0      0      0      0      0      0      0      0      6      0      2      0      0      3      1      0      0     10      2      0      6     10      3      3      0      2      6     17     11      0      3      6      9      0      0      4      0      1      0      0      2      0      0      0      0      0      0      0      0      0      0      0      0      0      0      0      0      0      0      0      0      0      0      0      0      0      0      0      0      0      0      0      0      0      0      0      0      0      0      0      0      0      0      0      0      0      0      0      0      0      0      0      0      0      0      0
      0      0      0      0      0      0      0      0      0      0      0      0      0      0      0      0      7      0      2      0      9      3      6      3     14      5      8     17      7      8      3      6      2      9      0      0      0      0      0      4      1      0      5      4      0      0      0      0      0      0      0      0      0      0      0      0      0      0      0      0      0      0      0      0      0      0      0      0      0      0      0      0      0      0      0      0      0      0      0      0      0      0      0      0      0      0      0      0      0      0      0      0      0      0      0      0      0      0      0      0
      0      0      0      0      0      0      0      0      0      0      0      0      0      0      1      3      2      0      7      0      2      1      5      2      3      3     14      6      9     21      3      8      8      1      7      0      0      0     10      0      0      0      0      0      0      0      0      0      0      0      0      0      0      0      0      0      0      0      0      0      0      0      0      0      0      0      0      0      0      0      0      0      0      0      0      0      0      0      0      0      0      0      0      0      0      0      0      0      0      0      0      0      0      0      0      0      0      0      0      0
      0      0      0      0      0      0      0      0      0      0      0      0      0      0      3      0      6      3      5      6      8     24     11     16      6     12      5     23     22     15     20      2     14     11     22      2      7      1      9      2      2      1      1      0      5      2      0      0      0      0      0      0      0      0      0      0      0      0      0      0      0      0      0      0      0      0      0      0      0      0      0      0      0      0      0      0      0      0      0      0      0      0      0      0      0      0      0      0      0      0      0      0      0      0      0      0      0      0      0      0
      0      0      0      0      0      0      0      0      0      0      0      0      0      0      0      8      0      4      0      0      2      6     17     13     16     17      8     10      8     22     15     15     19     14     15      7     13     24      3      7      5      1      0      0      0      2      0      0      0      2      0      0      0      0      1      0      0      0      0      0      0      0      0      0      0      0      0      0      0      0      0      0      0      0      0      0      0      0      0      0      0      0      0      0      0      0      0      0      0      0      0      0      0      0      0      0      0      0      0      0
      0      0      0      0      0      0      0      0      0      0      0      0      2      0      0      3      2      0     16      4      1     12      9      4     16     26     18      4     17     17     11      7     28      8     29     18     15     12     10      8      7      7      6      5      1      0     10      0      6      0      8      4      0      0      1      0      0      0      0      1      0      0      0      0      0      0      0      0      0      0      0      0      0      0      0      0      0      0      0      0      0      0      0      0      0      0      0      0      0      0      0      0      0      0      0      0      0      0      0      0
      0      0      0      0      0      0      0      0      0      0      0      0      0      0      0      8      1      5     17      1     10     15      4     15      6     32      5     10     40     15     11     27     16     25     21     23     12     13      2      4      7      3      7      3     18     14      4      2      0      1      0      0      0      0      0      0      0      0      0      0      0      0      0      0      0      0      0      0      0      0      0      0      0      0      0      0      0      0      0      0      0      0      0      0      0      0      0      0      0      0      0      0      0      0      0      0      0      0      0      0
      0      0      0      0      0      0      0      0      0      0      0      0      0      0      0      0      0      0      7     11      3     19     36      3     19     27     21     23     10     47     41     23      5     47     16     12      4     22     11     21      5     25      6     15     10      3     12      0      0      7      1      0      0      0      0     12      0      0      0      0      0      0      0      0      0      0      0      1      0      0      0      0      0      0      0      0      0      0      0      0      0      0      0      0      0      0      0      0      0      0      0      0      0      0      0      0      0      0      0      0
      0      0      0      0      0      0      0      0      0      0      0      0      0      0      0      0      4      1     10     15      4      0      6     22     12     12      5     28      9     52     27     47     54     35     26     14     19     16     21     28     18     15      5      5      5     20      6     40      0      0      8      2      1      0      0      0      0      2      2      0      2      5      1      0      0      0      0      0      0      0      1      0      0      0      0      0      0      0      0      0      0      0      0      0      0      0      0      0      0      0      0      0      0      0      0      0      0      0      0      0
      0      0      0      0      0      0      0      0      0      0      0      0      0      0      0      1      0      0     16      7      2     14     16     44     29     36     13     42     33     48     56     22     44     24     27     26     43     24     27     20     30     43     17     26     29      0      2      1     16      0      3      0      4      9     12      4      0      0      0      0      0      0      0      0      2      0      0      0      0      0      0      0      0      0      0      0      0      0      0      0      0      0      0      0      0      0      0      0      0      0      0      0      0      0      0      0      0      0      0      0
      0      0      0      0      0      0      0      0      0      0      0      0      0      0      6      0      1      2     24     14      2      9     28     21      9     33     17     34     36     31     41     26     39     14     37     55     37     79     43     31     12     13     12     11     35      8     15      1      9      6     11      0      3      0      3      2      0      0      0      3      0      0      0      0      0      0      0      0      0      0      0      0      0      0      0      0      0      0      0      0      0      0      0      0      0      0      0      0      0      0      0      0      0      0      0      0      0      0      0      0
      0      0      0      0      0      0      0      0      0      0      0      0      0      0      0      0      4      2     11      8     22     30      8     11      8     21     20     48     49     50     43     31     60     65     34     39     20     86     19     52     23     21     17     22     17     10      1      4     10      9     20      0     31      8      0      3      0      2      8      3      0      0      4      0      0      0      0      0      0      0      0      0      0      0      0      0      0      0      0      0      0      0      0      0      0      0      0      0      0      0      0      0      0      0      0      0      0      0      0      0
      0      0      0      0      0      0      0      0      0      0      0      0      0      0      0      1      0      1      1      7      5      4     17     11     25     31     33     46     60     36     53     63     61     39     47     37     83     60     63     11     16      6     34     45     34      7     17     13     19     18      0      1      5     10      7     25     10      1      9     10      6      0     12      3      0      0      0      0      0      0      1      0      0      0      0      0      0      0      0      0      0      0      0      0      0      0      0      0      0      0      0      0      0      0      0      0      0      0      0      0
      0      0      0      0      0      0      0      0      0      0      0      0      0      1      0      0      0      0      0      0     20     20     28      7     33     58     14     32     57     37     41     71     42     71     33     53     14     40     45     41     21     30     45     50     30     18     29     18     21      9     11     22     12      2      2      0      3      0      7      6      0      0      0      0      0      5      0      0      0      0      0      0      0      0      3      0      0      0      0      0      0      0      0      0      0      0      0      0      0      0      0      0      0      0      0      0      0      0      0      0
      0      0      0      0      0      0      0      0      0      0      0      0      0      0      0      0      0      0     13      0      2      3     21     25     54     30     49     44     60     62     52     40     51     42     69     45     72     48     64     58     51    100     47     52     25     38     38     23     15      9     33     17     10     10      5      3      5      5      3      0      0      0      0      0      0      0      0      0      0      0      0      0      0      0      0      0      0      0      0      0      0      0      0      0      0      0      0      0      0      0      0      0      0      0      0      0      0      0      0      0
      0      0      0      0      0      0      0      0      0      0      0      0      0      0      0      0      2      0      1      2      0     16     10      6      6     30     21     71     48     96     41     56     42     97     97     55     86     91     54     66     54    125     57     27     36     36     36     30     22     23     23     21     18     13     18     14      7      1      0      0      3     13      0      1      5      0      9      0      0      0      0      0      0      0      0      0      0      0      0      0      0      0      0      0      0      0      0      0      0      0      0      0      0      0      0      0      0      0      0      0
      0      0      0      0      0      0      0      0      0      0      0      0      0      0      0      0      7      0     12      0      9     11     13     36     17     39    113     25     31     60     60     94     56     79     79     90     61    111     85     97     67     53     79     74     27     32     88     53     57     54      7     18     36      7     13      9     12     31      5      3      2      2      0      0      9      5      0      0      0      0      0      1      0      0      0      0      3      1      0      0      0      0      0      0      0      0      0      0      0      0      0      0      0      0      0      0      0      0      0      0
      0      0      0      0      0      0      0      0      0      0      0      0      0      0      0      0      0      0      2     16      7      5     49      5     40     47     59     79     69     45     41     87     99    109     70     68     57    109     94     59     30     54     57     81     58     22     85     58     35     34     11     22      6     30     16     20      4      4      9      4      9     14      3      0      2      0      0      0      0      3      0      1      1      0      3      0      0      0      3      0      0      0      0      0      0      0      0      0      0      0      0      0      0      0      0      0      0      0      0      0
      0      0      0      0      0      0      0      0      0      0      0      0      0      0      0      0      0      6      7     11     18     15     19     21      9     30     60     87     65     64     80     37     69     66    115     60     57    128    119     84    129     99     83     70     44     50     60     69     37     57     47     33     32     17     19     53      7     18      6     29      2      4      3      0      0      2      1      0      1      2      5      1      0      0      0      3      0      0      2      0      0      0      0      0      0      0      0      0      0      0      0      0      0      0      0      0      0      0      0      0
      0      0      0      0      0      0      0      0      0      0      0      0      0      0      0      0      1      1      0      1     10     12      6      7      2     24     20     40     29     64     81    107     46    103     98     98     72    133    102    114     70     84    115     53     26     52     67     45     27     92     51     14     35     20      3     20     12     13     10     24     25     14      2      9      3      3      0      2      9      0      0      0      0      0      1      1      0      0      2      0      0      0      0      0      0      0      0      0      0      0      0      0      0      0      0      0      0      0      0      0
      0      0      0      0      0      0      0      0      0      0      0      0      0      0      0      0      0      3      0      1      4      3      7     16     32     51      7     43     24     31     43     63     78     67    147    101     90    102    102    112    109     90    101    116     82    132     84     64    101     83     52     54     26     26     19     20     26     27     18     17     18      0     12      8     13      6      1     19      0      2      0      0      8      2      0      0      6      0      0      0      0      0      0      0      2      0      0      0      0      0      0      0      0      0      0      0      0      0      0      0
      0      0      0      0      0      0      0      0      0      0      0      0      0      0      0      0      0      0      2      3     12      8     17     15     15     31     25     29     63     74     91     61     96     89     72    161    148    125    123    111     91     87     97     57     70    111     54     67     82     51     43     98     19     21     27      7     12     16      8     11      6     18      5     15      5      5      2      9      3      4      0      1      0      0      0     10      0      0      0      0      0      0      0      0      2      0      0      0      0      0      0      0      0      0      0      0      0      0      0      0
      0      0      0      0      0      0      0      0      0      0      0      0      0      0      0      0      0      0      0      0      0      5      5     36     37     11     16     45     60     63     55     63     34     66     64    142     89     97     72     75    118     83     93     52     96     95     64     91     90     70     49     47     32     66     33     36     24     16     30     23      9     24      5      0     14      0     12      8      1      0      0     13      0      1      0      3      3      0      0      0      0      0      0      0      0      0      0      0      0      0      0      0      0      0      0      0      0      0      0      0
      0      0      0      0      0      0      0      0      0      0      0      0      0      0      0      0      0      4      4      2      1      0      4     14     38     27     17     21     64     49     94     58     54     68    116     55    129    107     89    125    114     74    154     97    185     74     96     76    102     74     70     63     70     32     79     48     37     16     20     39      8     22      2     26      0     19      0      4      6      4      0      5      0      0      0     10      3      0      3      0      0      0      0      0      0      0      0      0      0      0      0      0      0      0      0      0      0      0      0      0
      0      0      0      0      0      0      0      0      0      0      0      0      0      0      0      0      0      0      6      0      1      0      6     15      2     10     66     19     48     70     53     91     65     65     32    116    115     79    134    100     95    105    131    130     84    150     86     71     52     80     85     49     40     70     36     33     22     44     15      6     26     40     13     20     18      4      5      5     10      9      0      3      7      6      1      0      0      0      0      0      0     10      0      0      0      0      0      0      0      0      0      0      0      0      0      0      0      0      0      0
      0      0      0      0      0      0      0      0      0      0      0      0      0      0      0      0      0      2      0      0      6      3      2      7      2     29     41     55     21     25     45     61     59     46    112     45     72    115     59    123     75    100    202     99     89    138     77     69     61     67     52     45     59     53     32     36     43     26     35     46     17     14     11      4     24     28      8     20      7      3      6      0      0      6      0      0      4      5      2      0      4      0      0      0      0      0      0      0      0      0      0      0      0      0      0      0      0      0      0      0
      0      0      0      0      0      0      0      0      0      0      0      0      0      0      0     11      0      0      4      9      4      1      3     18     12      5     20     12     28     44     84     77     64    103     92     66    103     88    105    113     97     70    133     90    106     67    104     98     61     79     90     50     66     37     35    114     19     40     13     21     14     28     53      7      5     13     23      2      7     12      9      4      2      0     11      1      5      0      5      0      0      0      0      0      0      0      0      0      0      0      0      0      0      0      0      0      0      0      0      0
      0      0      0      0      0      0      0      0      0      0      0      0      0      0      0      0      0      0      0      0      3      8      0      4     17     21      8     19     72     71    111     88     44     55     82    143    121    111    100    122     95    116     89     45     95    127     62    116     87     61     47    122    113     22     91     33     40     29     22     49     25     26     31     19     17     13      3      6      4      2     14     11     13      6      0      5      2      0      0      4      8      0      0      0      3      0      0      1      0      0      0      2      0      0      0      0      0      0      0      0
      0      0      0      0      0      0      0      0      0      0      0      0      0      0      5      0      0      0      2      0     15      0      0     10     11     12     24     30     58     46     50     42     88    134     94     89    105    104     80     74     54     57    115     83     70     76    107     99    103     51     61     99     50     29     26     56     57     31     59     26     20     34     49     21     11     28     17     13      4      8      2      4      3      5      2      1      3      0      8      0      0      0      0      0      0      0      0      0      0      0      0      0      1      0      0      0      0      0      0      0
      0      0      0      0      0      0      0      0      0      0      0      0      0      0      0      0      0      0      0      2      5      0      3      5      2      7      7     18     23     21     81     51     45     54     88     76     61    101     76     72     75     79    100    155    112     82     92     82     66    114    139     80     18     64    108     69     36     67     29     42     46     43     66      8     18     17     17     24      7     31      3      5      6      6      0     13      2      5      0      4      3      2      0      0      0      0      0      1      0      0      0      0      0      0      0      0      0      0      0      0
      0      0      0      0      0      0      0      0      0      0      0      0      0      0      1      0      0      0      0      0      0     11      0     21      3      4     23     18     25     32     59     38     46    101     72     36     66    103    114     97    106    110    116     73     86    102     81    106     85     80     79     97     71    106    123     73     58     62     45     35     61     22     32     26      8     26      7      6      7     31     13      8     15      6      6      0      0      0      0      4      6      8      0      0      0      0      7      0      0      0      0      0      0      2      0      0      0      0      0      0
      0      0      0      0      0      0      0      0      0      0      0      0      0      0      0      0      0      0      0      0      2     11      1      9      7     14      5     13     43     18     23     75     49     54     46     93    102    127     51     96     80    113    136     93     96    109    101     74     80     73     97     47    101     61     62     49     39     99     17     53     65     19     58     34     14     12     30     22      8      9     19      5     11     14     16      1     21      7      0      7      0      5      3      0      0      0     12      0      1      0      0      0      0      0      0      0      0      0      0      0
      0      0      0      0      0      0      0      0      0      0      0      0      0      0      0      0      0      0      0      0      8      0      0      3      5     34      3     22     22     30     15     48     26     28    109     91     45     72    113    119     66     89     74    128     96    110    160     59     58     61    118     89     54     41    126     27     57     27     60     38     67     25     27     36     26     38     17     23     14     26     10     14      4      1      0      8      0      2      0      0      5      0     10      0      0      0      0      0      0      0      0      0      0      0      0      0      0      0      0      0
      0      0      0      0      0      0      0      0      0      0      0      0      0      0      0      0      0      0      0      0      0      0      0      2      5      7      8     22     20     31     48      8     44     92     89     46     73     96    119     92     47     70    110    125    134    122    147     72     40     81     92     51     71    108     85     46     39     51     57     33     56     53     45     37     19     29     36      7     14     10     20      3     13      9      1      8      4      0      1      2      0      0      1      0      1      1      0      6      0      0      0      0      2      0      0      0      0      0      0      0
      0      0      0      0      0      0      0      0      0      0      0      0      0      0      0      0      0      0      0      0      6      0      0      0     18     15     18     17     10     25      9     58     46     54     50     52     96     81     77    100    110     77    130     46    117    117     59     90    105     50    104     40     43     98     86     27     97     12     45     21     37     45     28     37     40     25     44     30      8     16      4     38     10      0      2      9     12      0      7      0      0      9      0      1      0      0      0      7      0      0      0      0      0      0      0      0      0      0      0      0
      0      0      0      0      0      0      0      0      0      0      0      0      0      0      0      0      0      0      0      0      0      4      0      1      3     16      5      0      7     16     13     25     10     60     40     36     34     63    126     39    131     88     49     75     59    110     86     74    110     73     64     63     69    105     70     45     71     73     27     31     61     47     48     28     26     25     36     43     29     34     18      1      0      6     17      3     17      4      0      0     10      0      1      4      0      6      0      0      0      0      3      0      0      0      3      0      0      2      0      0
      0      0      0      0      0      0      0      0      0      0      0      0      0      0      0      0      0      0      0      0      0      0      6      2      5      1      4     10     20     52     42     21     23     34     71     34     87     80     51     36     70     81     82     93    130     87     41     62     75     48     74     60     44     53     66     51     52     50     30     47     42     38     44     49     14     26     13     42     11      6     35      1      6     25      3      5      5      4      5      0      3      0      2      1      0      0      1      0      0      0      0      0      0      0      0      0      0      0      0      0
      0      0      0      0      0      0      0      0      0      0      0      0      0      0      0      0      0      0      0      0      0      0      9      5     13      1     12      9     10     13     13     57     38     30     25     48     47     29     57     81     49     61     94     66     60     58     56     96    104     71     45     72     29     50     52     70     48     47     22     21     49     11     26     16     19     34      9     12     18     23     21      7     12      7      6     15      5      2      6     13      0      8      1      0      0      0      4      0      6      0      2      0      0      0      0      0      0      0      0      0
      0      0      0      0      0      0      0      0      0      0      0      0      0      0      0      0      0      0      0      0      0      0      0      6      0      4      0      9     12     10      4     20     35     43     61     33     36     52     52     42     70     40     65     97    103     62     38     64     92     58     13     61     56     95     53     39     12     64     23     70     32     28     43     42     32     30     19     33     30      5     15     22     21      8     13      2     11      2      0      3      2      7      4      0      1      0      0      1      2      0      0      5      0      0     11      0      0      0      0      0
      0      0      0      0      0      0      0      0      0      0      0      0      0      0      0      0      0      0      3      0      0      3      0      8      0      4      0      7      0      5      1      9     23     19     46     23     35     31     67     82     76     52     60     46     52     34     79     69     73     76     74     68     65     77     86     39     49     40     62     60     27     27     17     24     32      8     13     15     26      9     19     18     16     12     21      0     13      1     13      5      2      3      1      0      0     12     11      2      0      0      0      0      0      0      0      0      0      0      0      0
      0      0      0      0      0      0      0      0      0      0      0      0      0      0      0      0      0      0      0      0      0      0      0      0      0     10      0     16      9     17     28     20     20     40      9     50     47     46     26     41     39     56     55     69     44     59     48     35     59     53     49     57     30     77     64     28     93     26     43     37     50     22     56     32     43     23     15     12     19      5     15     13     25      1      9      4      4      7      9      5      2     15      1      0      1      1      0      0      0      2      0      1      0      0      0      0      0      0      0      0
      0      0      0      0      0      0      0      0      0      0      0      0      0      0      0      0      0      0      0      0      0      0      0      0      0      0      2     11     19      9      5     31     13      6     16     30     50      8     24     72     53     70     16    115     38     93     54     74     57     27     70     70     48     69     48     24     49     48     30     13     28     21     24     28     23     42      9      8      0      5     31      0     17     26     14     11      4      5      3     17      8      0      0      9      5      7      1      6      0      0      0      0      0      1      1      0      0      0      0      0
      0      0      0      0      0      0      0      0      0      0      0      0      0      0      0      0      0      0      1      0      0      0      0      0      6      0      4      3     12      8      1      2     17     38     37     10     28      8     34     72     55     46     29     41     53     42     51     37     78     66     50     64     12     30     36     14     40     74     68     29     66     59     56     44      8     34      7     16      7     24      3     14      3      8      5     15     11     12      6      2      0      0      0      1      5      0      2      5      0      0      0      0      0      0      3      0      0      6      0      0
      0      0      0      0      0      0      0      0      0      0      0      0      0      0      0      0      0      0      0      0      0      0      0      0      0      0      8      0      0     16      7     21     28      5     21     33     27     29     36     18     22     41     22     40     59     36     45     31     48    101     66     23     40     34     86     78     40     40     18     47     32     36     20     28     28     36     17     30     10     18     14     25     26      5     11      5      5      4      0      0      5      2      0      1      3      0      1      0      0      0      3      0      0      0      0      0      0      0      0      0
      0      0      0      0      0      0      0      0      0      0      0      0      0      0      0      0      0      0      0      0      0      0      9      0      0      0      2      0      4      0      6      5      1     13      3     34     15     22     36     43     65     14     49     30     29     24     29     50     69    104     58     17     52     38     52     33     19     69     27     32     29     17     37      9     10      5     22     27     20      3     15      1      7     19     26      5      5      3     14     15      0      2      0      1      1      0      6      5      1      1      0      0      0      0      0      0      0      0      0      0
      0      0      0      0      0      0      0      0      0      0      0      0      0      0      0      0      0      0      8      0      0      0      0      0      0      2      0      0      4      5      0     16      7     19      6     16      1     49      2     24     39     11     22     26     26     28     25     26     36     26     26     20     36     23     20     56     44     53     13     18     27     30     22     17     39     17     22      8     11     12      4     27     14      8      8     11      0      0     10      2      4      1     15      3      0      5      0      0      2      0      0      4      1      0      0      1      4      0      3      0
      0      0      0      0      0      0      0      0      0      0      0      0      0      0      0      0      0      0      0      0      0      0      0      0      0      0      2      8      2      0      2      6      4     18     23     16      4     11      7     12      9     14     23     43     22     32     49     17     11     56     41     19     24     10     18     55     83     39     37     24     30     12     11     16      8     13     19     12     34     10      3     10      2      1      4      4      6     14      4      0      3      3      0      0      0      0      0      0      0      2      0      3      0      2      5      0      0      0      0      0
      0      0      0      0      0      0      0      0      0      0      0      0      0      0      0      0      0      0      0      0      0      0      0      0      0      3      0      1      0      0      4      8      5      4      4     13     14     12      2     19      3     15     22     11      8     36     50     17     46     36     39     13     35     23     19     34     42     31     28     10     23     17      6     14     10      7     15      7     17     17     29      8      0      5      1     14     12      0     11      8      0      7      0      1     11      0      9      3      0      0      0      0      1      1      0      0      0      0      2      0
      0      0      0      0      0      0      0      0      0      0      0      0      0      0      0      0      0      0      0      0      0      0      0      0      0      4      0      2      0      3      4      4      0      1     12     17      1      6      4      2      9     45     40     30     12     29      1     22     65     29     15     27     14     34     33     21     34     32      6      2     33     14     16     21     18     16      0      2     26      1     27     20      2     28      3      0      1      2      0      9      0      8     12      8      0      2      0      1      2      0      0      0      0      0      0      0      0      0      0      0
      0      0      0      0      0      0      0      0      0      0      0      0      0      0      0      0      0      0      0      0      0      0      0      0      2      0      0      0      6      0      3      2      7     19      9      6      4     24     19      4     10     26     28     16     32     25      7      5     26     47     27     42     37     31     39     38     30     17     22     26     10     32     13     24     23      9     14     26      7      8      5     29     17      7      5      1      2      9      8      1      4      0      0      4      0      0      5      0      0      7      9      2      0      1      0      2      0      0      0      0
      0      0      0      0      0      0      0      0      0      0      0      0      0      0      0      0      0      0      0      0      0      0      0      0      0      0      0      0      0      3      0      8      4      2      1      0     10      1      5      1     28     28      0      4     29      1     15     16     33     15     20     13     20      9     29     20      6     28      9      6     39      2      9      1      1     10      6     16      3     17      6      0      9     10      0      3      3      0      5      5      9      0      2      1      9      5      0      2      2      1      0      0      2      0      0      0      0      0      0      0
      0      0      0      0      0      0      0      0      0      0      0      0      0      0      0      0      0      0      0      0      0      0      3      0      0      0      0      3      0      0      5      7      0      1      5      4     17      7      5      0     16      0      8     12     12     33     26     16     55      8     30     23     18     21     41     18      7     11     18     11     17     16     54     30     20      2      5     13     14      5      3      4     12     24      0      3     14      1      0      5      8      2      0      0      0      0      0      0      6      0      2      1      5      0      0      0      5      0      0      0
      0      0      0      0      0      0      0      0      0      0      0      0      0      0      0      0      0      0      0      0      0      0      0      0      0      0      0      1      0      0      0      3      0      0      0      4      2      6      7     11     15     10     41     28     14     17      7     52     13      2     12     51     28     10     32     31     14      6      7     11     10      0      6      4      3      1     10      6     18     29     21      5     15      6      1      9      2      9      3      6      4      0     23      0      0      0      1      0      2      1      0      0      5      0      0      0      0      0      0      0
      0      0      0      0      0      0      0      0      0      0      0      0      0      0      0      0      0      0      0      0      0      0      0      0      0      0      0      0      0      0      3      0     15      0      3      8     11     11     14      5      1     12      0      9      5      6     10     11     28     17      6     10     26      6     43     20      5      3      4     16      9     21      9     16     14     23      4      3      1      0      5     10      2      2      0      3      1      6      1      0      2      8      6      6      8      0     17      0      0      0      0      0      0      0      1      0      0      0      0      0
      0      0      0      0      0      0      0      0      0      0      0      0      0      0      0      0      0      0      0      0      0      0      0      0      0      0      0      0      0     19      0      1      0      0      0      0      5      3     19      0      1      0      1      2      7     11      0     11     20     13      4     16     15     20     35     11     17      1     11      8      4      1     11     11      7      7      6     20     15      4      1      1      2      0      1      0      0      0      1      2      0      0      0      1      0      1      1      0      0      1      0      3      0      0      0      0      0      0      0      0
      0      0      0      0      0      0      0      0      0      0      0      0      0      0      0      0      0      0      0      0      0      0      0      1      0      0      0      0      0      0      0      1      0      0      9      3      7      2      9      2      2      0      4     14      2      9     18     18     14      1      2     16     19     13      6      6     13      6      1     18     21     16     19     16      1      0      6      6      7      1     24      1     13      4      0      1     19      0      3      1      0      0      8      0      0      0      0      0      0      0      0      0      0      0      0      0      0      0      2      0
      0      0      0      0      0      0      0      0      0      0      0      0      0      0      0      0      0      0      0      0      0      0      0      0      0      0      0      0      0      0      0      0      0      0      2      2      0      2      0      0      1      8      0      0     14      5      7     23     18     11      4     27      7      8      4      9     48     14      8     22     12     21      9      0     18      4      0      5      8      2      2      0     16      6      0      0      0      6      7      0      2      0      0      0      0      0     10      0      0      0      0      1     19      0      2      0      0      0      0      0
      0      0      0      0      0      0      0      0      0      0      0      0      0      0      0      0      0      0      0      0      0      0      0      0      0      1      0      0      0      0      0      0      2      0      0      2      0      8      0      0      2      3      0      2     14      0     31      4      6     11     26     37      0      5     13     19     11      9      7      5     18      5     19     28     14      0     11      1      7      1     10      0      1      8      0      5      3      7      0      0      0      0      6      0      0      0      0      0      0      0      0      1      0      0      0      0      0      0      0      0
      0      0      0      0      0      0      0      0      0      0      0      0      0      0      0      0      0      0      0      0      0      0      0      0      0      0      0      0      0      0      0      0      0      0      1      0      0      0      0      0      0      0      3      2      2     29      1      8      6      0      0      4      7      7      2     11      0      5     12      1      3     10      2      0      3      0      0      8      0      2      1     10      4      0     11      0      0      0      0      2      2      0      2      0      3      4      0      0      3      0      0      7      0      0      0      0      0      0      0      0
      0      0      0      0      0      0      0      0      0      0      0      0      0      0      0      0      0      0      0      0      0      0      0      0      0      0      0      0      0      0      0      0      0      1      0      0     34      0      2      6      1      4      6      0      4      0      6      3      3      5      4      4      0      0      4      1      0      4      0      0      0      9      0      9      0      0      0      0      0      1     18      2      0      5      4      0      1      0     12      3      0      0      0      0      0      0     22      0      2      0      4      0      0      0      0      0      1      0      2      0
      0      0      0      0      0      0      0      0      0      0      0      0      0      0      0      0      0      0      0      0      0      0      0      0      0      0      0      0      0      0      1      0      0      0      0      0      0      0      0     14      2     22      2      0      0      5      0      0      0      0      0      3      0     24      3      0      0      5      8      0      9     26      0      0      6      0      0      9     17      0      0      0      9      8      0      7      0      0      9      0      0      0      0      0      0      2      0      2      0      0      0      0      0      0      0      0      0      2      1      0
      0      0      0      0      0      0      0      0      0      0      0      0      0      0      0      0      0      0      0      0      0      0      0      0      0      0      0      0      0      0      0      0      0      0      0      0      0      0      1      0      0      0      0      0      0      4      4      4      7      7      4      4     20      2      3      1      1      1      7     10      0      2      9      2      1      0      7      0      2      8     16      0     20      1      0      0      7      0      1      2      0      0      0      0      3      0      1      0      0      2      1      0      0      0      0      0      0      0      0      0
      0      0      0      0      0      0      0      0      0      0      0      0      0      0      0      0      0      0      0      0      0      0      0      0      0      0      0      0      0      0      0      0      0      0      0      0      0      0      0      0      0      1      0     12      7      0      4      9      2      0      5      0      3      6      2      5      3      0      8      0      0      8      0      0      0      0      5      0     15      4      0      0      0      0      0      0      0     15      0      0      0      1      0      1      0      0      0      0      0      0      0      1      1      0      0      0      0      0      0      0
      0      0      0      0      0      0      0      0      0      0      0      0      0      0      0      0      0      0      0      0      0      0      0      0      0      0      0      0      0      0      0      0      0      0      0      0      0      0      0      0      0      0      0     15     15      0      1      1      1      4      0      0      0      1      1      0      0      0      0      1      1      0      0      0      4      5      3      7      0      0     12      0      5      0      0      0      0      0      7      0      0      0      0      0      0      0      1     10      3      0      0      0      2      0      0      0      0      0      0      0
      0      0      0      0      0      0      0      0      0      0      0      0      0      0      0      0      0      0      0      0      0      0      0      0      0      0      0      0      0      0      0      0      0      0      0      0      0      0      0      1      0      0      0      0      0      0      5      0      2      0      7      0      0      1      0      5      7      1      0      0      1      0      5      7      0      0      1      5      2      3      0      0      9      0     15     11      0      0      4      0      0      0      0      0      0      0      1      0      0      3      0      0      0      0      0      5      0      0      0      0
      0      0      0      0      0      0      0      0      0      0      0      0      0      0      0      0      0      0      0      0      0      0      0      0      0      0      0      0      0      0      0      0      0      0      0      0      0      9      0      1      2      0      0      0      0      1      0      2      0      0      0      5      5      4      5      4     19      2     12      0      2      0      0      0      0      0      1      8      0      0      3      0      0      2      0      0      0      6      0      0      0      8      2      0      0      0      0      0      0      0      0      1      0      1      0      0      0      0      0      0
      0      0      0      0      0      0      0      0      0      0      0      0      0      0      0      0      0      0      0      0      0      0      0      0      0      0      0      0      0      0      0      0      0      0      0      0      0      0      0      0      0      7      0      1      0      0      0      0      0      0      0      0      0      0      2      3      0      3      5      1      0      0      0      0      0      0      0      6      0      0      0      0      0      0      0      0      1      0      0      0      0      0      0      1      0      0      0      0      0      0      0      4      0      0      0      1      0      0      0      0
      0      0      0      0      0      0      0      0      0      0      0      0      0      0      0      0      0      0      0      0      0      0      0      0      0      0      0      0      0      0      0      0      1      0      0      0      0      0      0      0      0      0      0      0      0      0      0      1      1      0      0      0      0      0      0      0      0      0      0      4      0      7      0      0      0      1      4      5      0      0      7      0      0      1      0      0      0      3      0      3      0      0      0      0      0      0      0      0      0      0      0      0      0      0      0      0      0      0      0      0
      0      0      0      0      0      0      0      0      0      0      0      0      0      0      0      0      0      0      0      0      0      0      0      0      0      0      0      0      0      0      0      0      0      0      0      0      0      0      0      0      0      0      0      0      2      0      4      0      0      0      0      0      1      2      0      1      0      0      0      0      0      0      5      0      0      0      0      0      0      2      0      0      0      0      0      0      0      0      2      5      0      0      0      0      0      0      0      0      0      0      0      0      0      0      0      0      0      0      0      0
      0      0      0      0      0      0      0      0      0      0      0      0      0      0      0      0      0      0      0      0      0      0      0      0      0      0      0      0      0      0      0      0      0      0      0      0      0      0      0      0      0      0      0      0      0      0      0      2      0      0      0      2      0      0      0      0      0      0      0      0      0      0      0      7      1      0      0      2      0      0      2      0      0      1      1      0      0      0      2      0      0      0      0      0      0      0      1      0      0      0      0      0      0      0      0      0      0      0      0      0
      0      0      0      0      0      0      0      0      0      0      0      0      0      0      0      0      0      0      0      0      0      0      0      0      0      0      0      0      0      0      0      2      0      0      0      0      0      0      0      0      0      0      0      0      0      5      0      0      0      1      0      0      0      0      0      0      0      9      0      0      0      0      0      3      0      0      4      0      0      1      0      0      0      4      1      0      0      0      5      0      0      0      1      0      0      0      0      0      0      0      0      2      0      0      0      0      0      0      0      0
      0      0      0      0      0      0      0      0      0      0      0      0      0      0      0      0      0      0      0      0      0      0      0      0      0      0      0      0      0      0      0      0      0      0      0      0      0      0      0      0      0      0      0      0      0      0      0      0      0      0      0      0      7      0      0      0      0      0      0      1      0      0      7      2      0      0      0      0      5      0      0      0      0      0      0      5      3      0      0      0      0      0      0      0      0      0      0      0      0      2      0      0      0      0      0      0      0      0      0      0
      0      0      0      0      0      0      0      0      0      0      0      0      0      0      0      0      0      0      0      0      0      0      0      0      0      0      0      0      0      0      2      0      0      0      0      0      0      0      0      2      0      0      0      0      0      0      0      0      0      0      0      0      0      0      0      1      0      0      3      0      0      0      0      0      0      0      0      0      0      0      0      4      0      0      0      0      0      0      0      0      0      0      0      7      0      0      0      0      0      0      0      0      0      0      0      0      0      0      0      0
      0      0      0      0      0      0      0      0      0      0      0      0      0      0      0      0      0      0      0      0      0      0      0      0      0      0      0      0      0      0      0      0      0      0      0      0      0      3      0      0      0      0      0      0      0      0      0      0      0      0      0      0      0      1      0      0      0      0      0      0      0      0      2      0      1      0      0      0      0      0      0      0      0      3      2      0      0      0      0      0      7      4      0      0      0      0      0      0      0      0      0      0      0      0      0      0      0      0      0      0
      0      0      0      0      0      0      0      0      0      0      0      0      0      0      0      0      0      0      0      0      0      0      0      0      0      0      0      0      0      0      0      0      0      0      0      0      0      0      0      0      0      0      0      0      0      0      0      0      0      0      0      0      0      0      0      0      0      0      0      0      0      0      0      0      0      0      0      0      0      0      0      3      0      0      0      0      0      0      2      0      1      0      0      0      0      0      0      0      0      0      0      0      0      0      0      0      0      0      0      0
      0      0      0      0      0      0      0      0      0      0      0      0      0      0      0      0      0      0      0      0      0      0      0      0      0      0      0      0      0      0      0      0      0      0      0      0      0      0      0      0      0      0      0      0      0      0      0      0      0      0      0      0      0      0      0      0      0      0      0      0      0      0      0      1      0      9      0      0      0      0      0      0      0      4      0      0      0      0      0      0      0      0      0      0      0      0      0      0      1      0      0      0      0      0      0      0      0      0      0      0
      0      0      0      0      0      0      0      0      0      0      0      0      0      0      0      0      0      0      0      0      0      0      0      0      0      0      0      0      0      0      0      0      0      0      0      0      0      0      0      0      0      0      0      0      0      0      0      0      0      0      0      0      0      0      0      0      0      0      0      0      0      0      0      0      0      0      0      0      0      0      0      0      0      0      0      0      0      0      0      0      0      0      0      0      0      0      0      0      0      0      0      0      0      0      0      0      0      0      0      0
      0      0      0      0      0      0      0      0      0      0      0      0      0      0      0      0      0      0      0      0      0      0      0      0      0      0      0      0      0      0      0      0      0      0      0      0      0      0      0      0      0      0      0      0      0      0      5      0      0      1      0      0      0      0      0      0      0      0      0      0      0      0      0      0      0      0      1      0      0      0      0      0      0      0      0      0      0      0      0      0      0      0      0      0      0      0      0      0      0      0      0      0      0      0      0      0      0      0      0      0
      0      0      0      0      0      0      0      0      0      0      0      0      0      0      0      0      0      0      0      0      0      0      0      0      0      0      0      0      0      0      0      0      0      0      0      0      0      0      0      0      0      0      0      0      0      0      0      0      0      0      0      0      0      0      0      0      0      0      0      0      0      0      0      0      0      0      0      0      0      1      0      0      0      0      0      0     13      8      0      0      0      0      0      1      0      0      0      0      0      0      0      0      0      0      0      0      0      0      0      0
      0      0      0      0      0      0      0      0      0      0      0      0      0      0      0      0      0      0      0      0      0      0      0      0      0      0      0      0      0      0      0      0      0      0      0      0      0      0      0      0      0      0      0      0      0      0      0      0      0      0      0      0      0      0      0      0      0      0      0      0      0      0      0      0      0      0      0      0      0      1      0      0      0      0      0      0      0      0      0      0      0      0      5      0      0      0      0      0      0      0      0      0      0      0      0      0      0      0      0      0
      0      0      0      0      0      0      0      0      0      0      0      0      0      0      0      0      0      0      0      0      0      0      0      0      0      0      0      0      0      0      0      0      0      0      0      0      0      0      0      0      0      0      0      0      0      0      0      0      0      0      0      0      0      0      0      0      0      0      0      0      0      0      0      0      0      0      0      0      0      0      0      0      0      0      0      0      0      0      0      0      0      0      0      0      0      0      0      0      0      0      0      0      0      0      0      0      0      0      0      0
      0      0      0      0      0      0      0      0      0      0      0      0      0      0      0      0      0      0      0      0      0      0      0      0      0      0      0      0      0      0      0      0      0      0      0      0      0      0      0      0      0      0      0      0      0      0      0      0      0      0      0      0      0      0      0      0      0      0      0      0      0      0      0      0      0      0      0      0      0      0      0      0      0      0      0      0      0      0      0      0      0      0      0      0      0      0      0      0      0      0      0      0      0      0      0      0      0      0      0      0
