\ 
\ Covariance Function Histogram Table
\ 
\ X Parameter: A Priori Eclipse Prob
\ X Abbrev   : PSG
\ X Units    : none
\ X Items    : 100         
\ 
\ Y Parameter: Stellar Luminosity
\ Y Abbrev   : L*
\ Y Units    : Lsun
\ Y Items    : 100         
\ 
|col000|col001|col002|col003|col004|col005|col006|col007|col008|col009|col010|col011|col012|col013|col014|col015|col016|col017|col018|col019|col020|col021|col022|col023|col024|col025|col026|col027|col028|col029|col030|col031|col032|col033|col034|col035|col036|col037|col038|col039|col040|col041|col042|col043|col044|col045|col046|col047|col048|col049|col050|col051|col052|col053|col054|col055|col056|col057|col058|col059|col060|col061|col062|col063|col064|col065|col066|col067|col068|col069|col070|col071|col072|col073|col074|col075|col076|col077|col078|col079|col080|col081|col082|col083|col084|col085|col086|col087|col088|col089|col090|col091|col092|col093|col094|col095|col096|col097|col098|col099|
|int   |int   |int   |int   |int   |int   |int   |int   |int   |int   |int   |int   |int   |int   |int   |int   |int   |int   |int   |int   |int   |int   |int   |int   |int   |int   |int   |int   |int   |int   |int   |int   |int   |int   |int   |int   |int   |int   |int   |int   |int   |int   |int   |int   |int   |int   |int   |int   |int   |int   |int   |int   |int   |int   |int   |int   |int   |int   |int   |int   |int   |int   |int   |int   |int   |int   |int   |int   |int   |int   |int   |int   |int   |int   |int   |int   |int   |int   |int   |int   |int   |int   |int   |int   |int   |int   |int   |int   |int   |int   |int   |int   |int   |int   |int   |int   |int   |int   |int   |int   |
      0      0      0      0      0      0      0      0      0      0      0      0      0      0      0      0      0      0      0      0      0      0      0      0      0      0      0      0      0      0      0      0      0      0      0      0      0      0      0      0      0      0      0      0      0      0      0      0      0      0      0      0      0      0      0      0      0      0      0      0      0      0      0      0      0      0      0      0      0      0      0      0      0      0      0      0      0      0      0      0      0      0      0      0      0      0      0      0      0      0      0      0      0      0      0      0      0      0      0      0
      0      0      0      0      0      0      0      0      0      0      0      0      0      0      0      0      0      0      0      0      0      0      0      0      0      0      0      0      0      0      0      0      0      0      0      0      0      0      0      0      0      0      0      0      0      0      0      0      0      0      0      0      0      0      0      0      0      0      0      0      0      0      0      0      0      0      0      0      0      0      0      0      0      0      0      0      0      0      0      0      0      0      0      0      0      0      0      0      0      0      0      0      0      0      0      0      0      0      0      0
      0      0      0      0      0      0      0      0      0      0      0      0      0      0      0      0      0      0      0      0      0      0      0      0      0      0      0      0      0      0      0      0      0      0      0      0      0      0      0      0      0      0      0      0      0      0      0      0      0      0      0      0      0      0      0      0      0      0      0      0      0      0      0      0      0      0      0      0      0      0      0      0      0      0      0      0      0      0      0      0      0      0      0      0      0      0      0      0      0      0      0      0      0      0      0      0      0      0      0      0
      0      0      0      0      0      0      0      0      0      0      0      0      0      0      0      0      0      0      0      0      0      0      0      0      0      0      0      0      0      0      0      0      0      0      0      0      0      0      0      0      0      0      0      0      0      0      0      0      0      0      0      0      0      0      0      0      0      0      0      0      0      0      0      0      0      0      0      0      0      0      0      0      0      0      0      0      0      0      0      0      0      0      0      0      0      0      0      0      0      0      0      0      0      0      0      0      0      0      0      0
      0      0      0      0      0      0      0      0      0      0      0      0      0      0      0      0      0      0      0      0      0      0      0      0      0      0      0      0      0      0      0      0      0      0      0      0      0      0      0      0      0      0      0      0      0      0      0      0      0      0      0      0      0      0      0      0      0      0      0      0      0      0      0      0      0      0      0      0      0      0      0      0      0      0      0      0      0      0      0      0      0      0      0      0      0      0      0      0      0      0      0      0      0      0      0      0      0      0      0      0
      0      0      0      0      0      0      0      0      0      0      0      0      0      0      0      0      0      0      0      0      0      0      0      0      0      0      0      0      0      0      0      0      0      0      0      0      0      0      0      0      0      0      0      0      0      0      0      0      0      0      0      0      0      0      0      0      0      0      0      0      0      0      0      0      0      0      0      0      0      0      0      0      0      0      0      0      0      0      0      0      0      0      0      0      0      0      0      0      0      0      0      0      0      0      0      0      0      0      0      0
      0      0      0      0      0      0      0      0      0      0      0      0      0      0      0      0      0      0      0      0      0      0      0      0      0      0      1      0      0      0      0      0      0      0      0      0      0      0      0      0      0      0      0      0      0      0      0      0      0      0      0      0      0      0      0      0      0      0      0      0      0      0      0      0      0      0      0      0      0      0      0      0      0      0      0      0      0      0      0      0      0      0      0      0      0      0      0      0      0      0      0      0      0      0      0      0      0      0      0      0
      0      0      0      0      0      0      0      0      0      0      0      0      0      0      0      0      0      0      0      0      0      0      0      0      0      0      0      0      0      0      0      0      0      0      0      0      0      0      0      0      0      0      0      0      0      0      0      0      0      0      0      0      0      0      0      0      0      0      0      0      0      0      0      0      0      0      0      0      0      0      0      0      0      0      0      0      0      0      0      0      0      0      0      0      0      0      0      0      0      0      0      0      0      0      0      0      0      0      0      0
      0      0      0      0      0      0      0      0      0      0      0      0      0      0      0      0      0      0      0      0      0      0      0      0      0      0      0      0      0      0      0      0      0      0      0      0      0      0      0      0      0      0      0      0      0      0      0      0      0      0      0      0      0      0      0      0      0      0      0      0      0      0      0      0      0      0      0      0      0      0      0      0      0      0      0      0      0      0      0      0      0      0      0      0      0      0      0      0      0      0      0      0      0      0      0      0      0      0      0      0
      0      0      0      0      0      0      0      0      0      0      0      0      0      0      0      0      0      0      0      0      0      0      0      0      1      0      2      0      0      0      0      0      0      0      0      0      0      0      0      0      0      0      0      0      0      0      0      0      0      0      0      0      0      0      0      0      0      0      0      0      0      0      0      0      0      0      0      0      0      0      0      0      0      0      0      0      0      0      0      0      0      0      0      0      0      0      0      0      0      0      0      0      0      0      0      0      0      0      0      0
      0      0      0      0      0      0      0      0      0      0      0      0      0      0      0      0      0      0      0      0      0      0      0      0      0      0      0      0      0      0      0      0      0      0      0      0      0      0      0      0      0      0      0      0      0      0      0      0      0      0      0      0      0      0      0      0      0      0      0      0      0      0      0      0      0      0      0      0      0      0      0      0      0      0      0      0      0      0      0      0      0      0      0      0      0      0      0      0      0      0      0      0      0      0      0      0      0      0      0      0
      0      0      0      0      0      0      0      0      0      0      0      0      0      0      0      0      0      0      0      0      0      0      0      0      1      0      0      0      0      0      0      0      0      0      0      0      0      0      0      0      0      0      0      0      0      0      0      0      0      0      0      0      0      0      0      0      0      0      0      0      0      0      0      0      0      0      0      0      0      0      0      0      0      0      0      0      0      0      0      0      0      0      0      0      0      0      0      0      0      0      0      0      0      0      0      0      0      0      0      0
      0      0      0      0      0      0      0      0      0      0      0      0      0      0      0      0      0      5      0      0      0      0      1      0      0      7      8      0      0      0      1      0      4      0      0      0      0      0      0      0      0      0      0      0      0      0      0      0      0      0      0      0      0      0      0      0      0      0      0      0      0      0      0      0      0      0      0      0      0      0      0      0      0      0      0      0      0      0      0      0      0      0      0      0      0      0      0      0      0      0      0      0      0      0      0      0      0      0      0      0
      0      0      0      0      0      0      0      0      0      0      0      0      0      0      0      0      0      0      0      0      0      8      0      0      9      0      0      0      0      2      0      0      0      0      0      0      0      0      0      0      3      0      0      0      0      0      0      0      0      0      0      0      0      0      0      0      0      0      0      0      0      0      0      0      0      0      0      0      0      0      0      0      0      0      0      0      0      0      0      0      0      0      0      0      0      0      0      0      0      0      0      0      0      0      0      0      0      0      0      0
      0      0      0      0      0      0      0      0      0      0      0      0      0      0      0      0      0      0      5      1      5      3      0      0      0      2      1      6      8     13      1      8      0      0      0      0      0      0      0      0      0      0      0      0      0      0      0      0      0      0      0      0      0      0      0      0      0      0      0      0      0      0      0      0      0      0      0      0      0      0      0      0      0      0      0      0      0      0      0      0      0      0      0      0      0      0      0      0      0      0      0      0      0      0      0      0      0      0      0      0
      0      0      0      0      0      0      0      0      0      0      0      0      0      6      0      0      0      2      0      5      0      0      0      6      1      0      6      0      0      6      0     13      5      0      0      0      0      0      0      0      0      0      0      0      4      0      0      0      0      0      0      0      0      0      0      0      0      0      0      0      0      0      0      0      0      0      0      0      0      0      0      0      0      0      0      0      0      0      0      0      0      0      0      0      0      0      0      0      0      0      0      0      0      0      0      0      0      0      0      0
      0      0      0      0      0      0      0      0      0      0      0      0      0      0      0      0      0      0      3      0      0      0      2      3      4      3      1      4      0      0      1      0      4      5      0     10      0      2      8      0      0      0      0      0      0      0      0      0      0      0      0      0      0      0      0      0      0      0      0      0      0      0      0      0      0      0      0      0      0      0      0      0      0      0      0      0      0      0      0      0      0      0      0      0      0      0      0      0      0      0      0      0      0      0      0      0      0      0      0      0
      0      0      0      0      0      0      0      0      0      0      0      0      0      0      7      0      2     20      0      3      1      1      2      5      9      5      1      9     29      2      4      0      5      1      0      0      2      0      0      0      1      0      2      0      5      1      1      0      0      1      0      0      0      0      6      0      0      0      0      0      0      0      0      0      0      0      0      0      0      0      0      0      0      0      0      0      0      0      0      0      0      0      0      0      0      0      0      0      0      0      0      0      0      0      0      0      0      0      0      0
      0      0      0      0      0      0      0      0      0      0      0      0      0      0      6      2      0      0      3      0      1      6      6      0     16      0      3      3      0      5      9     22      0      2     10      6      0      4      0      0      0      1      0      0      2      0      0      0      0      0      0      0      0      0      0      0      0      0      0      0      0      0      0      0      0      0      0      0      0      0      0      0      0      0      0      0      0      0      0      0      0      0      0      0      0      0      0      0      0      0      0      0      0      0      0      0      0      0      0      0
      0      0      0      0      0      0      0      0      0      0      0      0      0      0      0      0      0      7      2      0      9      2      5      3     16      8      7     20     10      1      2      6      6      5      0      0      0      0      0      4      1      5      4      0      0      0      0      0      0      0      0      0      0      0      0      0      0      0      0      0      0      0      0      0      0      0      0      0      0      0      0      0      0      0      0      0      0      0      0      0      0      0      0      0      0      0      0      0      0      0      0      0      0      0      0      0      0      0      0      0
      0      0      0      0      0      0      0      0      0      0      0      0      0      0      0      1      3      2      0      7      2      0      5      4      4      4     11      9     19      1      7     15      5      0      0      7      0      0     10      0      0      0      0      0      0      0      0      0      0      0      0      0      0      0      0      0      0      0      0      0      0      0      0      0      0      0      0      0      0      0      0      0      0      0      0      0      0      0      0      0      0      0      0      0      0      0      0      0      0      0      0      0      0      0      0      0      0      0      0      0
      0      0      0      0      0      0      0      0      0      0      0      0      0      0      0      0      3      6      8      6      4     26      8     20     17      5     15     16     23     23      1     13     19     18     12      0      0      1     11      1      2      0      0      1      7      0      0      0      0      0      0      0      0      0      0      0      0      0      0      0      0      0      0      0      0      0      0      0      0      0      0      0      0      0      0      0      0      0      0      0      0      0      0      0      0      0      0      0      0      0      0      0      0      0      0      0      0      0      0      0
      0      0      0      0      0      0      0      0      0      0      0      0      0      0      0      0      8      0      4      0      1      7      6     25     17     17     13      6     10     21     18     23     17     15     11      3     21     11      9      1      5      0      0      0      2      0      0      2      0      0      0      0      0      1      0      0      0      0      0      0      0      0      0      0      0      0      0      0      0      0      0      0      0      0      0      0      0      0      0      0      0      0      0      0      0      0      0      0      0      0      0      0      0      0      0      0      0      0      0      0
      0      0      0      0      0      0      0      0      0      0      0      0      0      0      2      0      0      3     12     10      1      9     13      3     15     16     31     15     15     15      9     25     10     36     14     18      7      0     17      4      8      4     10      1      0      1      9      0      1      0      9      0      8      0      0      1      0      0      0      1      0      0      0      0      0      0      0      0      0      0      0      0      0      0      0      0      0      0      0      0      0      0      0      0      0      0      0      0      0      0      0      0      0      0      0      0      0      0      0      0
      0      0      0      0      0      0      0      0      0      0      0      0      0      0      0      0      8      1      5     23      5     13      2     21     26      8     16     38      6     34      9     39     19     15     13     17      9      1     17      2      4      7      0      5     14      2     17      0      1      0      0      0      0      0      0      0      0      0      0      0      0      0      0      0      0      0      0      0      0      0      0      0      0      0      0      0      0      0      0      0      0      0      0      0      0      0      0      0      0      0      0      0      0      0      0      0      0      0      0      0
      0      0      0      0      0      0      0      0      0      0      0      0      0      0      0      0      0      0      7      4     10     13     39     20      8     29     24     43     14     47     22     25     30     16     17     11     11     18     21      7     12     19     11     14      0     10      2      0      0      7      1      0      0      0      0      0     12      0      0      0      0      0      0      0      0      0      0      0      1      0      0      0      0      0      0      0      0      0      0      0      0      0      0      0      0      0      0      0      0      0      0      0      0      0      0      0      0      0      0      0
      0      0      0      0      0      0      0      0      0      0      0      0      0      0      0      0      0      5      6      4     19      0      6     20     17     12     16     18     45     40     28     56     42     39     10     18     20     22     35     12      0     15      2     16     13      4     41      0      0      5      3      2      1      0      0      0      0      4      0      0      2      1      0      0      0      5      0      0      0      0      1      0      0      0      0      0      0      0      0      0      0      0      0      0      0      0      0      0      0      0      0      0      0      0      0      0      0      0      0      0
      0      0      0      0      0      0      0      0      0      0      0      0      0      0      0      0      1      0      8      8      8      9     28     40     31     33     60     35     38     18     41     68     34     11     23     39     24     24     39     52     19     29      5     32      3      1      2     10      5      0      3      0     10     15      2      0      2      0      0      0      0      0      0      0      2      0      0      0      0      0      0      0      0      0      0      0      0      0      0      0      0      0      0      0      0      0      0      0      0      0      0      0      0      0      0      0      0      0      0      0
      0      0      0      0      0      0      0      0      0      0      0      0      0      0      0      6      0      0      4     24      4     23      7     35     13     28     31     51     51     31     32     29     18     33     69     39     66     36     39     16      9     19     14     21     15      8      7      3      7     10      4      3      0      0      3      0      2      0      0      0      0      3      0      0      0      0      0      0      0      0      0      0      0      0      0      0      0      0      0      0      0      0      0      0      0      0      0      0      0      0      0      0      0      0      0      0      0      0      0      0
      0      0      0      0      0      0      0      0      0      0      0      0      0      0      0      0      0      0      6     12      9     42     19      8     14     13     61     42     31     54     48     48     66     28     59     34     72     40     37     33     11     24     13     17     10      0     11      6      6     18      8      6     11      0      3     17      2      0      8      3      4      0      0      0      0      0      0      0      0      0      0      0      0      0      0      0      0      0      0      0      0      0      0      0      0      0      0      0      0      0      0      0      0      0      0      0      0      0      0      0
      0      0      0      0      0      0      0      0      0      0      0      0      0      0      0      0      1      1      1      1     11      3     27      9     39     40     33     65     43     33     57     78     55     44     37     91     63     59     16      6     11     47     25     22     15     26      9     19      3     14      1      0     10      9      1     23     14      1     19      0      0      2      4     15      0      0      0      0      0      0      0      0      1      0      0      0      0      0      0      0      0      0      0      0      0      0      0      0      0      0      0      0      0      0      0      0      0      0      0      0
      0      0      0      0      0      0      0      0      0      0      0      0      0      0      0      1      0      0      0      0     18     31     19     21     49     41     54     35     35     28     99     40     55     36     48     37     38     45     45     15     31     64     16     37     18     15     30     25      6     13     11      5     12      1      2      5      0      0      6      7      0      0      0      0      0      0      0      5      0      0      0      0      0      0      0      3      0      0      0      0      0      0      0      0      0      0      0      0      0      0      0      0      0      0      0      0      0      0      0      0
      0      0      0      0      0      0      0      0      0      0      0      0      0      0      0      0      0      0      1     12      2      8     15     36     53     80     29     69     47     65     37     42     53     67     74     79     61     63     61     72     73     34     30     17     49     35     15     25     10      5     16     17     13      0     13      3      8      0      0      1      3      0      0      0      0      0      0      0      0      0      0      0      0      0      0      0      0      0      0      0      0      0      0      0      0      0      0      0      0      0      0      0      0      0      0      0      0      0      0      0
      0      0      0      0      0      0      0      0      0      0      0      0      0      0      0      0      0      0      2      1      2      6     20      6     22     28     46     76     80     84     25     49     90    107     64     79     97     45    100     93     61     56     39     27     38      7     41     40     19     26     11     16      9     12     19      5      6      1      7      0      1      3      6      5      0      0      9      0      0      0      0      0      0      0      0      0      0      0      0      0      0      0      0      0      0      0      0      0      0      0      0      0      0      0      0      0      0      0      0      0
      0      0      0      0      0      0      0      0      0      0      0      0      0      0      0      0      0      0     19      0      6      6     24     33     30     56     78     49     45    103     75     60     70     66    121    110    124     82     51     38     84     74     39     81     77     34     45     38     43     28     19      7     11     35     16      6      6      4     17      2      0      2      6      3      5      0      0      0      0      0      0      0      0      0      0      0      1      4      0      0      0      0      0      0      0      0      0      0      0      0      0      0      0      0      0      0      0      0      0      0
      0      0      0      0      0      0      0      0      0      0      0      0      0      0      0      0      0      0      0     10      9     13     28     39     47     30    124     46     69     57    110    102     73     71     94    122     81     62     41     31     50     50     62     43     71     67     66     37     24     23     20     21     12     19      9      5      8      0     15      8      6      8      0      1      0      0      0      0      2      1      0      1      1      0      3      0      0      0      0      0      3      0      0      0      0      0      0      0      0      0      0      0      0      0      0      0      0      0      0      0
      0      0      0      0      0      0      0      0      0      0      0      0      0      0      0      0      0      0      3     15     28     11     14     22     25     63     65     84     59    102     51     71     68    126     60     88    117    113    143     55     68     92     72     59     66     32     76     33     45     23     76     22     14     14     27     26     12     15      3     30      7      0      0      0      2      0      1      1      0      0      0      0      2      5      3      1      2      0      0      0      0      0      0      0      0      0      0      0      0      0      0      0      0      0      0      0      0      0      0      0
      0      0      0      0      0      0      0      0      0      0      0      0      0      0      0      0      0      1      1      1     10     11      3     11     13     29     26     60     59     65     55     94    137    112    100    104    114     73    125     54    104     72     42     70     61     57     41     48     36     37     58     14     31     10     10     14      7     15     17     23      6     11      4      7      7      0      0      4      0      7      0      0      1      0      0      1      0      0      2      0      0      0      0      0      0      0      0      0      0      0      0      0      0      0      0      0      0      0      0      0
      0      0      0      0      0      0      0      0      0      0      0      0      0      0      0      0      0      0      3      0      2      5      8     36     25     38     38     26     30     88     45     88     64    112    132    105    106     94     87    158     75     95    131    132     77     81    115     59     45     41     42     12     33     43     19     17     21      6     13     38      7     13      8      1      6     14     17      0      0      0      0      2      8      0      6      0      2      0      0      0      0      0      0      0      0      0      0      0      2      0      0      0      0      0      0      0      0      0      0      0
      0      0      0      0      0      0      0      0      0      0      0      0      0      0      0      0      0      0      0      3     14      5     20     16     38     16     39     63     79     75    111    111     87     93    137    167    108     92    118     54    125    110     61     86    102     78     33     55     57    100     34     39      6      9     27      4     10      8      6      1     21      3      6     12     11      3      5      1      9      1      3      1      0      0      0      0     10      0      0      0      0      0      0      0      0      0      0      0      2      0      0      0      0      0      0      0      0      0      0      0
      0      0      0      0      0      0      0      0      0      0      0      0      0      0      0      0      0      0      0      0      0      5      1     44     26     40     38     35     87     78     59     35     71     87    137     97     84     87    109     83     78     73    106     83     52     61     71     51    117     61     56     37     18     43     24     36     15     29     20     35      9      3     10      0      4     11      0      7      0      2      0      1      0     13      3      1      3      0      0      0      0      0      0      0      0      0      0      0      0      0      0      0      0      0      0      0      0      0      0      0
      0      0      0      0      0      0      0      0      0      0      0      0      0      0      0      0      0      0      4      4      2      1     17      9     36     28     35     44     67     58     88     72     91     86    117     92     85    115    152     86    177     69    150    140     82     46    102    106     66     71     25     90     47     27     57     28     23     52     14      6      9     15     18     11     16      4      4      2      2      6      2      0      0      0      0      3      0      0      0      0     13      0      0      0      0      0      0      0      0      0      0      0      0      0      0      0      0      0      0      0
      0      0      0      0      0      0      0      0      0      0      0      0      0      0      0      0      0      0      0      6      0      1      4     19     17     53     24     52     69     74     65     76     68     88     84     96    116    166     87    139    101    113    112    104     99     68    112     56     54     63     60     19     69     47     32     44      8     12     17     26     14     12     26     11      4      5      9      5      4     12      3     14      0      0      4      1      0      0      0      0      0      0      0      0      0     10      0      0      0      0      0      0      0      0      0      0      0      0      0      0
      0      0      0      0      0      0      0      0      0      0      0      0      0      0      0      0      0      0      2      0      2      7      2      6     15     44     42     50     21     61     55     57     45    109     67    103     86    106     89    112    219    105    101     84    120     76     50     61     35     34     53     76     26     41     17     52     33     14     16     40     16     18     32      8     13     25     11      2      5      6      0      6      0      4      2      0      2      5      0      0      4      0      0      4      0      0      0      0      0      0      0      0      0      0      0      0      0      0      0      0
      0      0      0      0      0      0      0      0      0      0      0      0      0      0      0      0     11      0      3      1     13      1      9     21     10     20     12     47     46     54     73     91    106     99     49    111    136     93    128    108    103     61     87    124     99    103     79     87     65     64     44     22     30     88     71     38     16     21     15     22     55     13     10     19      1     17      8      4     11     10      0      4      2      1      0     11      0      5      0      0      0      5      0      0      0      0      0      0      0      0      0      0      0      0      0      0      0      0      0      0
      0      0      0      0      0      0      0      0      0      0      0      0      0      0      0      0      0      0      0      3      0      8      0      6     25      8     29     54     89     84    101    103     42    150    125    101     99    111    100    141     61     85    167     84     43     85    104     81     63     69     70     76     44     64     39     36     41     52     46     23      9     16     25      6     15     13      0      4      5     17      6     10     10      1      3      6      0      0      0      0      0      4      4      7      0      0      1      0      0      0      0      0      0      0      0      2      0      0      0      0
      0      0      0      0      0      0      0      0      0      0      0      0      0      0      0      0      5      0      2      0      0     15      2     14     14     27     36     44     66     46     61     43    140    144    118    113     58     68    104     68     40    118     98     65    107    114     82     72     48     77     41     51     36     61     36     36     54     29     29     23     29     19     47     32     30      4      7      0      3      0      2      8      4      3      2      8      3      0      1      0      8      0      0      0      0      0      0      0      0      0      0      0      1      0      0      0      0      0      0      0
      0      0      0      0      0      0      0      0      0      0      0      0      0      0      0      0      0      0      0      0      7      0      3      5      6     11     19     26     35     82     37     76     64     62     84     77    101     57     94     71    109    116    110    118     76     82    114     77    125    101     40     48     79     37     90     46     66     42     26     35     56     16     40     15     35     16      9      8      8      3     14     13      6      3     11      0     12      3      2      3      0      2      0      2      0      0      2      0      1      0      0      0      0      0      0      0      0      0      0      0
      0      0      0      0      0      0      0      0      0      0      0      0      0      0      0      0      1      0      0      0      0      0     18      7     13     29      2     29     28     36     83     71     64     85     86     48    134    124     89     67    121     77     89    108    102     89     90     91    114     58    119    106     68     57     48     88     62     29     40     47     31     35     24     14     12     14     11      6     11     13      6      3     17      7      3     14      0      0      0      0      0      0      8      0      4      6      0      0      3      0      0      0      2      0      4      0      0      0      0      0
      0      0      0      0      0      0      0      0      0      0      0      0      0      0      0      0      0      0      0      0      0     13      1      9     12      9      9     48     31     56     52     36     73     76     98     73    131     76    102     93    105     90    119     95    123     89     68     76     91     66     80     52     53     62     36     78     22     24     95     57     70     14     19     13     18     27     18     19     16      4      4      6      5     19     10     26      1      1      0      7     12      4      6      1      0      0      0      0      0      1     12      0      0      0      0      0      0      0      0      0
      0      0      0      0      0      0      0      0      0      0      0      0      0      0      0      0      0      0      0      0      0      8      0     11     13     18     11     18     42     27     28     52     92     85     51    104     78    118    111     49    107    104    101    120    105     93     42    151     24     94     25    128     45     56     48     66     34     72     38     10     19     51     26     17     25     28     43      5     18      6     11     12     17      1      5      0      6      5      0      0      0      9      1      0      0      0      0      0      0      0      0      0      0      0      0      0      0      0      0      0
      0      0      0      0      0      0      0      0      0      0      0      0      0      0      0      0      0      0      0      0      0      0      0      2     10      4     21     27     26     48     19     40     69    110     64     98    116     80    132     66     91     84    125    132    101    106     89     80    106     65     49     52     85     76     43     41     55     61     46     54     45     41     24     31     19     16     15      4     19     14      7      4      9      3     11      0      2      0      3      8      2      1      0      0      2      0      0      0      0      6      0      0      0      0      0      0      0      2      0      0
      0      0      0      0      0      0      0      0      0      0      0      0      0      0      0      0      0      0      0      0      0      6      0      3      6     32     27     13     14     22     44    111     34     54     58     70     83    101    107     98     88     71     97     98    152     76     44    112     58     48    129     33     84     33     49     36     71     42     38     34     28     42     27     15     14     46     12     22     15     36     16      6      4      8      3      8      2      2      9      9      1      7      0      7      0      0      0      0      0      0      0      0      0      0      0      0      0      0      0      0
      0      0      0      0      0      0      0      0      0      0      0      0      0      0      0      0      0      0      0      0      0      4      1      0      3      5     16      9     14     22     11     53     45     45     50     70     96     73     46    115     57     78     69     93     56     87     63    129    102     62     40     95     56     63     59     56     67     29     57     26     81     28     29     24     16     28     24     55     22     17     10      0     23     17      5      7      4      0      0      8      4      2      1      0      0      4      0      0      4      0      0      3      0      0      0      0      0      3      2      0
      0      0      0      0      0      0      0      0      0      0      0      0      0      0      0      0      0      0      0      0      0      0      6      2      5      1     13     11     49     46     38     20     52     75     71     58     74     40     60     65     81     93    132     72     67     90     64     51     49     47     42     65     73     54     37     63     60     36     48     35     20     40     26     43     33      6      6     25     21     10      2     25      9      3      4      5     17      4      2      3      0      3      0      0      2      0      0      1      0      1      0      0      0      0      0      0      0      0      0      0
      0      0      0      0      0      0      0      0      0      0      0      0      0      0      0      0      0      0      0      0      0      0      0      9     18     12      8      2     15     45     38     36     17     67     35     58     84     34     61     51     61    102     91     54     24     86    135     42     50     46     77     54     55     54     46     29     28     31     46     32      7     15     19     25     15     16     29     24      5     15      8      8     10      2      5      5     13      5      0      0     13      3     13      0      0      0      4      0      2      0      6      0      0      0      0      0      0      0      0      0
      0      0      0      0      0      0      0      0      0      0      0      0      0      0      0      0      0      0      0      0      0      0      0      6      3      2      5      7     10     16     22     44     74     36     39     42     52     40     61     56     76     78     61     74     83     99     46     73     47     53     36     36     82     40     29     62     43     20     47     26     41     35     71     14     30     11      3     15     21     39     19     14      5     16     19      1      0      1      4      7      0      4      0      2      0      0      1      0      2      0      0      1      0      0      5      0      0      0      0      0
      0      0      0      0      0      0      0      0      0      0      0      0      0      0      0      0      0      0      3      0      3      0      0      4      4      4      0      7      5      8      6     21     17     49     50     41     52     82     65     54     55     45     62     61     48     86     69     58     97     34     68     47    112     65     53     50     37     41     53     19     26     24      7     48     16      5     13     11      5     33     16      2     11     12      9     17      9      6      2     14      0      0     14      0      0      1     10      0      2      0      0      2      0      0      0      0      0      0      0      0
      0      0      0      0      0      0      0      0      0      0      0      0      0      0      0      0      0      0      0      0      0      0      0      0      0     10      6      8     31     26     21     40     27     38     24     36     60     53     41     41     47     46     68     49     72     45     43     55     77     35     49     24     40     82     88     28     61     17     48     43     42     22     36     29     20      5     14     26      7      5      2     18      1     16     15     11      6      1      2     12      3      0     15      0      2      0      0      0      0      0      0      0      2      0      0      0      0      0      1      0
      0      0      0      0      0      0      0      0      0      0      0      0      0      0      0      0      0      0      0      0      0      0      0      0      0      2     16     10      4     35     17     15      0     35     23     34     31     39     28     96     47     66     77     64     89     93     47     31     45     53     53     69     33     42     56     27     27     56     41     12     14     28     33     30      5      8      5      6     20      9     14      5     45      7      2     10      2      6      6      6      1      3      9      0      0      0      0     11     10      5      1      0      0      1      0      0      0      1      0      0
      0      0      0      0      0      0      0      0      0      0      0      0      0      0      0      0      0      0      1      0      0      0      0      6      0      4      1     13      4      4      7     22     10     50     24     16     40     46     54     45     54     42     59     37     64     52     59     36     42     68     21     31     23     42     27     48     56     24     80     58     87     28     27     30      5     23      5     23      7      0      6      3     18     22      6      1      0     15      7      5      8      0      0      6      0      0      0      0      0      2      0      0      0      5      1      0      3      5      0      0
      0      0      0      0      0      0      0      0      0      0      0      0      0      0      0      0      0      0      0      0      0      0      0      0      0      0      8      0     11      6     23     28     19     34     25     46     21     19     28     20     51     34     25     73     33     33     68     52     44     40     61     58     54     54     33     64     11     34     72      7     20     58     17     34     12     15     21     25     29     16     10     28      3      5     13      8      9      0      4      2      0      3      6      0      0      0      0      0      1      0      0      0      0      0      0      3      0      0      0      0
      0      0      0      0      0      0      0      0      0      0      0      0      0      0      0      0      0      0      0      0      0      9      0      0      0      0      3      2      4      7      1      3      1     25     16     17     41     14     85     28     41     50     31     24     50     38     48     54     57     55     48     56     36     31     32     50     29     14     85     20     26      3     18     10      3     11      9     14     30      6     14      8      8     25     16      4      0      1     15     14      2      2      0      2      0      0      0      0      5      7      0      0      0      1      0      0      0      0      0      0
      0      0      0      0      0      0      0      0      0      0      0      0      0      0      0      0      0      0      0      8      0      0      0      0      2      0      0      4      0     18      5      7      6     22     15     11     20     54     14     23     17     23     11     39     27     24     50     23     10     46     17     28     10     59     35     49     16     17     30     27     36     27     26     41      4      5      3     19     10      7      2     26      1     18      8      5      5      0      2      8      4      0      1      1      2     15      0      2      0      3      5      0      0      0      5      0      0      0      0      0
      0      0      0      0      0      0      0      0      0      0      0      0      0      0      0      0      0      0      0      0      0      0      0      0      0      2      0     10      2      1      6     21      6     12     17      9     13      5     26     22      6     17     23     54     32     18     26     53     33     38      7     13     38     25     63     32     29     54     36     27     15     36      9     14      8     10      3     27      4     14      1      2      2      6     15      8      0      0      1      0      3      2      0      4      0      0      0      0      2      0      0      2      0      1      7      0      0      0      0      0
      0      0      0      0      0      0      0      0      0      0      0      0      0      0      0      0      0      0      0      0      0      0      0      0      0      3      0      1      0      3      5      7     16      4     17      3      8     20     15      4      1     13     34     14     43     22     39     52     37     26     32      8     28     30     23     37     28     25     33     21      4      8      3      7     20      2      7     17      9      6     25     13      4      4     13      3     16      0      6      4     11      8      0      0      0      0     14      0      0      0      0      3      0      1      0      1      0      0      0      0
      0      0      0      0      0      0      0      0      0      0      0      0      0      0      0      0      0      0      0      0      0      0      0      0      0      4      0      2      7      0      4      3      8      6     14      0      1     11      6      4     56     41     20     14     23     19      9     65     31     21     34      8     43     46      7     22      5     20     15     20     34     11     26      6     11      2      5     27     14      6      7     20     27      2      0      0      0      4      2      0     16      2      0      6      0      1     11      3      0      0      0      0      0      0      0      0      0      0      0      0
      0      0      0      0      0      0      0      0      0      0      0      0      0      0      0      0      0      0      0      0      0      0      0      0      2      0      0      0      9      0      9     23      1      4     24      7     20      4     10     14     20     20     18     37     27     32     21     12     24     61     34     56     18     14     46      7     50     13      4     11     31      2     25     13     26     21      8     16     13      2     39      6      5      0      2      0     16      0      0      0      8      1      4      4      0      1      1      0     10      1      8      0      0      0      4      0      0      0      1      0
      0      0      0      0      0      0      0      0      0      0      0      0      0      0      0      0      0      0      0      0      0      0      0      0      0      0      0      0      3      0     10      0      0      5      4      1      6     17      2     18     13     25      1     11     16     22     27      6     27     48      9      2      6      9     19      5     12     25     13     28      4     16      1     11      7      7     14      5     13      0      3     19      3      3      5      0      1      0      2      3      3      9      1      1      0      5      2      9      0      0      0      1      2      2      0      0      0      0      0      0
      0      0      0      0      0      0      0      0      0      0      0      0      0      0      0      0      0      0      0      0      0      0      0      3      0      0      3      0      0      0      6      6      0      9      8      6     15      0      1     23     14     11      7      2      7     34     47     44     18     23     26     58      8      6      7     22     13     12     14     20     66     16     16      9      5      9      6      6      4      2      6      4     10     23      9      0      3     10      2      0      3      0      1      1      5      0      0      8      0      0      1      1      3      0      0      0      0      0      5      0
      0      0      0      0      0      0      0      0      0      0      0      0      0      0      0      0      0      0      0      0      0      0      0      0      0      0      0      1      0      0      0      3      2      0     10      6      2      1     18     18      9     40     29      6     32     26     11     11     25     17     30     40     11     12     37     13     10      7      8      4     11      8      1      2      0     18      5      2     19      9      7     40      6      2     11      3     13      0      5      0      2      0      0      9      4      0     10      2      1      0      1      5      0      0      0      0      0      0      0      0
      0      0      0      0      0      0      0      0      0      0      0      0      0      0      0      0      0      0      0      0      0      0      0      0      0      0      0      0      0      3      4     13      4      0      9      0     21     11     10      0      8      9      0      8     12      1     22     15     21     16     31     17     21      8     16      2      8      6     19     14      3     23     27      8      1     10      6      0     10      4      0      5      0      0      0      5      3      3      2      5      1      0      6     20      2      0     10      2      0      0      0      0      0      0      0      1      0      0      0      0
      0      0      0      0      0      0      0      0      0      0      0      0      0      0      0      0      0      0      0      0      0      0      0      0      0      0      7      0      4      0      9      0      0      0      6      9      6      2      5      1      6      7      1     16      0      0      0     11     25      9      5     40     14     27     13     11      9      2      6      4     10      5      9      2      6     26      6     11      5      3      0      2      0      0      2      0      0      0      0      1      2      0      0      1      0      2      0      0      0      0      0      0      0      1      0      0      0      0      3      0
      0      0      0      0      0      0      0      0      0      0      0      0      0      0      0      0      0      0      0      0      0      0      1      0      0      0      0      0      0      0      1      0      0      8     11      0      2      2      0     18      7     10      6      7      6     17      8      5      8     10     24      6     10      3      3      5     11     14     13     24     20     17     10      4      4      0     17     10      2      7      2      1      3     13      4      0     15      4      1      0      1      0      0      0      0      0      8      0      0      0      0      0      0      0      0      0      0      0      2      0
      0      0      0      0      0      0      0      0      0      0      0      0      0      0      0      0      0      0      0      0      0      0      0      0      0      0      0      0      0      0      0      0      2      0      0      4      0      0      0      7      0      4     10      3     19     21      4     19     12     13     13      0      7     10      2     11     43     20     10     18      7      3     19      3      7      0     25      2      3      2      0     16      3      5      0      0      0      0      6      0      7      0      0      0      2      0      0      0      0      1      0      0      9      0      1      0      0      2      0      0
      0      0      0      0      0      0      0      0      0      0      0      0      0      0      0      0      0      0      0      0      0      0      0      0      1      0      0      0      0      0      0      0      2      0      0      9      0      1      0      2      0      7      5      3     20     10      9     46      7     26      1      3      4     15     21     13      6      6     13     28      2      9     13      8     12      2      1      8      1      9     10      0      0      9      0      1      7      2      0      4      0      6      0      0      0      0      0      0      0      1      0      0      0      0      0      0      0      0      0      0
      0      0      0      0      0      0      0      0      0      0      0      0      0      0      0      0      0      0      0      0      0      0      0      0      0      0      0      0      0      0      0      0      0      0      0      0      1      0      0      0      0      1      2     36      2      2      7      1      3      0      6      4      5      2     15      0      5      0      6      4      3     11      0      0      3      4      3      1      1      0      4      0      7      5      0      0      2     11      0      0      0      4      2      0      3      0      1      4      0      0      0      0      0      0      0      0      0      0      0      0
      0      0      0      0      0      0      0      0      0      0      0      0      0      0      0      0      0      0      0      0      0      0      0      0      0      0      0      0      0      0      0      0      0      0     12      8      0     15      6      3      0      5      1      1      9      5      0      6      5      6      4      0      0      1      1      0      4      1      0      0      0      6      2      0      0      8      0      2      7      0     15      0      1      3      3      1      5      3      0      7      0      0      0      0      0      0     24      0      0      0      4      0      0      0      0      0      0      0      0      0
      0      0      0      0      0      0      0      0      0      0      0      0      0      0      0      0      0      0      0      0      0      0      0      0      0      0      0      0      0      0      1      0      0      0      0     14      0      0      0      0      0     26      4      0      0      0      0      1      0      0      4     13     13      0      1      6      2      6      1      5     20      2      3      3     10      0     11      0      0     10      2      0      9      5      5      0      0      3      0      0      9      0      0      0      2      0      2      0      0      0      0      0      0      0      0      0      0      0      0      0
      0      0      0      0      0      0      0      0      0      0      0      0      0      0      0      0      0      0      0      0      0      0      0      0      0      0      0      0      0      0      0      0      0      0      0      0      0      1      0      0      0      0      0      3      0     12      2     13      4      0      0     14      2      6      2      2      1      8     10      1      5      4      0      3      7      1      2      0      0      6      0     14     21      2      2      7      0      0      0      0      3      0      0      0      0      0      3      0      1      0      0      1      2      0      0      0      0      0      0      0
      0      0      0      0      0      0      0      0      0      0      0      0      0      0      0      0      0      0      0      0      0      0      0      0      0      0      0      0      0      0      0      0      0      0      0      0      0      0      0      0      1      1     12      5      3      5      2      2      6      0     12      0      1      6      0      1      8      0      0      0      2      8      0      0      5      0      0      4      2      7      6      0      0      0      0     10      0      5      0      0      0      0      0      0      0      1      0      0      0      1      0      0      0      0      1      0      0      1      0      0
      0      0      0      0      0      0      0      0      0      0      0      0      0      0      0      0      0      0      0      0      0      0      0      0      0      0      0      0      0      0      0      0      0      0      0      0      0      0      0      0      0      0     30      0      0      0      0      2      5      0      1      0      0      0      1      0      0      0      0      0      2      2      0      3      5      9      0      0     12      0      0      0      0      0      0      0      5      0      7      0      0      0      0      0      0      0      1     10      0      0      0      3      2      0      0      0      0      0      0      0
      0      0      0      0      0      0      0      0      0      0      0      0      0      0      0      0      0      0      0      0      0      0      0      0      0      0      0      0      0      0      0      0      0      0      0      0      0      0      0      0      0      1      0      0      0      0      0     14      0      0      0      0      1      0      1      8      0      0      8      1      7      1      6      2      0      0      0      0      3      0      0      0     10     19     10      0      0      0      0      0      0      0      0      0      0      0      0      0      0      0      0      1      5      0      0      0      3      0      0      0
      0      0      0      0      0      0      0      0      0      0      0      0      0      0      0      0      0      0      0      0      0      0      0      0      0      0      0      0      0      0      0      0      0      0      0      0      0      0      2     10      0      0      0      0      0      1      0      3      0      1      3      0      5      0      4     21     13      5      5      0      0      0      0      0      0      3      3      1      0      5      2      0      0      0      0      0      0      0      0      6      8      0      0      0      0      0      1      1      0      0      0      0      0      1      0      0      0      1      0      0
      0      0      0      0      0      0      0      0      0      0      0      0      0      0      0      0      0      0      0      0      0      0      0      0      0      0      0      0      0      0      0      0      0      0      0      0      0      0      0      0      0      1      7      0      0      0      0      0      0      0      0      0      0      3      0      1      4      0      5      0      0      0      1      0      0      0      0      4      2      0      0      0      0      0      0      0      1      0      0      0      0      1      0      0      0      0      0      0      0      0      0      0      0      0      4      0      0      0      1      0
      0      0      0      0      0      0      0      0      0      0      0      0      0      0      0      0      0      0      0      0      0      0      0      0      0      0      0      0      0      0      0      0      0      0      1      0      0      0      0      0      0      0      0      0      1      0      1      0      0      0      0      0      0      0      0      0      0      0      0      4      0      7      0      4      0      0      0      7      0      0      6      0      1      0      0      0      0      0      3      0      0      0      3      0      0      0      0      0      0      0      0      0      0      0      0      0      0      0      0      0
      0      0      0      0      0      0      0      0      0      0      0      0      0      0      0      0      0      0      0      0      0      0      0      0      0      0      0      0      0      0      0      0      0      0      0      0      0      0      0      0      0      2      0      4      0      0      0      0      0      0      0      0      0      2      2      0      0      0      0      0      0      5      0      0      0      0      0      0      0      0      0      2      0      0      2      0      0      0      0      0      0      0      5      0      0      0      0      0      0      0      0      0      0      0      0      0      0      0      0      0
      0      0      0      0      0      0      0      0      0      0      0      0      0      0      0      0      0      0      0      0      0      0      0      0      0      0      0      0      0      0      0      0      0      0      0      0      0      0      0      0      0      0      0      0      0      2      0      0      0      0      2      0      0      0      0      0      0      0      0      0      0      7      0      0      1      0      0      0      0      1      0      0      2      0      2      1      0      0      0      0      0      2      0      0      0      0      0      0      0      1      0      0      0      0      0      0      0      0      0      0
      0      0      0      0      0      0      0      0      0      0      0      0      0      0      0      0      0      0      0      0      0      0      0      0      0      0      0      0      0      0      0      0      2      0      0      0      0      0      0      0      0      0      0      0      0      1      5      0      0      0      0      0      0      0      0      0      9      0      0      0      0      0      0      0      0      3      4      0      0      0      1      1      0      0      4      0      0      0      0      0      6      0      0      0      0      0      0      0      0      0      0      0      0      0      0      0      0      0      0      0
      0      0      0      0      0      0      0      0      0      0      0      0      0      0      0      0      0      0      0      0      0      0      0      0      0      0      0      0      0      0      0      0      0      0      0      0      0      0      0      0      0      0      0      0      0      0      0      0      0      0      0      0      7      0      0      0      0      0      0      8      0      0      0      2      0      0      0      5      0      0      0      0      0      0      0      0      0      8      0      0      0      0      0      0      0      0      0      0      0      2      0      0      0      0      0      0      0      0      0      0
      0      0      0      0      0      0      0      0      0      0      0      0      0      0      0      0      0      0      0      0      0      0      0      0      0      0      0      0      0      0      0      2      0      0      0      0      2      0      0      0      0      0      0      0      0      0      0      0      0      0      0      0      0      1      0      3      0      0      0      0      0      0      0      0      0      0      0      0      0      0      0      4      0      0      0      0      0      0      0      0      0      0      7      0      0      0      0      0      0      0      0      0      0      0      0      0      0      0      0      0
      0      0      0      0      0      0      0      0      0      0      0      0      0      0      0      0      0      0      0      0      0      0      0      0      0      0      0      0      0      0      0      0      0      0      3      0      0      0      0      0      0      0      0      0      0      0      0      0      0      0      0      0      1      0      0      0      0      0      0      0      0      0      2      0      0      1      0      0      0      3      0      0      0      0      2      0      0      0      0      0      0      0      0      0      0      0      0     11      0      0      0      0      0      0      0      0      0      0      0      0
      0      0      0      0      0      0      0      0      0      0      0      0      0      0      0      0      0      0      0      0      0      0      0      0      0      0      0      0      0      0      0      0      0      0      0      0      0      0      0      0      0      0      0      0      0      0      0      0      0      0      0      0      0      0      0      0      0      0      0      0      0      0      0      0      0      0      0      0      0      0      0      3      0      0      0      0      0      0      0      0      2      0      0      1      0      0      0      0      0      0      0      0      0      0      0      0      0      0      0      0
      0      0      0      0      0      0      0      0      0      0      0      0      0      0      0      0      0      0      0      0      0      0      0      0      0      0      0      0      0      0      0      0      0      0      0      0      0      0      0      0      0      0      0      0      0      0      0      0      0      0      0      0      0      0      0      0      0      0      0      1      0      0      0      0      0      0      9      0      0      0      0      4      0      0      0      0      0      0      0      0      0      0      0      0      0      0      0      0      0      0      0      0      0      0      1      0      0      0      0      0
      0      0      0      0      0      0      0      0      0      0      0      0      0      0      0      0      0      0      0      0      0      0      0      0      0      0      0      0      0      0      0      0      0      0      0      0      0      0      0      0      0      0      0      0      0      0      0      0      0      0      0      0      0      0      0      0      0      0      0      0      0      0      0      0      0      0      0      0      0      0      0      0      0      0      0      0      0      0      0      0      0      0      0      0      0      0      0      0      0      0      0      0      0      0      0      0      0      0      0      0
      0      0      0      0      0      0      0      0      0      0      0      0      0      0      0      0      0      0      0      0      0      0      0      0      0      0      0      0      0      0      0      0      0      0      0      0      0      0      0      0      0      0      0      0      5      0      1      0      0      0      0      0      0      0      0      0      0      0      0      0      0      0      0      0      0      1      0      0      0      0      0      0      0      0      0      0      0      0      0      0      0      0      0      0      0      0      0      0      0      0      0      0      0      0      0      0      0      0      0      0
      0      0      0      0      0      0      0      0      0      0      0      0      0      0      0      0      0      0      0      0      0      0      0      0      0      0      0      0      0      0      0      0      0      0      0      0      0      0      0      0      0      0      0      0      0      0      0      0      0      0      0      0      0      0      0      0      0      0      0      0      0      0      0      0      0      1      0      0      0      0      0      0      0      0      0      0      0      0      8      0      0      0     13      0      0      1      0      0      0      0      0      0      0      0      0      0      0      0      0      0
      0      0      0      0      0      0      0      0      0      0      0      0      0      0      0      0      0      0      0      0      0      0      0      0      0      0      0      0      0      0      0      0      0      0      0      0      0      0      0      0      0      0      0      0      0      0      0      0      0      0      0      0      0      0      0      0      0      0      0      0      0      0      0      0      0      0      0      0      0      1      0      0      0      0      0      0      0      0      0      0      0      0      0      0      0      0      0      0      5      0      0      0      0      0      0      0      0      0      0      0
      0      0      0      0      0      0      0      0      0      0      0      0      0      0      0      0      0      0      0      0      0      0      0      0      0      0      0      0      0      0      0      0      0      0      0      0      0      0      0      0      0      0      0      0      0      0      0      0      0      0      0      0      0      0      0      0      0      0      0      0      0      0      0      0      0      0      0      0      0      0      0      0      0      0      0      0      0      0      0      0      0      0      0      0      0      0      0      0      0      0      0      0      0      0      0      0      0      0      0      0
      0      0      0      0      0      0      0      0      0      0      0      0      0      0      0      0      0      0      0      0      0      0      0      0      0      0      0      0      0      0      0      0      0      0      0      0      0      0      0      0      0      0      0      0      0      0      0      0      0      0      0      0      0      0      0      0      0      0      0      0      0      0      0      0      0      0      0      0      0      0      0      0      0      0      0      0      0      0      0      0      0      0      0      0      0      0      0      0      0      0      0      0      0      0      0      0      0      0      0      0
