\ 
\ Covariance Function Histogram Table
\ 
\ X Parameter: A Priori Eclipse Prob
\ X Abbrev   : PSG
\ X Units    : none
\ X Items    : 100         
\ 
\ Y Parameter: Mass Ratio
\ Y Abbrev   : Mp/M*
\ Y Units    : none
\ Y Items    : 100         
\ 
|col000|col001|col002|col003|col004|col005|col006|col007|col008|col009|col010|col011|col012|col013|col014|col015|col016|col017|col018|col019|col020|col021|col022|col023|col024|col025|col026|col027|col028|col029|col030|col031|col032|col033|col034|col035|col036|col037|col038|col039|col040|col041|col042|col043|col044|col045|col046|col047|col048|col049|col050|col051|col052|col053|col054|col055|col056|col057|col058|col059|col060|col061|col062|col063|col064|col065|col066|col067|col068|col069|col070|col071|col072|col073|col074|col075|col076|col077|col078|col079|col080|col081|col082|col083|col084|col085|col086|col087|col088|col089|col090|col091|col092|col093|col094|col095|col096|col097|col098|col099|
|int   |int   |int   |int   |int   |int   |int   |int   |int   |int   |int   |int   |int   |int   |int   |int   |int   |int   |int   |int   |int   |int   |int   |int   |int   |int   |int   |int   |int   |int   |int   |int   |int   |int   |int   |int   |int   |int   |int   |int   |int   |int   |int   |int   |int   |int   |int   |int   |int   |int   |int   |int   |int   |int   |int   |int   |int   |int   |int   |int   |int   |int   |int   |int   |int   |int   |int   |int   |int   |int   |int   |int   |int   |int   |int   |int   |int   |int   |int   |int   |int   |int   |int   |int   |int   |int   |int   |int   |int   |int   |int   |int   |int   |int   |int   |int   |int   |int   |int   |int   |
      0      0      0      0      0      0      0      0      0      0      0      0      0      0      0      0      0      0      0      0      0      0      0      0      0      0      0      0      0      0      0      0      0      0      0      0      0      0      0      0      0      0      0      0      0      0      0      0      0      0      0      0      0      0      0      0      0      0      0      0      0      0      0      0      0      0      0      0      0      0      0      0      0      0      0      0      0      0      0      0      0      0      0      0      0      0      0      0      0      0      0      0      0      0      0      0      0      0      0      0
      0      0      0      0      0      0      0      0      0      0      0      0      0      0      0      0      0      0      0      0      0      0      0      0      0      0      0      0      0      0      0      0      0      0      0      0      0      0      0      0      0      0      0      0      0      0      0      0      0      0      0      0      0      0      0      0      0      0      0      0      0      0      0      0      0      0      0      0      0      0      0      0      0      0      0      0      0      0      0      0      0      0      0      0      0      0      0      0      0      0      0      0      0      0      0      0      0      0      0      0
      0      0      0      0      0      0      0      0      0      0      0      0      0      0      0      0      0      0      0      0      0      0      0      0      0      0      0      0      0      0      0      0      0      0      0      0      0      0      0      0      0      0      0      0      0      0      0      0      0      0      0      0      0      0      0      0      0      0      0      0      0      0      0      0      0      0      0      0      0      0      0      0      0      0      0      0      0      0      0      0      0      0      0      0      0      0      0      0      0      0      0      0      0      0      0      0      0      0      0      0
      0      0      0      0      0      0      0      0      0      0      0      0      0      0      0      0      0      0      0      0      0      0      0      0      0      0      0      0      0      0      0      0      0      0      0      0      0      0      0      0      0      0      0      0      0      0      0      0      0      0      0      0      0      0      0      0      0      0      0      0      0      0      0      0      0      0      0      0      0      0      0      0      0      0      0      0      0      0      0      0      0      0      0      0      0      0      0      0      0      0      0      0      0      0      0      0      0      0      0      0
      0      0      0      0      0      0      0      0      0      0      0      0      0      0      0      0      0      0      0      0      0      0      0      0      0      0      0      0      0      0      0      0      0      0      0      0      0      0      0      0      0      0      0      0      0      0      0      0      0      0      0      0      0      0      0      0      0      0      0      0      0      0      0      0      0      0      0      0      0      0      0      0      0      0      0      0      0      0      0      0      0      0      0      0      0      0      0      0      0      0      0      0      0      0      0      0      0      0      0      0
      0      0      0      0      0      0      0      0      0      0      0      0      0      0      0      0      0      0      0      0      0      0      0      0      0      0      0      0      0      0      0      0      0      0      0      0      0      0      0      0      0      0      0      0      0      0      0      0      0      0      0      0      0      0      0      0      0      0      0      0      0      0      0      0      0      0      0      0      0      0      0      0      0      0      0      0      0      0      0      0      0      0      0      0      0      0      0      0      0      0      0      0      0      0      0      0      0      0      0      0
      0      0      0      0      0      0      0      0      0      0      0      0      0      0      0      0      0      0      0      0      0      0      0      0      0      0      0      0      0      0      0      0      0      0      0      0      0      0      0      0      0      0      0      0      0      0      0      0      0      0      0      0      0      0      0      0      0      0      0      0      0      1      0      0      0      0      0      0      0      0      0      0      0      0      0      0      0      0      0      0      0      0      0      0      0      0      0      0      0      0      0      0      0      0      0      0      0      0      0      0
      0      0      0      0      0      0      0      0      0      0      0      0      0      0      0      0      0      0      0      0      0      0      0      0      0      0      0      0      0      0      0      0      0      0      0      0      0      0      0      0      0      0      0      0      0      0      0      0      0      0      0      0      0      0      0      0      0      0      0      0      0      0      0      0      0      0      0      0      0      0      0      0      0      0      0      0      0      0      0      0      0      0      0      0      0      0      0      0      0      0      0      0      0      0      0      0      0      0      0      0
      0      0      0      0      0      0      0      0      0      0      0      0      0      0      0      0      0      0      0      0      0      0      0      0      0      0      0      0      0      0      0      0      0      0      0      0      0      0      0      0      0      0      0      0      0      0      0      0      0      0      0      0      0      0      0      0      0      0      0      0      0      0      0      0      0      0      0      0      0      0      0      0      0      0      0      0      0      0      0      0      0      0      0      0      0      0      0      0      0      0      0      0      0      0      0      0      0      0      0      0
      0      0      0      0      0      0      0      0      0      0      0      0      0      0      0      0      0      0      0      0      0      0      0      0      0      0      0      0      0      0      0      0      0      0      0      0      0      0      0      0      0      0      0      0      0      0      0      0      0      0      0      0      0      0      0      0      0      2      0      0      1      0      0      0      0      0      0      0      0      0      0      0      0      0      0      0      0      0      0      0      0      0      0      0      0      0      0      0      0      0      0      0      0      0      0      0      0      0      0      0
      0      0      0      0      0      0      0      0      0      0      0      0      0      0      0      0      0      0      0      0      0      0      0      0      0      0      0      0      0      0      0      0      0      0      0      0      0      0      0      0      0      0      0      0      0      0      0      0      0      0      0      0      0      0      0      0      0      0      0      0      0      0      0      0      0      0      0      0      0      0      0      0      0      0      0      0      0      0      0      0      0      0      0      0      0      0      0      0      0      0      0      0      0      0      0      0      0      0      0      0
      0      0      0      0      0      0      0      0      0      0      0      0      0      0      0      0      0      0      0      0      0      0      0      0      0      0      0      0      0      0      0      0      0      0      0      0      0      0      0      0      0      0      0      0      0      0      0      0      0      0      0      0      0      0      0      0      0      0      0      0      0      0      0      0      0      0      1      0      0      0      0      0      0      0      0      0      0      0      0      0      0      0      0      0      0      0      0      0      0      0      0      0      0      0      0      0      0      0      0      0
      0      0      0      0      0      0      0      0      0      0      0      0      0      0      0      0      0      0      0      0      0      0      0      0      0      0      0      0      0      0      0      0      0      0      0      0      0      0      0      0      0      0      0      0      0      0      0      0      0      0      0      0      0      0      0      0      0      7      2      0     10      0      0      0      0      0      2      0      0      0      0      0      0      0      0      0      0      0      0      0      0      0      0      0      0      5      0      0      0      0      0      0      0      0      0      0      0      0      0      0
      0      0      0      0      0      0      0      0      0      0      0      0      0      0      0      0      0      0      0      0      0      0      0      0      0      0      0      0      0      0      0      0      0      0      0      0      0      0      0      0      0      0      0      0      0      0      0      0      9      0      0      0      0      2      3      0      0      0      8      0      0      0      0      0      0      0      0      0      0      0      0      0      0      0      0      0      0      0      0      0      0      0      0      0      0      0      0      0      0      0      0      0      0      0      0      0      0      0      0      0
      0      0      0      0      0      0      0      0      0      0      0      0      0      0      0      0      0      0      0      0      0      0      0      0      0      0      0      0      0      0      0      0      0      0      0      0      0      0      0      0      0      0      0      0      0      3     13      8      0      1      0      0      0      0      0      0      6      0      0      1      2      0      0      0      1      0      0      3      0      0      5      0      0      0      0      0      0      0      0      0      0      4      0      0      0      0      0      1      0      0      0      0      0      0      5      0      0      0      0      0
      0      0      0      0      0      0      0      0      0      0      0      0      0      0      0      0      0      0      0      0      0      0      0      0      0      0      0      0      0      0      0      0      0      0      0      0      0      0      1      9      0      0      0      0      0      0      0      0      0      0      2      0      0      0      0      0      4      0     13      2      0      0      0      0      7      2      0      1      0      0      0      0      0      0      0      3      0      0      0      0      0      2      0      0      0      0      0      0      6      0      2      0      0      0      0      0      0      0      0      0
      0      0      0      0      0      0      0      0      0      0      0      0      0      0      0      0      0      0      0      0      0      0      0      0      0      0      0      0      0      0      0      0      0      0      0      0      0      0      0      0      0      2      0      0      0      4     14      0      4      0      0      0      1      1      0      8      0      3      1      1      2      0      0      0      2      0      3      0      0      0      0      0      0      0      4      0      0      0      0      0      0      0      0      0      0      0      0      0      0      0      0      0      0      0      0      0      0      0      0      0
      0      0      0      0      0      0      0      0      0      0      0      0      0      0      0      0      0      0      0      0      0      0      0      0      0      0      0      0      0      1      0      0      1      0      0      0      4      0      0      0      4      0      0      5      0      0      0      1      4      0     12      0     12      0      0      5      1     13     13      0      0      0      1      1      4      2      0      0      0      0      0      2      6      6     15      0      0      0      0      0      4      0      0      0      0      0      0      0      1      0      0      0      0      0      0      0      7      0      0      0
      0      0      0      0      0      0      0      0      0      0      0      0      0      0      0      0      0      0      0      0      0      0      0      0      0      0      0      0      0      0      0      0      0      0      0      0      1      0      0      0      0      4      6      0     11      0      5     15      3      0      1      0      0      0      0      2      0      0      0      0      9      0      0      1      3      4      0      9     11      2      0      0      2      5      0      0      3      0      3      0      0      0      0      0      0      0      0      0      0      0      0      0      6      0      1      0      0      0      0      0
      0      0      0      0      0      0      0      0      0      0      0      0      0      0      0      0      0      0      0      0      0      0      0      0      0      0      0      0      0      0      1      0      0      0      4      0      0      2      0      4      0      0      4      4      0      3      0      0      5     16      0      1      0      4      0      0      1      1      7      0      0      1      0      3      6      3      4      8      6      3      2      4      5      0      0      0      5      0      7      0      0      0      4      0      2      3      0      0      0      0      0      0      0      0      0      0      0      0      0      0
      0      0      0      0      0      0      0      0      0      0      0      0      0      0      0      0      0      0      0      0      0      0      0      0      0      0      0      0      0      0      0      0      0      0      0      1      0      1      0      0      5      0      6      0      0      0      6      0      2      4      1      1      0      3      1     15     10     10      6      0     15      2      0      1      0      0      5      2      1      0      4      2      4      5      0      2      0      0      0      0      0      0      0      0      0      0      0      0      0      1      0      0      0      0      0      0      0      0      0      0
      0      0      0      0      0      0      0      0      0      0      0      0      0      0      0      0      0      0      0      0      0      0      0      0      0      0      0      0      0      0      0      9      0      0      4      0      0      0      3      0      0      1      6      3      3      2      7      5     10     16      5     13      4      7      0      2      0      3      0     18     14      2      7      9      3      7      0     20      6     16      6      8     12      5      1      8      0      0      3      0      0      0      0      4      0      0      0      0      0      0      0      0      0      3      0      0      6      5      0      0
      0      0      0      0      0      0      0      0      0      0      0      0      0      0      0      0      0      0      0      0      0      0      0      0      0      0      0      0      0      0      0      2      3      1      8      5      0      0      5      0      1      1      0     14      1      6     12      4      2     15     17      1     20     15     10     12      3     12      3      1      4      0     11      0      1      0      8     18      0      9      1      0     18      6      0      0      4      0      0      0      9      0      0      0      0      1     10      0      0      0      0      0      0      0      0      0      0      0      0      0
      0      0      0      0      0      0      0      0      0      0      0      0      0      0      0      0      0      0      0      0      0      0      0      0      0      0      0      0      0      0      0      0      7      3      0      0      1      3     15      1      0      5     10      5     11      1      4      8     10     22      4      9      7      8     14      5      5     15      4      5     13      2      3     13      6     13     17     11      0     11      1      0     10      5     17      3      0     12      0      7      9      7      0      4      0      3      0      0      0      0      0      0      0      0      0      0      0      0      0      0
      0      0      0      0      0      0      0      0      0      0      0      0      0      0      0      0      0      0      0      0      0      0      0      0      0      0      0      3      0      0      0      0      0      0      0      4      0      5      5      3      0      6      0     12     11      5     23     15      1      9     19     12     14     10      3     15      7     30     10     17      2      7     17      4      8     15     12      8      6      0      1      0      8      5      9      2      0      0     12      6      5      4      3      0      0      1      0      2      0     10      1      0      0      0      0      0      0      0      0      0
      0      0      0      0      0      0      0      0      0      0      0      0      0      0      0      0      0      0      0      0      1      0      0      0      0      0      0      0      0      0      0      8      0      5      3      2     10     11      3      9     10      4      5     19      5      6     25      5      8      8     13      3     15     14     32      4      6     15     34      2     32     25     12      0     17     12      5     10      8      9      0     10      2      6     16      7     10      6      5      8      4      8      6      0      3      0      1      7      0      0      4      0      0      0      0      7      0      0      0      0
      0      0      0      0      0      0      0      0      0      0      0      0      0      0      0      0      0      0      0      0      4      0      0      0      0      0      2      0      0      0      1      0      6      6      2      9      2      1      2     10     11      4      9     24     44     13     16     31     34     21     14     21     15     18      7     43     20     24     27     28     20     15      1     17      1      9      6      8      9      4      0      5     28      4      0      5      0      1      0      0      0      0      0      0      0      0      0      2      1      0      0      0      0      0      0      0      0      0      0      0
      0      0      0      0      0      0      0      0      0      0      0      0      0      0      0      0      0      0      0      0      5      0      0      0      2      0      4      2     12      2      0      1      1      9      2      3      0      4      4      2      3      6     22     27     11     13     31     19      8     37     36     21     17     15     14     52     28     58     42     10     28      7     48     36     31     25      9      3      4      7      5     21      5     13      9      1      0      1      3      9      0     18      0      0      0      0      3      0      0      0      3      0      0      0      0      0      0      0      0      0
      0      0      0      0      0      0      0      0      0      0      0      0      0      0      0      0      0      0      0      0      0      0      0      0      0      3      0      4      0      1      0      4      0     10     23     11      4      4      6     16     12     10      9     19      9     12     18     49     13     44     26      6      8     23     53     20     32     41     22     23     18     17     22     13     25     27     10      2      9     12     30      6     39      2      8      0      1      2      1      0     13      1      0      3      1      1      0      2      0      1      2      1      0      0      0      0      0      9      0      0
      0      0      0      0      0      0      0      0      0      0      0      0      0      0      0      0      0      0      0      0      0      0      0      0      4      0     10     25     10      7     10      0      5     16      3      5      7     22      1      5     16     15     21     25     15     18     22     15     31     16     35     31     45     37     12     17      4     46     21     14     25     36     46      7     18     28      5      6      9      8      4     14     32     17     14     23     13      6      7     16      3      6     11      0      3      3      1      0      0      4      0      0      3      0      0      0      0      0      0      0
      0      0      0      0      0      0      0      0      0      0      0      0      0      0      0      0      0      0      0      0      2      0      6      0      0      0      7     13      3      7      0     14      1      9     14      0     12     26     27     12     26     38     19      8     24     22     44     16     50     29     18     55     11     54     64     32     40     10     47     17     40     25     23     36     14     17     34      6     25     14     12      1     15      4     10      1     22      9      0      0      0      6      1      1      2      1      0      6      0      1      0      0      0      0      0      0      0      0      0      0
      0      0      0      0      0      0      0      0      0      0      0      0      0      0      0      0      0      0      0      0      2      0      0      2      1      6      8      0      6      0     15     11     11      5     18     11     12     26     35      7     36     15     23     25     20      4     20     62     26     24     25     30     24     15     38     61     27     47     37     14     22     15     43     39     27     19     30      6     25     24     12      1      1     24      3     20     23      0      3      0      0      4      0      7      4      0      0      0      0      0      0      0      0      0      0      0      0      1      0      0
      0      0      0      0      0      0      0      0      0      0      0      0      0      0      0      0      0      0      0      0      0      0      0      0      0     30      6      5      4      4      3      4     19     16      1     22      9     16     31     18     56     17     29     58     20     16     33     38     74     45     52     19     54     48     50     27     65     15     35     20     30     52     67     15     14     28     11     41     12     11     24      6     14     47     11      1      5      8      3      3     23      2      4      2      0      0      0      0      0      0      0      0      0      0      0      0      0      0      0      0
      0      0      0      0      0      0      0      0      0      0      0      0      0      0      0      0      0      1      0      0      0      3      1      0      4     11      1     12     20      7      0      8     38     24      6     10     29     13     56     35     55     32     32     23     38     45     55     23     57     46     58     57     46    114     37     11     57     16     30     18     24     35     30     46     35     36     24     57     15     13     21      4     29     11      2     10      9      8      6      8      3     17      5      3      5      1      0      0      0      0      0      0      0      0      0      0      0      0      0      0
      0      0      0      0      0      0      0      0      0      0      0      0      0      0      0      0      0      0      0      0      0      0      4     16      0      3      6     25     18     13     24     28     12     26     21     12     11     44     29     49     28     51     48     40     44     50     37     83     61     32    117     51     63     77     95     79     64     27     49     51     49     43     24     77     60     17     28      5     18     24      0     10      2     10     10      2      5      0      0     13      0      8      6      0     12      2      4      4      0      0      0      0      0      0      0      0      0      0      0      0
      0      0      0      0      0      0      0      0      0      0      0      0      0      3      0      0      0      0      1      9      2      0      1      3      1     14     17      8      5      8     10      6     15     24      7     51      9     40     26     31     39     38      8     43     70     53     52     93     70     81     59     72     71     47     55     53     46     26     48     51     29    114     31     23     48     15      8     21     22     36     47     17     22      6      3     21      0     17     17     10      0      2      1      1      0      0      2      8      2      0      0      0      6      0      0      0      0      0      0      0
      0      0      0      0      0      0      0      0      0      0      0      0      0      0      0      0      0      0      1      2      0      4      8      2      9     21     22      7     11     17     19     17     15     30     25     18     43     44     26     46     49     40     58     30     52     35     74     47     80     47     67    113     91     92     54     50    130     88     51     17     39     42     34     58     72     42     29     53      8     15     17     36     18     15      6      2     17      0      0      1      0      6      1      3      6      6     20      1      0      0      0      3      0     10      0      0      0      0      0      0
      0      0      0      0      0      0      0      0      0      0      0      0      0      0      0      2      3      0      1      1      0      3      1      0      1      7     21     16     11      4     14     20     31     27     31     40     32     30     51      6     40     22     78     67    106     46     70     81     76     79     54     74     69     29     79     65     52     62     59    100     13     63     42     29     17     17     10     28     26     51     16     12     10     17      1     19      2      9      2     11      3     14      1      0      0      0      0      0      0      0      0      0      0      0      0      0      0      1      0      0
      0      0      0      0      0      0      0      0      0      0      0      0      0      0      0      0      0      7      0      1      3      0      6      7      9      0      0     11      4      9     33     20     43     26     48     33     39     62     77     40     67     50     50     55     84     88    117    110     82    107     50     86     86     65     61     88     34     60     55     71     39     46     34     41     74     40     33     30     37     18     11     11     19     13     17      9      3      0      7     17      6      4      1      0      3      0      0      9      0      1      0      0      0      0      0      0      4      0      0      0
      0      0      0      0      0      0      0      0      0      0      0      0      0      0      0      0      0      1      0      4      0      0      7      2      5     25     12      1     21     13     18      5     25     28     43     58     25     37     71     68     45     65     71     94     60     46     80    109     84    114     57     69    104     72     71     50     74    106     69     53     34     67     87     25     22     26     27     27     30     35     39     11     12     20     20      4      4      0      5      3      2      0      5      6      5      0      0      2      0      0      0      0      0      0      0      0      0      0      0      0
      0      0      0      0      0      0      0      0      0      0      0      0      0      0      0      0      0      0      2      1      0     11      6     20      0      1      6     19     29      4      5     25     36     34     57     38     44     51     45     80     46     94     45     61     57     71     71     65     47     58    172     81    103     53     56     60     56     60     56     44     59     42     45     37     24     20     38     33     19     25      8     15     16      9     11     17     14      3      3      1      4      0     16      6      0      1      0      0      0      0      0      0      0      0      0      0      0      0      0      0
      0      0      0      0      0      0      0      0      0      0      0      5      0      6      0      0      0      0      3      1      0      4      0      9     15      7     19     17     10     19     52     17     27     28     71     21     65     47     78     36     62     46    105     91    115     83     91     62     76    107     81    170    101    128     79     46     69     76     82     36     49     20     30     66     53     22     72     38      8     30     13      9      4      0      5      7     16     16      2      5      1      0      3     27      1      4      0      0      4      0      0      0      4      0      0      0      0      0      0      0
      0      0      0      0      0      0      0      0      0      0      0      0      0      0      0      0      0      0      0     16      0     12     13     13      2      7     28     22     14     31     51      5     22     14     53     34     59     90     48     67     81     61     96     53     93     78    124     57     60    108     55     50    140     79     88     51     70     60     56     58     92     61     51     22     35     19     46     14     21      6     47     15      9     34      9      6      5      7      9      0      5     16      0      0      6      0      0      0      0      0      0      0      0      0      0      0      0      0      0      0
      0      0      0      0      0      0      0      0      0      0      0      0      0      0      0      0      0      0      4      4     32      4     10      6      7      9     28      9     25     20     15     32     55     41     39     80     53     59     72     35     48     61    117     72     52    123     97    134     70     68     84     30     68    121     58     71     66     59     40     42     40     43     48     36     44     28     25     26      7     21      8      5     17      1     16      1      0      1      1      0      3      5      0      0      1      0      0      0      0      0      0      0      0      0      0      0      0      0      0      0
      0      0      0      0      0      0      0      0      0      0      0      0      0      0      2      0      0      0      2      0      6      2     13      2     14     14     24      4     10     23     25     24     50     29     23     53     60     53    106     64     32     72    106     95     79     45    100     64    101    118    130     71     96    114     73     71     59     40     80     63     62     46     36     44     46     14     24     41     42     11      5      9     10      0     24      9      9      0      0      0      0      2      0      0      0      0      0      0      0      0      0      0      0     11      0      0      0      0      0      0
      0      0      0      0      0      0      0      0      0      0      5      1      0      0      0      1      0      4      5      0      8      0      1     33     10     11      5      9     22     19      8      9     32     53     49     87     81    111     62     72     78     55     51     72     69    122    106    141     70     74     78    140     87     33    121     68     73     85     80     50     75     41     95     43     21     36     36     46     10      8     22     42     13      1     13      7      5      0      0      0      0      0      0      1      0      0      0      0      0      4      0      0      0      0      0      0      6      0      0      0
      0      0      0      0      0      0      0      0      0      0      0      1      0      0      0      0      0      8      0      0      6      6      2      3     15      9     12     38      8     30     16     15     39     31     70     42     46     71     59     56     96     74    122     60     44     85     67     95    122    117     49    118     91     49     45    106     55     60     80     60     77     46     48     33     29     14     38     39     14      0     11     12      5      5      2      7     16     10      6     18      2      0      0      0      0      0      0      0      5      0      1      0      0      0      0      0      0      0      0      0
      0      0      0      0      0      0      0      0      0      0      0      0      2      0      0      0      0      1      0      2      8      0      2     14     11     12      3     27      9     33     56     41     70     35     40     55     51     60     66     71     92    112     87    104     66     92     78    103    150    129    114     68     95     28     82     61     78     55     44     43     32     53     23     38     33     12     23     36     20     12      0     35     18     25      3      5      1      0      3      2      0      1      0      0      0      0      4      5      0      0      0      0      0      0      0      0      0      0      0      0
      0      0      0      0      0      0      0      0      0      0      0      0      0      0      0      0      0      0      3      0      4      8      1      0     21     20      2     17     36     17     24     23     34     60     45     45     79     76    105     65     57    122     63    111     96    103    131    103    107    122    118    115    104     48    105     20     37     51     69     49     43     88     25     21     55     39     40     15      6     27     22      3      9      7      9      0     16     14      7      0      0      1      0      1      0      0      1      0      0      0      0      0      0      0      0      0      0      0      0      0
      0      0      0      0      0      0      0      0      0      0      0      3      0      0      0      0      0      4      3      0      3     11     12      8     26     24     19     25     18     52     30     53     52     57     31     91    143     35     47    165     70     70     81     64     78    115    110    114    106     77     68     70     92     84     67     42     59     32     44     49     40     47     61     21     11     27     32     10     47     12      0     14     25     25      7     16      5      3      0      0      0      5      0      0      0      0      0      0      0      0      0      0      0      0      0      0      0      0      0      0
      0      0      0      0      0      0      0      0     10      0      0      0      0      0      2      0      0      0     21     12     21     16      6      7     19      6     28     33     10     19     38     24     34     84     31     83     72     56     75     67     67     90     69     74    106    100     72     67     82     85    121     76     86    114     55     71     65     40     70     16     15     40     16     42     23     24     50     48     15      9     12      1     27     23      1     14      5      1      0     11      7      0      0      0      0      0      0      0      0      0      0      0      0      0      0      0      0      0      0      0
      0      0      0      0      0      0      0      0      0      0      0      0      0      0      1      0      0      0      2      2      3     10      7     12      3     13     14     22     19     13     31     35     52    100     36     86     60     83    117     53    121     44     63     52     90    121     65     98    147     89     71    155     67     61     61     92     36     45     38     86     88     60     46     20     16     41     22     10     13      4     12     24      0      3      8      2      4      0      2      0      0      1      0      0      2      0      0      7      0      0      0      0      0      0      0      0      0      0      0      0
      0      0      0      0      0      0      0      0      3      0      0      0      0      2      0      0      0      0      5      0      0      5      7     14     38     32     28     13     34     11     47     33     31     33     54     53     54     71     81     93     76     49     67    130     60     47     90    112     84     97     83     67    102     83     54     38     63     52     88     37     40     28     44     40     38      3     55     18     10     14     31      9      1     18     14      6     15      1      0      0      1      8      0      0      0      0      0      0      0      0      0      0      0      0      0      0      0      0      0      0
      0      0      0      0      0      0      0      0      0      0      0      0      0      0      0      0      0      2      0      0     13      9      7     10      3     17     35     26     31     11     47     43     44     45     21     49     65     69     62     48     69    124    122    104     62     77    161     51     70     86     78     52     38     47     84     48     33     87     28     55     37     51     57     21     14     23      9     19     22     21      0      2      7     10      1      3      8      3      0      1      0      0      1      0      0      0      0      0      0      0      0      0      0      0      0      0      0      0      0      0
      0      0      0      0      0      0      0      0      0      0      0      0      0      0      0      0      0      0     13      2      1      6      2      9     11     23     22     11     20     48     29     55     44     37     39     72     33     73    116    102    104     55     51     46     73     65     48     44     53     71     73    120     58     56     41     79     52     42     24     42     41     31     14     46     23     11     45     10      7     11      8      0      4     11      2      0      2     12      3      2      0      1      7      0      0      0      0      0      0      0      0      0      0      0      0      0      0      0      0      0
      0      0      0      0      0      0      0      0      0      0      0      0      0      0      0      2      0      4      6      5     15     11      2      5      5     32     16      8      1     29     35     19     45     19     31     30     57     77     83     28     94     52     46     56     71    116     84    102     30     64     45     22     75     46     66     53     19     69     24     44     30     19     25      9     17     56      4     20     32      1      8     11      3      0      0     13      0      2      0      0      0      0      0      0      0      4      0      3      0      0      0      0      0      0      0      0      0      0      0      0
      0      0      0      0      0      0      0      0      0      0      0      0      0      0      0      0      6      1      5      2      8      0     17      0     11      7      9     36     17     17     32     50     11     18     50     58     73     58     70     70     61     52     96     37     90     60     52     69     40     91     77     78     62     45     31     61     14     75     67     17     34     30     23     17     39     26     17      3      5      5      3      1      0      3      5      5      0      0      0      1      1      0      0      0      0      0      0      0      0      0      0      0      0      0      0      0      0      0      0      0
      0      0      0      0      0      0      0      0      0      0      0      0      1      0      0      2      2      2      3     16      1     23      9     10     37     16     20      8     27     10     18     33     41     64     43     57     71     59     43     61     51     61    125     38     33     82     89     47     68     96     61     42     62     35     42     51     36     31      6     24     38     17      9      8     16     36      3      0     14     11      0      3      6     13      3      5      0      5      0      0      0      0      0      0      0      0      0      3      0      0      3      0      0      0      0      0      0      0      0      0
      0      0      0      0      0      0      0      0      2      0      0      0      3      0      2      0      0      1      0      8      2      7      8     26      8     27     14      9     13     24     27     25     37     16     46     41     37     53     24     37     73     67     77     59     54     56     52     91     79     57     59     67     73     22     24     23     54     32     46     37     27     29     36     23     11     17      2      0      4      9      9      0      1     10      1      7      3      6      0      0      0      1      0      0      0      0      0      0      0      0      0      0      0      0      0      0      0      0      0      0
      0      0      0      0      0      0      0      0      0      1      0      0      0      8      0      0     11      9     18      1      0      1      1      9     22      7      7     27     32     30     28     68     31     24     35     39     28     49     71     62     20     38     33     58     62    103     62     42     71     69     58     38     44     26     14     27     50     47     28     31     10     27     33     10     23      3     18      1      1     13     10      2     17      2      4      0      0      0      0      0      0      0      0      0      0      2      0      0      0      0      0      0      0      0      0      0      0      0      0      0
      0      0      0      0      0      0      0      0      0      1      0      0      3      4      3      0      2     11      0      6      5      0      2     10      0      4      2     12     14     23     22      6     18     51     41     75     39     62     58     58     86     62     47     65     63     50     29     31     34     34     61     46     25     23     38     48     67     36     38     37     18     29     49     12      4     10     13      2      9      3      1      3      4      4      2      1      0      0      2      0      0      0      0      0      0      0      0      0      0      0      0      0      0      0      0      0      0      0      0      0
      0      0      0      0      0      0      0      0      0      0      0      0      0      0      0      0      0      5     14      8      5      0      9     15      4     32      8     15     12     37     19     45     36     15     84     77     67     20     46     52     19     64     97     55     67     75     23     30     37     29     32     37     36     29     17     44     64     27     26     16     21     12      5     26      0      4     11      1      2      0      0      0      0      0      0      0      0      1      0      0      0      0      0      1      0      0      0      0      0      0      0      0      0      0      0      0      0      0      0      0
      0      0      0      0      0      0      0      0      0      0      0      0      0      0      0      9      0      0     10      0      3      7     12      0      0     15     13     18      1     58     19     35     18     14     24     21     52     18     21     61     39     22     64     31    104     60     54     55     57     38     43     50     30     25     29     45     17     27      0      0     10     34     18      0     11      8      8      5     13     22      0      0      0      9      0      0      4      2      0      0      0      0      0      0      0      0      0      0      0      0      0      0      0      0      0      0      0      0      0      0
      0      0      0      0      0      0      0      0      0      0      0      0      0      0      0      0      4      3      0      3      2     13     14      3      3     17      9     14     20     14     12     16     44     19     53     19     23     31     41     47     63     20     33     24     22     66     64      8     51     53     11     10      6     18     20     19     39     20      8     10      0     18     11      6      8      1      0     19      1      3      1      0      0      0      0      0      0      0      8      0      0      0      0      0      0      0      0      0      0      0      0      0      0      0      0      0      0      0      0      0
      0      0      0      0      0      0      0      0      0      5      0      0      0      0      9      2      0      0      0      0      0      0      5      2      2     20     36      5     10      2     31      7     43      7     37      7     21     57     40     25     21     26     44     30     45     47     37     39     34     14     38     29     27     26     26      7     18      3      8      7      5      7     13      9     10      0      0      0      4     14      2      9      0      0      0      0      2      0      0      0      0      0      0      0      0      0      0      0      0      0      0      0      0      0      0      0      0      0      0      0
      0      0      0      0      0      0      0      0      0      0      0      3      0      0      4      4      1      2     16      7      0      5      8      4      3      7     23      3      8     32     13     41     16     26     34     18     13     26     36     11     45     37     14     22     24     20     31     27      7     20     39     41     33      6      5     11     34     11      6      9     12      9      5      1      0      0     14      0     11      0      0     13      2      0      0      0      3      0      0      0      0      0      0      0      0      0      0      0      0      0      0      0      0      0      0      0      0      0      0      0
      0      0      0      0      0      0      0      0      7      0      0      0      0      0      0      0      0      0      1      1      8      0      0     16     10     10     19     13     14     11      3     13     18     29     37     12     37     44     18     28     43     42     17     33     26     53     11      8     58      9     25     35     13     21     15     10     23     16      7      8     12      5      4     14      8      0      1      1      0      0      0      4      0      0      0      1      0      0      3      0      0      0      0      0      0      0      0      0      0      0      0      0      0      0      0      0      0      0      0      0
      0      0      0      0      0      0      0      0      0      0      0      0      0      0      0      0      8      0      0      0      4      0      5      5     18      0     14     11     17     21     10      5     19     12      8     25     49     36     43     11     32     34     23      6     44     33     36     17     50     26     14      9     33     30     24     59      8     18     17     15     14     15      6      4      0      3     10      0      0     16      0      5      0      0      0      0      0      0      0      0      0      0      0      0      0      0      0      0      0      0      0      0      0      0      0      0      0      0      0      0
      0      0      0      0      0      0      0      0      0      0      0      0      0      0      0      0      0      2      0      4      1      2      0      1      4     18      0      4     10     12     22     19     21     24     17     15     24      5     15     11     34     25     35     23     16     16     12     18      8      4     16     10      8     13      9      3     14      9      6     11      0      6      1      1      0      0      3      0      1      2      2      0      0      0      0      0      0      0      0      0      0      0      4      1      0      0      0      0      0      0      0      0      0      0      0      0      0      0      0      0
      0      0      0      0      0      0      0      0      0      0      1      2      0      0      0      3     11      6      9      0      0      0      0     24      0      2      3      3      6     42      7      6     15     28     21      8      6     14     19     12     29     13     15      7     43      7     15     26     23     41     30     12     21     20     63     32      7     18      0      4     11     13     12      0      4      0      1      0      2      2      0      0      0      0      0      0      0      0      0      7      0      0      0      0      0      0      0      0      0      0      0      0      0      0      0      0      0      0      0      0
      0      0      0      0      0      0      0      0      0      0      0      0      0      0      3      4      0      0      3      0      6      0      0      0     13      4      2     17      2     23     17     11     19     10     25     12     19     50     39      3     25     16     28     24     15      7     59      9     11      9     15      1     17     27      4      9      0     36     15      2      4      3      9      1      0      0      0      0      0      0      0      0      2      0      0      0      0      0      0      0      5      0      0      0      0      0      0      0      0      0      0      0      0      0      0      0      0      0      0      0
      0      0      0      0      9      1      0      0      0      0      1      0      0      0      0      1      0      2      4      0      0      1     19      0      0      6     15     12      9      7     15      9     10     19      6     11     22     11     16     12     10     21      6      4      7     20     33     12     12     25     17     21      6     14      6     16     10      0      4      1     11      2      9      0      5      2      0      0      0      0      0      0      0      0      0      0      0      0      0      0      0      0      0      0      0      0      0      0      0      0      0      0      0      0      0      0      0      0      0      0
      0      0      0      0      0      0      0      0      0      0      0      0      0      0      0      0      1      2      0      4      1      2     17      1      2      5      4      4      4      2      3      0     11     11      5      3      5     13     13      5      3     33      9     11     13     19     13      0      5     19      2      1      2     16     14      1     18      3     10      2     16      0      2      0      3      8      1      0      4      0      0      0      7      1      1      0      0      0      0      0      0      0      0      0      0      0      0      0      0      0      0      0      0      0      0      0      0      0      0      0
      0      0      0      0      0      0      0      0      0      0      0      0      0      0      2      0      0      0      0      0      2      0      4      2      0      0      0      0      5      7      7     10      1     10     10      9     16      8     19     17     16     50     24      6     13      5      8     14     23      3     14     21      6      9      6      4      7      5     17      0      0      1      2      0      0      5      2      1      0      0      0      0      0      0      0      0      0      0      0      0      0      0      0      0      0      0      0      0      0      0      0      0      0      0      0      0      0      0      0      0
      0      0      0      0      0      0      0      0      1      0      0      0      0      0      3      0      0      0      2      1      0      0      0      0     33     19      0      1      6     10     12      6     29     13      8     36     12      4      3     26     16      9     40      2     14      9      3      2     10     16      9      3      0      7     13      0      0      2      3      1      3      1      6      0      0      0      0      0      0      0      0      0      0      0      0      0      0      0      0      0      0      0      0      0      0      0      0      0      0      0      0      0      0      0      0      0      0      0      0      0
      0      0      0      0      0      0      0      0      0      0      0      0      2      0      8      0      0      0      0      0      0      4      1      0      7      0      0      6      0      2      0      2     12     37      8     37     15      8      7      5      6     33      6     14     22      3      9     30      8      1      2      0      4     10     38      4      0      0      0      2      1      8      1      0      0      0      0      0      0      0      0      0      0      0      0      0      0      0      0      0      0      0      0      0      0      0      0      0      0      0      0      0      0      0      0      0      0      0      0      0
      0      0      0      0      0      0      0      0      2      0      0      0      0      0      0      0      0      0      0      1      0      0      4      0      3      2      0      4     23      5     12      5      7      0      0      5     12      0      4     11      0     10      4      5      0      6      6      0      7     21      7      0      0      4      2      0      3      0      1      0      0      0      0      5      0      1      0      0      0      0      0      0      0      0      0      0      0      0      0      0      0      0      0      0      0      0      0      0      0      0      0      0      0      0      0      0      0      0      0      0
      0      0      0      0      0      0      0      0      0      0      0      0      0      0      0      3      0      3      1      0      0      0      1      0      4      7      2      0      6      0      1      4      4      2     17      4      2      4      1     37      2      3     18      0      3      1      5      9     15      9      0      6      3      0      6      1      0      0      0      0      3      0      0      0      0      0      0      0      0      0      0      0      0      0      0      0      0      0      0      0      0      0      0      0      0      0      0      0      0      0      0      0      0      0      0      0      0      0      0      0
      0      0      0      0      0      0      0      0      0      0      0      0      0      1      5      0      0      0      0      0      0      0      7     16      1      0      0     13      1      0      0      0      2      4     10     11     27      0      1     11      0      0     26      4      3      0      3      3      5      1     14      9     10      2      0      5      1      0      0      0      0      0      0      0      1      0      0      0      0      0      0      0      0      0      0      0      0      0      0      0      0      0      0      0      0      0      0      0      0      0      0      0      0      0      0      0      0      0      0      0
      0      0      0      0      0      0      0      0      0      0      0      0      0      0      0      0      0      0      0      0      1      0      0      1      0      2      1      2      7      1      1      0      2      3      2      9      0      2      2      7     19     12      5     23     22      0      7      0      7      9      0      2      0      0      0      4      0      0      1      0      0      1      7      1      0      0      0      0      0      0      0      0      0      0      2      0      0      0      0      0      0      0      0      0      0      0      0      0      0      0      0      0      0      0      0      0      0      0      0      0
      0      0      0      0      0      0      0      0      0      0      0      0      0      0      0      0      0      0      0      0      1      0      6     10      0      1      0      0      1      6      3      2      7      0      6      0     10     11      0      0      0      0      0      5      0      0      5      8      0      6      0      6      0     11      0      0      0      1      0      0     12      0      0      0      0      0      0      0      0      0      0      0      0      0      0      0      0      0      0      0      0      0      0      0      0      0      0      0      0      0      0      0      0      0      0      0      0      0      0      0
      0      0      0      0      0      0      0      0      0      0      0      0      0      0      0      0      0      0      0      0      0      0      7      0      0      5      0      2      0      0      0      3     15      5     16      0      0      2      0      0      1     19     15      0      0      1      0      0      5      0      1      5      1      0      0      0      0      0      0      1      0      1      0      0      0      0      0      0      0      0      0      0      0      0      0      0      0      0      0      0      0      0      0      0      0      0      0      0      0      0      0      0      0      0      0      0      0      0      0      0
      0      0      0      0      0      0      0      0      0      0      0      0      0      0      0      0      0      0      0      0      0      0      0      0      5      3      0      0      3      7      0     10      0      0      4      1      1      8     17      1      6      0      0      0      2      8     11      5      1     10      1      5      0      0      0      0      0      0      0      0      0      0      0      0      0      0      0      0      0      0      0      0      0      0      0      0      0      0      0      0      0      0      0      0      0      0      0      0      0      0      0      0      0      0      0      0      0      0      0      0
      0      0      0      0      0      0      0      0      0      0      0      0      0      0      5      0      0      0      0      8      0      0      0      0      0      0      2      8      0      1      1      1      0      6      9     25      4      2      3      1      0      0      2      4      4      1      0      2      0      5      0      0      0      0      0      0      0      0      0     12      0      0      0      0      0      0      0      0      0      0      0      0      0      0      0      0      0      0      0      0      0      0      0      0      0      0      0      0      0      0      0      0      0      0      0      0      0      0      0      0
      0      0      0      0      0      0      0      0      0      0      0      0      0      0      0      0      0      0      0      0      4      0      1      0      0      2      0      3      0      0      0      0      0      1      1      0      1      0      7      0      3      1      0      6      0      0      4      0      1      0      0      0      0      0      0      0      0      0      0      0      0      0      0      0      0      0      0      0      0      0      0      0      0      0      0      0      0      0      0      0      0      0      0      0      0      0      0      0      0      0      0      0      0      0      0      0      0      0      0      0
      0      0      0      0      0      0      0      0      0      0      0      0      0      0      0      0      0      0      0      0      0      0      0      0      0      0      1      0      7      0      0      0      0      6      0      0      0      0      0      8      0      4      0      0      1      0      0      1      0      4      0      0      7      0      0      0      0      0      0      0      0      0      0      0      0      0      0      0      0      0      0      0      0      0      0      0      0      0      0      0      0      0      0      0      0      0      0      0      0      0      0      0      0      0      0      0      0      0      0      0
      0      0      0      0      0      0      0      0      0      0      0      0      0      0      0      0      0      0      0      0      0      0      0      0      0      0      0      0      0      4      0      0      1      0      0      0     12      0      0      0      2      0      0      0      0      0      0      0      0      0      0      0      1      0      0      0      0      0      2      0      0      2      0      0      0      0      0      0      0      0      0      0      0      0      0      0      0      0      0      0      0      0      0      0      0      0      0      0      0      0      0      0      0      0      0      0      0      0      0      0
      0      0      0      0      0      0      0      0      0      0      0      0      0      0      0      0      0      0      0      0      0      0      0      0      0      0      0      2      0      0      0      0      3      0      0      8      0      2      5      0      0      0      0      0      1      0      0      0      1      0      0      0      0      0      0      0      0      0      0      0      0      0      0      0      0      0      0      0      0      0      0      0      0      0      0      0      0      0      0      0      0      0      0      0      0      0      0      0      0      0      0      0      0      0      0      0      0      0      0      0
      0      0      0      0      0      0      0      0      0      0      0      0      0      0      0      0      0      0      0      0      1      0      0      1      0      0      0      2      0      0      5      0      0      0      0      0      0      0      5      0      0      5      0      0      0      0      0      0      4      4      0      0      0      0      0      0      0      2      9      0      0      0      0      0      0      0      0      0      0      0      0      0      0      0      0      0      0      0      0      0      0      0      0      0      0      0      0      0      0      0      0      0      0      0      0      0      0      0      0      0
      0      0      0      0      0      0      0      0      5      0      0      0      0      0      0      0      0      0      0      0      2      0      0      0      0      0      0      0      0      0      0      0      0      0      7      5      0      0      3      0      0      0      0      0      0      3      0      0      0      0      0      0      0      0      0      0      0      7      0      0      0      0      0      0      0      0      0      0      0      0      0      0      0      0      0      0      0      0      0      0      0      0      0      0      0      0      0      0      0      0      0      0      0      0      0      0      0      0      0      0
      0      0      0      0      0      0      0      0      0      0      0      0      0      0      0      0      0      0      0      0      0      0      0      0      0      0      0      0      0      2      0      0      0      0      4      0      0      0      0      0      0      1      0      0      9      0      0      0      0      0      0      0      0      0      0      0      0      0      0      0      0      0      0      0      0      0      0      0      0      3      0      0      0      0      0      0      0      0      0      0      0      0      0      0      0      0      0      0      0      0      0      0      0      0      0      0      0      0      0      0
      0      0      0      0      0      0      0      0      0      0      0      0      0      0      0      0      0      0      0      0      0      0      0      0      0      0      0      0      0      7      0      4      0      0      2      0      0      1      0      0      0      0      0      3      2      0      3      0      0      0      0      0      0      0      0      1      0      0      0      0      0      0      0      0      0      0      0      0      0      0      0      0      0      0      0      0      0      0      0      0      0      0      0      0      0      0      0      0      0      0      0      0      0      0      0      0      0      0      0      0
      0      0      0      0      0      0      0      0      0      0      0      0      0      0      0      0      0      0      0      0      0      0      0      0      0      0      0      2      0      0      1      0      0      0      2      0      0      0      0      0      0      3      0      0      0      2      0      0      0      0      0      0      0      0      0      0      0      0      0      0      0      0      0      0      0      0      0      0      0      0      0      0      0      0      0      0      0      0      0      0      0      0      0      0      0      0      0      0      0      0      0      0      0      0      0      0      0      0      0      0
      0      0      0      0      0      0      0      0      0      0      0      0      0      0      0      1      0      0      0      0      0      0      0      0      0      0      0      0      0      0      0      0      0      0      0      0      0      0      0      4      0      9      1      0      0      0      0      0      0      0      0      0      0      0      0      0      0      0      0      0      0      0      0      0      0      0      0      0      0      0      0      0      0      0      0      0      0      0      0      0      0      0      0      0      0      0      0      0      0      0      0      0      0      0      0      0      0      0      0      0
      0      0      0      0      0      0      0      0      0      0      0      0      0      0      0      0      0      0      0      0      0      0      0      0      0      0      0      0      0      0      0      0      0      0      0      0      0      0      0      0      0      0      0      0      0      0      0      0      0      0      0      0      0      0      0      0      0      0      0      0      0      0      0      0      0      0      0      0      0      0      0      0      0      0      0      0      0      0      0      0      0      0      0      0      0      0      0      0      0      0      0      0      0      0      0      0      0      0      0      0
      0      0      0      0      0      0      0      0      0      0      0      0      0      0      0      0      0      0      0      5      0      0      0      0      0      0      0      0      0      0      1      0      0      0      0      0      0      0      0      0      0      0      0      1      0      0      0      0      0      5      0      0      0      0      0      0      0      0      0      0      0      0      0      0      0      0      0      0      0      0      0      0      0      0      0      0      0      0      0      0      0      0      0      0      0      0      0      0      0      0      0      0      0      0      0      0      0      0      0      0
      0      0      0      0      0      0      0      0      0      0      0      0      0      0      0      0      0      0      0      0      0      0      0      0      0      0      0      0     14      0      0      0      0      0      0      0      0      0      0      0      0      0      0      0      0      0      1      8      0      0      0      0      0      0      0      0      0      0      0      0      0      0      0      0      0      0      0      0      0      0      0      0      0      0      0      0      0      0      0      0      0      0      0      0      0      0      0      0      0      0      0      0      0      0      0      0      0      0      0      0
      0      0      0      0      0      0      0      0      0      0      0      0      0      5      0      0      0      0      0      0      0      0      0      0      0      0      0      0      0      0      0      0      0      0      0      0      0      0      0      0      0      0      1      0      0      0      0      0      0      0      0      0      0      0      0      0      0      0      0      0      0      0      0      0      0      0      0      0      0      0      0      0      0      0      0      0      0      0      0      0      0      0      0      0      0      0      0      0      0      0      0      0      0      0      0      0      0      0      0      0
      0      0      0      0      0      0      0      0      0      0      0      0      0      0      0      0      0      0      0      0      0      0      0      0      0      0      0      0      0      0      0      0      0      0      0      0      0      0      0      0      0      0      0      0      0      0      0      0      0      0      0      0      0      0      0      0      0      0      0      0      0      0      0      0      0      0      0      0      0      0      0      0      0      0      0      0      0      0      0      0      0      0      0      0      0      0      0      0      0      0      0      0      0      0      0      0      0      0      0      0
      0      0      0      0      0      0      0      0      0      0      0      0      0      0      0      0      0      0      0      0      0      0      0      0      0      0      0      0      0      0      0      0      0      0      0      0      0      0      0      0      0      0      0      0      0      0      0      0      0      0      0      0      0      0      0      0      0      0      0      0      0      0      0      0      0      0      0      0      0      0      0      0      0      0      0      0      0      0      0      0      0      0      0      0      0      0      0      0      0      0      0      0      0      0      0      0      0      0      0      0
