\ 
\ Covariance Function Histogram Table
\ 
\ X Parameter: Stellar Density
\ X Abbrev   : rho*
\ X Units    : cgs
\ X Items    : 100         
\ 
\ Y Parameter: RV Semi-Amplitude
\ Y Abbrev   : K
\ Y Units    : m/s
\ Y Items    : 99          
\ 
|col000|col001|col002|col003|col004|col005|col006|col007|col008|col009|col010|col011|col012|col013|col014|col015|col016|col017|col018|col019|col020|col021|col022|col023|col024|col025|col026|col027|col028|col029|col030|col031|col032|col033|col034|col035|col036|col037|col038|col039|col040|col041|col042|col043|col044|col045|col046|col047|col048|col049|col050|col051|col052|col053|col054|col055|col056|col057|col058|col059|col060|col061|col062|col063|col064|col065|col066|col067|col068|col069|col070|col071|col072|col073|col074|col075|col076|col077|col078|col079|col080|col081|col082|col083|col084|col085|col086|col087|col088|col089|col090|col091|col092|col093|col094|col095|col096|col097|col098|
|int   |int   |int   |int   |int   |int   |int   |int   |int   |int   |int   |int   |int   |int   |int   |int   |int   |int   |int   |int   |int   |int   |int   |int   |int   |int   |int   |int   |int   |int   |int   |int   |int   |int   |int   |int   |int   |int   |int   |int   |int   |int   |int   |int   |int   |int   |int   |int   |int   |int   |int   |int   |int   |int   |int   |int   |int   |int   |int   |int   |int   |int   |int   |int   |int   |int   |int   |int   |int   |int   |int   |int   |int   |int   |int   |int   |int   |int   |int   |int   |int   |int   |int   |int   |int   |int   |int   |int   |int   |int   |int   |int   |int   |int   |int   |int   |int   |int   |int   |
      0      0      0      0      0      0      0      0      0      0      0      0      0      0      0      0      0      0      0      0      0      0      0      0      0      0      0      0      0      0      0      0      0      0      0      0      0      0      0      0      0      0      0      0      0      0      0      0      0      0      0      0      0      0      0      0      0      0      0      0      0      0      0      0      0      0      0      0      0      0      0      0      0      0      0      0      0      0      0      0      0      0      0      0      0      0      0      0      0      0      0      0      0      0      0      0      0      0      0
      0      0      0      0      0      0      0      0      0      0      0      0      0      0      0      0      0      0      0      0      0      0      0      0      0      0      0      0      0      0      0      0      0      0      0      0      0      0      0      0      0      0      0      0      0      0      0      0      0      0      0      0      0      0      0      0      0      0      0      0      0      0      0      0      0      0      0      0      0      0      0      0      0      0      0      0      0      0      0      0      0      0      0      0      0      0      0      0      0      0      0      0      0      0      0      0      0      0      0
      0      0      0      0      0      0      0      0      0      0      0      0      0      0      0      0      0      0      0      0      0      0      0      0      0      0      0      0      0      0      0      0      0      0      0      0      0      0      0      0      0      0      0      0      0      0      0      0      0      0      0      0      0      0      0      0      0      0      0      0      0      0      0      0      0      0      0      0      0      0      0      0      0      0      0      0      0      0      0      0      0      0      0      0      0      0      0      0      0      0      0      0      0      0      0      0      0      0      0
      0      0      0      0      0      0      0      0      0      0      0      0      0      0      0      0      0      0      0      0      0      0      0      0      0      0      0      0      0      0      0      0      0      0      0      0      0      0      0      0      0      0      0      0      0      0      0      0      0      0      0      0      0      0      0      0      0      0      0      0      0      0      0      0      0      0      0      0      0      0      0      0      0      0      0      0      0      0      0      0      0      0      0      0      0      0      0      0      0      0      0      0      0      0      0      0      0      0      0
      0      0      0      0      0      0      0      0      0      0      0      0      0      0      0      0      0      0      0      0      0      0      0      0      0      0      0      0      0      0      0      0      0      0      0      0      0      0      0      0      0      0      0      0      0      0      0      0      0      0      0      0      0      0      0      0      0      0      0      0      0      0      0      0      0      0      0      0      0      0      0      0      0      0      0      0      0      0      0      0      0      0      0      0      0      0      0      0      0      0      0      0      0      0      0      0      0      0      0
      0      0      0      0      0      0      0      0      0      0      0      0      0      0      0      0      0      0      0      0      0      0      0      0      0      0      0      0      0      0      0      0      0      0      0      0      0      0      0      0      0      0      0      0      0      0      0      0      0      0      0      0      0      0      0      0      0      0      0      0      0      0      0      0      0      0      0      0      0      0      0      0      0      0      0      0      0      0      0      0      0      0      0      0      0      0      0      0      0      0      0      0      0      0      0      0      0      0      0
      0      0      0      0      0      0      0      0      0      0      0      0      0      0      0      0      0      0      0      0      0      0      0      0      0      0      0      0      0      0      0      0      0      0      0      0      0      0      0      0      0      0      0      0      0      0      0      0      0      0      0      0      0      0      0      0      0      0      0      0      0      0      0      0      0      0      0      0      0      0      0      0      0      0      0      0      0      0      0      0      0      0      0      0      0      0      0      0      0      0      0      0      0      0      0      0      0      0      0
      0      0      0      0      0      0      0      0      0      0      0      0      0      0      0      0      0      0      0      0      0      0      0      0      0      0      0      0      0      0      0      0      0      0      0      0      0      0      0      0      0      0      0      0      0      0      0      0      0      0      0      0      0      0      0      0      0      0      0      0      0      0      0      0      0      0      0      0      0      0      0      0      0      0      0      0      0      0      0      0      0      0      0      0      0      0      0      0      0      0      0      0      0      0      0      0      0      0      0
      0      0      0      0      0      0      0      0      0      0      0      0      0      0      0      0      0      0      0      0      0      0      0      0      0      0      0      0      0      0      0      0      0      0      0      0      0      0      0      0      0      0      0      0      0      0      0      0      0      0      0      0      0      0      0      0      0      0      0      0      0      0      0      0      0      0      0      0      0      0      0      0      0      0      0      0      0      0      0      0      0      0      0      0      0      0      0      0      0      0      0      0      0      0      0      0      0      0      0
      0      0      0      0      0      0      0      0      0      0      0      0      0      0      0      0      0      0      0      0      0      0      0      0      0      0      0      0      0      0      0      0      0      0      0      0      0      0      0      0      0      0      0      0      0      0      0      0      2      0      0      0      0      0      0      0      0      0      0      0      0      0      0      0      0      0      0      0      0      0      0      0      0      0      0      0      0      0      0      0      0      0      0      0      0      0      0      0      0      0      0      0      0      0      0      0      0      0      0
      0      0      0      0      0      0      0      0      0      0      0      0      0      0      0      0      0      0      0      0      0      0      0      0      0      0      0      0      0      0      0      0      0      0      0      0      0      0      0      0      0      0      0      0      0      0      0      0      0      0      0      0      0      0      0      0      0      0      0      0      0      0      0      0      0      0      0      0      0      0      0      0      0      0      0      0      0      0      0      0      0      0      0      0      0      0      0      0      0      0      0      0      0      0      0      0      0      0      0
      0      0      0      0      0      0      0      0      0      0      0      0      0      0      0      0      0      0      0      0      0      0      0      0      0      0      0      0      0      0      0      0      0      0      0      0      0      0      0      3      0      0      0      0      0      0      0      0      0      0      0      0      0      0      0      0      0      1      0      0      7      0      0      0      0      0      0      0      0      0      0      0      0      0      0      0      0      0      0      0      0      0      0      0      0      0      0      0      0      0      0      0      0      0      0      0      0      0      0
      0      0      0      0      0      0      0      0      0      0      0      0      0      0      0      0      0      0      0      0      0      0      0      0      0      0      0      0      0      0      0      0      0      0      0      0      0      0      0      0      0      0      0      0      0      0      0      0      0      0      0      0      0      0      0      0      0      3      0      0      0      0      0      0      0      0      0      0      0      0      0      0      0      0      0      0      0      0      0      0      0      0      0      0      0      0      0      0      0      0      0      0      0      0      0      0      0      0      0
      0      0      0      0      0      0      0      0      0      0      0      0      0      0      0      0      0      0      0      0      0      0      0      0      0      0      0      0      0      0      0      0      0      0      0      0      0      1      0      0      0      0      0      0      5      0      2      0      0      0      0      0      0      1      5      0      0      0      0      0      0      0      0      0      0     10      0      0      0      0      0      0      0      0      0      8      0      0      0      0      0      0      0      0      0      0      0      0      0      0      0      0      0      0      0      0      0      0      0
      0      0      0      0      0      0      0      0      0      0      0      0      0      0      0      0      0      0      0      0      0      0      0      0      0      0      0      0      0      0      0      0      0      3      0      0      0      4      0      0      0      0      0      0      0      0      0      0      0      0      0      0      0      4      0      0      0      0      3      0      0      0      0      0      0      0      0      0      0      0      0      0      0      0      0      0      0      0      0      0      0      0      0      0      0      0      0      0      0      0      0      0      0      0      0      0      0      0      0
      0      0      0      0      0      0      0      0      0      0      0      0      0      0      0      0      0      0      0      0      0      0      0      0      0      0      0      0      0      0      0      0      0      0      0      0      1      0      0      0      2      1      5      3      6      2      0      0      0      2      0      0      0      0      0      0      0      0      7      0      0      0      1      3      0      0      0      0      0      1      0      0      0      0      0      0      0      0      0      0      0      0      0      0      0      1      0      0      0      0      0      0      0      0      1      0      0      0      0
      0      0      0      0      0      0      0      0      0      0      0      0      0      0      0      0      0      0      0      0      0      0      0      0      0      0      0      0      0      0      0      0      5      0      0      0      0      6      0      0      9      0      0      0      0      0      0      6      0     14      2     13      0      0      0      2      0      1      0      0      0      7      0      0      0      0      0      0      0      2      0      0      0      1      0      0      0      0      0      0      0      0      0      0      0      0      0      0      0      0      0      0      0      0      0      0      0      0      0
      0      0      0      0      0      0      0      0      0      0      0      0      0      0      0      0      0      0      0      0      0      0      1      0      0      0      0      0      0      0      0      0      0      0      0      0      0      0      5      0      0      0      6      0      0      0      0     14      4      2      0      5      0      1      0      2      7      0      7      0      0      0      0      0      0      0      0      0      3      0      2      5      0      1      0      0      0      0      0      3      0      0      0      0      0      0      0      0      0      0      0      1      0      0      0      0      0      0      0
      0      0      0      0      0      0      0      0      0      0      0      0      0      0      0      0      0      0      0      0      0      0      0      0      0      0      0      0      0      2      0      0      1      0      0      2      4      0      0      0      5      5      7      0      1      4      3      0      3      5      0      0      1      1      0      5     15      0      8      5      0      5      0      0      0      0      0      8     11      1      0      0      0      0      0      0      0      0      0      0      0      0      0      0      2      0      0      0      0      0      0      0      0      0      0      0      0      0      0
      0      0      0      0      0      0      0      0      0      0      0      0      0      0      0      0      0      0      0      0      0      0      0      0      0      0      8      5      0      3      0      2      4      0      1      3      0      0      2      4      2      1     21      0      3      0      0      0      0      8      0      7      7      4      1      5      4      0      0     11     20      0      3     18      7      5      8      0      0      6      0      3      0      0      0      0      0      0      0      0      0      0      0      0      0      0      0      0      0      0      0      0      0      0      0      0      0      0      0
      0      0      0      0      0      0      0      0      0      0      0      0      2      0      0      0      5      0      0      0      0      0      0      2      0      0      0     10      1      0      0      0      0      0      6      2      5      0      0      0     12      3      0      1      5      5      8      7     14      7      2     31      0     11      1      6      0      4      0     10      5      0      0     19      0      0      0      0      0     11      0      3      0      0      0      0      0      0      0      0      0      0      0      0      0      0      0      0      0      0      0      0      0      0      0      0      0      0      0
      0      0      0      0      0      0      0      0      0      0      0      3      0      0      0      0      0      0      0      0      0      0      0      0      0      0      2      0      0      3      2      0     16      9      0      0      3      4      4      0      2      0      0      0      6      8      5      5      5      0     16     13      8     28      5      2     15      1     17     19      3     13      4      5      0      0      0      2     10      0      9      1      6      6      0      0      0      2      0      3      0      0      0      0      0      0      0      0      1      0      0      0      0      0      0      0      0      0      0
      0      0      0      0      0      0      0      0      0      0      0      0      0      0      5      0      0      0      0      0      0      0     14      0      0      0      8      9      2      3      3      2      0      3      8     19      3      2      3      3      5     13      4      6     24      8     17     16      1     19      4      7     12      1     15      7      3     17      4     17      4     26      0      0      5      0      7      0      0      0      0      0      4      0      0      4      0      1      0      0      0      0      0      0      0      0      0      0      0      0      0      0      0      0      0      0      0      0      0
      0      0      0      0      0      0      0      0      0      0      0      0      0      0      3      0      0      0      0      0      0      0      0      0      0      4      0      0      2      4      0     10      7      2      0      1      0      0     12      4      9      7     35      2     13     10      9      4     12     27      4      2     12      7      7      6      4      5     13      5     33     17      7      5      8     19      4      1      2      6      0      7      0      0      0      0      2      3      0      0      0      0      0      0      0      0      2      0      0      0      0      0      0      0      0      0      0      0      0
      0      0      0      0      0      0      0      0      0      0      0      0      0      1      1      0      0      0      0      0      0      0      6      0     15      8      0      8      6      2      0      2     10      4      8     11      9     10     12      0     33      2     11     13      1     25     12     21     52      5     14     19     18     26     17     19     16      4     31     11     19      4      0      3     15      4      5     19     21      2      1      2      0      0      9      0     12      6      5      0      0      0      0      0      0      0      0      0      0      0      0      0      0      0      0      0      0      0      0
      0      0      0      0      0      0      0      0      0      0      0      0      0      0      0      0      0      0      0      0      4      0      4      0      5      0      3     21      6      1      4      9      6      0      4      2     14     10     23     22     13     11     14     21     46     22     16     26     19     19     17      0     28      4     18     30     14      9     14      8     20     36     14     11     12      2      8      6      4      0      0      1      0      3      5      0      1      3      0      0      0      0      0      0      0      0      0      0      0      0      0      0      0      0      0      0      0      0      0
      0      0      0      0      0      0      0      0      0      0      0      0      0      3      0      0      0      0      0      2      1      1      0      2      0      0     21      0      7      1     13      7      4     17      4      5      4     27     22     19     20     15     43     12     16     17     39     11     24      9     36     11     32     15      6     15      7     23     27     27     11      8      4     14      9     14     16      0     22      1      1      2      4      0      0      0      0      0      2      0      1      0      0      0     16      0      0      0      0      0      0      0      0      0      0      0      0      0      0
      0      0      0      0      0      0      0      0      0      0      0      0      0      0      0      0      0      0      0      1      0      0      8      0      1      0      1      0      1      4      4      0     13     13     23      8      0     16     18     14      6     10      4     15     16     14      8     31     51     12     14      5     29      9     25     19     11     23      8     31     58      8     15      7     15      9      6      8      1     24      9      0      0      0      7      6      2      0      0     11      1      0      0      0      0      0      0      0      0      0      0      0      0      0      0      0      0      0      0
      0      0      0      0      0      0      0      0      0      0      0      0      0      9      0      0      0      5      0      0      2      0      3      5      2     18      5      4     10      5     12      6     12     10     12     50     12     26     37     36     14     14     35     11     19     23     34     27      9     16     79     31     20      9     38     19     25     40     14     23      0     27     20     30      9     25     27     21     13     28      8     11      0      0      3      1      1      0      3      0      1      0      0      0      0      0      0      0      0      0      0      0      0      0      0      0      0      0      0
      0      0      0      0      0      0      0      0      0      0      0      0      7     10      0      2      0      0      0      0      0      0      4     15      7      2      4      7     26     14     16     22      4     30     29     21     35     24     45     13     38     43     57     44     23     23     33     30     47     22     22     26     43     23     54     14      9     22     21     76     24     34     28      6     18     33     10      6     10     13      8      2      0      3      4      1      3      0      0      0      0      0      0      0     15      0      0      0      0      0      0      0      0      0      0      0      0      0      0
      0      0      0      0      0      0      0      0      0      0      0      0      0      0      0      0      0      5      0      3      0      3      1      7      7      1      3      4      0     21     15      9     13     29     33     37     34     25     24     36     21      6     36     48     38     23     55     64     41     34     33     55     27     21     62     37     21     84     48     39     37     24     25     22     23      7     15     21     15     11     16      5      4      0     10      0      1      0      2      0      4      6      0      8      0      0      0      0      0      0      0      0      0      0      0      0      0      0      0
      0      0      0      0      0      0      0      0      0      0      0      0      0      0      4      0      2      0      0      0      1      0      0      5      4     17     13      6     13      1     27     12     18     12     20     22     16     40     25     30     70     30     74     40     33     57     89     49     84     85     39     79     51     28     46     52     66     28     14     80     16     24     10      7     23     22     25      8     20      4     25     14     10      4      0      0     14      3      6      0      0      0      1      0      0      0      0      0      4      0      0      0      0      0      0      0      0      0      0
      0      0      0      0      0      0      0      0      0      1      0      0      1      0      0      0      3      0      0      0     10      2      2      4     12      8      4      7      2     26      5     10     19     15     55     25     40     27     29     50     32     47     55     73     26     69     56     70     42     57     65     63     51     20     64     45     21     48     49     41     39     22     11     62     14     38      6      9     41      0     15      5     16      0      1     18      0      0      1      0      0      5      0      0      0      0      0      0      0      0      0      0      8      0      0      0      0      0      0
      0      0      0      0      0      0      0      0      0      0      0      0      0      0      0      0      1      0      0      1      1      2      1      5      1      8     16     18     14     26     21     24     19     29     28     19     32     25     40     44     39     32     44     37     28     61     54     56     39     76     65     75     70     56     78     56     43     55     54     28     37     47     21     77     33     15     34     25     22     44     20      1     14      4     15      3      1     10      0      1      1      0      0      1      3      1      0     22      0      0      0      0      2      0      0      0      0      0      0
      0      0      0      0      0      0      0      0      0      0      0      0      0      0      0      0      0      0      0      0      0      1      3      3      9     16     12     14     15     26      7     30     19     31     52     43     44     38     51     52     35     58     63     60     41     30     98     33     40     50     89     87     49     74     83     99     92     81     41     44     60     74     49     70     36     42     30     62     28      7     20     20     12     20     18      4      2      0      0      0      0      3      0      0      0      0      0      0      0      0      0      0      0      0      0      0      0      0      0
      0      0      0      0      0      0      0      0      0      0      0      0      0      2      2      0      1     11      0      5      9      9     10      0      5      2     20      5      9      9     53      5     35     57     42     38     37     39     29     67     95     55    109     87     55     57     85     88     86     54     97     64     74     75     43     80     58     85     61     24     50     84     37     32     40     32     27     24     22     30     12     17     15     14     17      5      1      9      0      0      0      0      0      0      5      3      0      1      0      0      0      0      0      0      0      0      0      0      0
      0      0      0      0      0      0      0      0      0      0      0      0      0      3      5      0      2      1      0     10      8      6      0      3     10     20     11      0     23     10     28     29     45     31     62     56     43     28     57     59     37     38     97     55     50     55     63     97     77     67     71     54     68    120     67     80     92     39     55     83     41     47     21     31      3     32     35     47     21     21      0     22     12      7     11     20      6     11      2      3      4      0      0      9      0      0      0      0      0      0      0      0      0      3      0      0      0      0      0
      0      0      0      0      0      0      0      0      0      0      0      0      2      0      1      0      0      2      0      5      0      3     33      5      9      6     14     17     24     25     18     18     28     30     25     43     67     92     40     53     54     48     76     26     87     81     62     36    151     78     79    115     72     87     61     98     72     63     55     56     73     39     46     63     17     38     30     14     13     44     30     16     17      5      9      4      4     20     14      8      1      2      0      2      0      3      1      0      5      0      0      0      0      0      0      0      0      0      0
      0      0      0      0      0      0      0      0      0      0      0      0      0      3      0      0      1      2      0      4      6      7      5      6     19      8      7     12     18     25     39     12     16     52     43     78     57     46     44     62     66     72     59     91     40     66     86    152     56     76    112     47     96    107     47    122     90     33     89     45     34     42     54     44     32     31      7     36     40      2      7     16      5     12     15     34     18      0      9      2      0      1     10      6      0      0      0      0      0      0      1      0      0      0      0      0      0      0      0
      0      0      0      0      0      0      0      0      0      0      1      0      2      0      0      0      3      0      1      1      1      0     24     16      2     12     10     24     25     18      4     25     42     30     19     45     19     35     47     24     60     42     71     70     46    103     75     65     80     97     98     44     57     76     75     43     80     50    109     60     43     30     33     53     66     22     21     19      3     13     18     22     22     11      7      7      7      0     21      3      0      7      9      0      0      4      0      0      0      0      0      1      0      0      0      5      0      0      0
      0      0      0      0      0      0      0      0      0      0      0      0      0      0      1      0      5      1      8      0      0     12     16      1      5     26     19      6      7      9     31     19     15     28     31     39     38     37     38     65     69     77    104     63    110     67     56     49    103     89     85    100     90     29     38     62    130     76     75    100     56     70     41     19     36     67     12     39     23     11     13     42     21     46      7     20      0      0     22      6     16      0      0      1      0      3      0      0      3      0      0      0      0      0      0      0      0      0      0
      0      0      0      0      0      0      3      0      0      5      0     12      0      5      7      2      2      0      4      5     12      2      3      5     16      4     17     35     17     19     32     33     36     84     60     87     37     61     45     98     82     39    108    101     94     91     79    135    112     63    103    121     41     78     71    117    115     81     53     42     48     57     50     59     32     38     39     16     16     19     23     23     12      6     14      2      2      4      5      2      0      4      1      0      0      8      1      0      2      0      0      0      0      0      0      0      0      0      0
      0      0      0      0      0      0      0      0      0      0      0      0      0      0      0      0      0      0      0      1     12     12      6     24     26     18     10     30     15     35     28     38     47     32     44     59     58     39     66     87     67     89     77     82     76    112     73     72     22     83    106     75     74     86     39     42    126    145     79     67     40     33     41     44     39     54     29     52     19     41     35     10     16     13      6      1     10      3      4      6      0      0      7      0      2      0      0      0      0     13      1      0      0      0      0      0      0      0      0
      0      0      1      0      0      0      0      0      0      0      0      0      0      0      1      0      5      0      2      8      5      5     25      1     17     19      8     10     49     37     30     30     30     34     26     82     57     39     62     71     57     69     50     71     63    136    127     81     65     60     83     68    120     68     88     50    100     64     40     28     85     59     52     73     29     10     29     19     35     13      6     52     25     16     18      7      1      8     11      1      4     25      0      5      2      0      1     13      2      0      2      0      0      0      0      0      0      0      0
      0      0      0      0      0      0      0      0      0      0      0      0      0      0      0      2      0      4      0      0      5     12     11      7     12      6      8     27     12     47     30     34     21     51     44     78     60     72     36     82    110     31     62     79    107     62     92     97     95     55    111     80    153    100     85    125     76     64     86     30     74     34     56    115     47     57     48     84     23     55     19      2     21     15      5      3      4      5      1      8      0      0      0      1      0      0      0      0      0      0      0      0      0      0      0      0      0      0      0
      0      0      0      0      0      0      0      0      0      0      0      0      5      0      6      9      0      0      0      5      5      0      0     15     15     18      3      6     18     15      9     35     32     25     45     33     56     46     40     72     48     56     80     82     85     60     71    107     68     69     54     17     88     95     64    115    107     79     52    130     76     51     70    115     29     53     26     30     14     18     11     16      7      4      5     12      7     14      1      0      2      0      0      0      0      0      0      0      0      0      0      0      0      0      0      1      0      0      0
      0      0      0      0      0      0      0      0      0      0      0      0      0      1      0      0      0      3      1      4      4      3      6     19      4     24      9      8     22     10     27     18     24     41     53     51     72     40     62     62     62     40     89     69     89     59    142    127     54     27    111     86     92     52     50    109    107     66     51     94     58    104     41     36     48      9     11     20     30     21     21     10     10     32      3     19     19     20      9      0      5      0     20      0      1      0      0      0      0      0      0      0      0      0      0      0      0      0      0
      0      0      0      0      0      0      0      0      0      2      0      0      0      0      1      9      3      3      7      3      1     11      5      7      6      4     24     22      7     16     44     37     29     50     50     45     28     83     61     55     79     88     93    103    136    101     96     70    151     99    100     93     85     84    115     58     66     49     66     43     32     44     13     50     23     50      1     21     30     21     24     15     37     13     21      4      7      8      6      0     15      0      7      1      0      0      0      1      0      0      0      0      0      0      0      0      0      0      0
      0      0      0      0      0      0      0      0      0      0      5      0      0      0      0      6      0      0      1      7      4      2      0      7      6      3     20     15     12     36     24     27     47     29     67     52     67     34     33     48    105     63     84    109     83     94     79     69     53    111    109     55     67     53     58     55     63     41     52     18     84     30     39     81     59     25     34     11     71      9     19      6      3      8     36      1      0     23      1      6      0      0      0      6     10      0      0      0      0      0      0      0      0      0      0      0      0      0      0
      0      0      0      0      0      0      0      0      0      0      0      0      0      0      0      3      0      3      0      0      0      9      3      1     25     13     13     14     29      5     16     26     28     52     23     21     65     31     62     80     87     74     57     87    109     72     70     56     66    117     90    142     43     53     72    107     54     45     64     36     79    124     82     32     66     35     37     30     19     37     34      7      3     36      8     11     15     16      0      5      8      0      1      1      2      6      0      0      1      0      0      0      0      0      0      0      0      0      0
      0      0      0      0      0      2      0      0      0      0      0      0      0      0      0      0      0      1      1      0     15      0      2      3     24     11     22     12      7     36     47     27     16     18     65     46     55     60     45     64     72     78     84     78     46     85     98     90     58    109     57    100     87     81     66     56     80     39     48     35     31     48     37     39     56     23     73     70     35      3      8      9     27     17      9      2      7     20     11      2      0      6      0      9      9      0      0      0      0      4      0      0      0      0      0      0      0      0      0
      0      0      0      0      0      0      0      0      0      0      0      0      3      0      0      5      1      3      1      0      2      0      0     15      4      2     16     12     40     33     40     30     56     27     29     42     69     41     49     40     63     73     90     44     51     41     30     46    114     43     44     81     71    107    120    116     53     79     69     27     71     45     38     55     41     64     29     21     36     51     18     20      5     20      0      2      0      6      3      3      4      1      3      0      2      0      0      0      9      0      0      0      0      0      0      0      0      0      0
      0      0      0      0      0      0      0      0      0      0     10      0      0      0      1      0      0      1      0      1      0      1      5      9      7     15      1     10     43     14      2     33     28     53     43     70     71     45     46     59    106     43     36    119     95     82     79    112     39     63     35     53     40     71    107     48     45     42     52     85     78     58     21     54     23      9     17     10      1     11     14      9      8      0      4     11      5      1      0      2      0     10     20      2      0      1      0      0      0      0      0      0      0      0      0      0      0      0      0
      0      0      0      0      0      0      0      0      0      0      0      0      0      0      0      0      0      0      4      2      0      8      4      5      5      6      2     10     53     25     34      7      9     18     54     42     58     35     51     66    100     35     35    104    110     96     58     47     51    108     84     81    125     66     86     81    106     47     93     57     80     23     29     40      5     38     36     32     18      0     25     21     20      0      4      0      1      6      1      7      7      5      0      0      0      0      0      0      0      0      0      0      0      0      0      0      0      0      0
      0      0      0      0      0      0      0      0      0      0      0      0      0      0      0      0      0      0      0      0      6      2      2      6      0      0     12     15     10     10     20     20     31     44     39     43     13     55     33     46     59     51     44     47     49     66     59     49     49    136     60     62     37     73     87     29     53     35     54     27     40     69     58     22     35      8     14     17     35      8     15     22     12      7      2      1      0      6      0     11      2      6      1      0      0      0      0      0      0      0      0      0      0      0      0      0      0      0      0
      0      0      0      0      0      0      0      0      0      0      0      0      0      0      0      1      0      0     14      1      2      4      0      2      3     12      6      4     24     18     27     18     11     49     36     26     43     26     39     53     43     63     52     83     48    110     49    121     66     80     53     38     83     56     35     59     67     39     39     27     57     61     40     15     37     21     26     33     12     14      8      0      5     20      1      7      1      3      0      0      6      2      5      0      0      0      0      4      0     18      0      0      0      0      0      0      0      0      0
      0      0      0      0      0      0      0      0      0      0      0      0      0      0      0      0      0      0      0      0      6      0      3      7     22      2     16      0     29     39      5     23     13     11     13     23     48     39     34     41     13     87     41     29     57     46     51     16     20     40     47     41     56     94     26     77     48     39     27     20     18     56     35     31     61     17     24     44     19     15     13     16      0      3      7      1      4     10      2      0      0      0      1      1      0      0      0      0      0      0      0      0      0      0      0      0      0      0      3
      0      0      0      0      0      0      0      0      0      0      0      0      0      0      0      0      0      0      4      0      8      2      0      9      6      9      4     30      9      3     27     24      5     18     24     29     32     28     33     33     29     51     78     32     54     36     77     59     32     49     35     79     35     20     60     72     46     57     43     57     30     28     45     33     22     32     24     25      8     23      9      3      0     19      0      0      0     11      0      0      8      0      5      0      0      0      0      0      0      0      0      0      0      0      0      0      0      0      0
      0      0      0      0      0      0      0      0      0      0      0      0      0     10      0      0      0      0      0      1      5      3      8      0      4     21      1      6     12      5     19     20     13     27     23     58     33     42     18     23     36     53     58     26     71     65     16     25     70     53     22     54     57     26     62      9     21     64     74     24     56     64     20     42     11      8     44      1      6     49      6      0      3     14     12      3      4      0      0      7      5      0      8      1      0      3      0      0      0      0      0      0      0      0      0      0      0      0      0
      0      0      0      0      0      0      0      0      0      0      0      0      0      0      0      0      0      0      1      0      4      9      1      0      4      2     11      9      5     16     15     34     14     14     19     28     15     22     12     28     26     31     43     62     67     43     54     37     31     17     32     29     12     33     35     80     27     32     16     37     27     25     53     19      9     25     13     18      0     27     19      6      5      5      0      5      0      3      0      0      0      1      0      0      0      0      0      0      2      3      0      0      0      0      0      0      0      0      0
      0      0      0      0      0      0      0      0      0      0      0      0      0      0      0      9      0      0      0      0      7      9      0     16      3      2      5      2     10     24     19     19      7     31     11     19     20     12     45     29     25     20     41     31     91     53     48     31     40     55     37     51     41     70     46     46     37     43     24     13     40     18     17     29     20     18     13     16     20     30      7      8      0      6      5      9      1      3      7      1      3      0      0      0      0      0      0      0      0      0      0      0      0      0      0      0      0      0      0
      0      0      0      0      0      0      0      0      0      0      0      0      0      0      0      0      0      2      0      1     10      1      2      2      5      5     18      4      3      7      1     26     13      1     11     24      9     34     48     27     13     60     15     40     32     34     25     38     54     43     27     39     50     49     38     36     23      8     25     25     36     23      8     26     27      7     37     18     11      7      4     14      5     12      0      1      0      0      0      3      0      0      0      0      0      0      0      0      0      0      0      0      0      0      0      0      0      0      0
      0      0      0      0      0      0      0      0      0      0      0      0      0      0      1      1      0      1      0      0      0      0      4      0      0      2      3     15      3      9     10     14      9      3      3     26      1      4     24     41      8     29     22     20     66     16     52     26     34     33     60     43     45     50     18     43     43     45      6     31     11     37     13     17      4      7      8     11      6     19      3      3      9      7      5     27     11      0     13      0      0      1      0      0      0      1      0      0     11      0      0      0      0      0      0      0      0      0      0
      0      0      0      0      0      0      0      0      0      0      0      0      0      0      0      0      4      4      0      4      2      0      2      0      6      6      9      1      2     10     15     14      1     16     14     16     20     27     17     40     36     32     48     34     32     39     21     14     21     18     46     21     20      9     38     10     24     20     13      2     12     17     30      5     16      4      3      6      5     11     14     18      7      5      0      1      0      3      0     13      0      0      1      0      0      0      0      0      1      0      0      0      0      0      0      0      0      0      0
      0      0      0      0      0      0      0      0      0      0      0      8      0      3      0      0      2      0      0      0      5      0      0     12      7      2      0     16     14     16     13     14      5     13     35      1      4     26     12      8     25     23     10     22     23     13     17     25     35     48     19     27     15     14     41     17     14     36      2     31     20      0      9     29     26      6      8      9      2     22      1      6     11      0      0      0      0      2      5      0      0      6      2      0      0      0      0      0      0      0      0      0      0      0      0      0      0      0      0
      0      0      0      0      0      0      0      0      0      0      0      0      0      0      0      0      0      0      0      0      0      0      9      1      4      1      5      0     15      3      4      7      4      1     10      5     18     11      7     58     18     15     19     30     13      5     27     44     31     24     35     33     26     35      6     33      8     13      8      8     16     32     11     23     42      7      6      6      8      3      4      1      0      0      4      0      0      1      9      3      4      0      0      0      7      1      0      0      0      0     10      0      0      0      0      0      0      0      0
      0      0      0      0      0      0      0      0      0      0      0      0      0      2      0      0      0      0      2      0      0      0      7      3      0      1     13      4      0      1      4     20     16      4     13     12      7      3     28     18     23      6      6     10     12     17      8     13     35     44     32     31     31     25     14     26     27     10      6     20     10     12      1     15     21     12     23      2      3      8      1     21      0      0      0      0      0      4      0      0      0      0      2      0      0      0      0      0      0      0      0      0      0      0      0      0      0      0      0
      0      0      0      0      0      0      0      0      0      0      0      0      0      0      0      0      0      0      0      0      4      0      0      1      0      1      8      2      1     16      6      7      1     12     18      6      2      3      6      0     15     17     14     15     37     47     18     36     24     19     15     22     42     10      1      8     22     15     19      7     46     12     16     14      3      0     18      0      9      0      0      7      9      0      0      4      1      0      9      1      0      1      1      0      0      0      0      0      1      0      0      0      0      0      0      0      0      0      0
      0      0      0      0      0      0      0      0      0      0      0      0      0      0      0      2      0      0      0      0      3      1      0      0      0      8      0      1      1      9     13      1     22      2      3     21     12      8     25     13      8      8     10     20     22     11     17      2     13     14     22     24     28     22     10      3     10      5     29     13      2     10     20      8      7     14      8     19     17      6     11      6      0      4      0      2      0      0      7      0      0      0      0      0      0      0      0      0      0      0      0      0      0      0      0      0      0      0      0
      0      0      0      0      0      0      0      0      0      0      0      0      0      0      0      0      0      0      0      0      0      0      3      8      0      0      0      6      4      4      6      3      1      9      4      7     14      1     11      1     16     42     16     12     22      6     17      6     33     23     35      9     32      6      6      9     30      6     16      0     10      4     17     25      5     27     13      0      1      2      4      0      1      4      1      3      0      0      0      0      0      0      0      0      0      0      0      0      0      0      0      0      0      0      0      0      0      0      0
      0      0      0      0      0      0      0      0      0      0      0      0      0      0      0      0      0      0      0      0      0      0      6      3      0      0      0      5      1     16      7      3      6      0     12      4      5      8      9      2      3      2     14     20      8      6     26     11      6     30      6     19     10     12      0     11      3     10     10     10      8     15      7      1     12      0     11      2      8      6      0      6      3      0      4      0      0      3      0      0      9      0      0      0      0      1      0      0      2      0      0      0      3      0      0      0      0      0      0
      0      0      0      0      0      0      0      0      0      0      0      0      0      3      0      0      0      0      0      0      1      0      0      0      4      0      0      3      1      0      5     13      1      3     14      7      0     11      0      4     17     15     19     17     10     16      4     10     25     32     20     11     21     30     17     12     12      9      1      1      4      6      9      4      0     11      8      1      5      1      4      0      3      0      1     12      1      2      0      0      4      9      0      0      0      0      0      0      0      0      0      0      0      0      0      0      0      0      0
      0      0      0      0      0      0      0      0      0      0      0      0      0      3      0      0      0      0      0      0      2      0      0      1      4      0      0      0      6      2      0      3      1      0      5      5      7     22      0     13      5     11     22      2      7     17      3      4      4      1     25      6     12     23      8     30     15      5      9      3      5      6      0      8      6      0      3      6      4     13      2      4      0      6      1      2      0      0      0      0      0      0      0      0      0      0      0      0      0      0      0      0      0      0      0      0      0      0      0
      0      0      0      0      0      0      0      0      0      0      0      0      0      0      0      0      0      0      0      0      0      0      4      0      2      0      0      1      2      0      0     11      0      0      4      3      1      0     16      4     13      2     15     11     11     19     12     13     14      4     18     34     14      7      5     10     10      1      7      4      0      7      6      2      0      0     15      2      0      3      4      3      8      0      0      1      1      0      0     10      0      0      0      0      0      0      0      0      0      0      0      0      0      0      0      0      0      0      0
      0      0      0      0      0      0      0      0      0      0      0      0      0      0      0      0      0      0      0      0      0      0      0      3      0      8      0      0      5      0      0      0     12      0      3      3      6      4     21     13      3      7     29      5     17      9     11     14     16     12     13      0     14      6      0      9     38      3     20      7      5      0     20      1      4     19      0      0      0      9      0      3      0      1      0      0      0      0      6      0      0      0      0      0      0      0      0      0      0      0      0      0      0      0      0      0      0      0      0
      0      0      0      0      0      0      0      0      0      0      0      0      0      0      0      0      0      0      0      4      2      0      0      0      0      5      0      2      0      0      4      0      0      6      1      2      1      5      0      6      9      0     13      4      0      5      2      5      6     13      5     21      4     12     10      8     11      5      1      0      0      3      7      7      4      0      0     11     13      0      8      0      0      0      0      0      0      0      3      0      0      0      0      0      0      0      0      0      0      0      0      0      0      0      0      0      0      0      0
      0      0      0      0      0      0      0      0      0      0      0      0      0      0      0      0      0      0      0      2      0      0      1      2      0      1      2      0     11      0     11      0      3      0      2      1      0      4      4      0      0      0     16     13      1      1      9      4      8      6     10      2     14     24      7      4      6      9      0      0     13      3      9     10     10      3      0      5      2      0      1      0      0      0      0      5      0      0      2      0      0      0      0      0      0      0      0      0      0      0      0      0      0      0      0      0      0      0      0
      0      0      0      0      0      0      0      0      0      0      0      0      0      0      0      0      0      0      0      0      0      0      0      0      0      0      0      0      2      0      1      3      0      4      2      4      2     10      0      0      2     13      6      4      8      3      0      9     12      5      5      9      6      5     16      0      3     18     12      3     10     26      0      2      1     15      8      0      1      0      2      0      0      0      8      0      0      0      0      0      0      0      0      0      0      0      0      0      0      0      0      0      0      0      0      0      0      0      0
      0      0      0      0      0      0      0      0      0      0      0      0      0      0      0      0      0      0      0      0      0      0      3      0      2      0      0      3      0      0      0      3      0      0      4      2      0     10      2      5      0     26      5      0      6     11      7      0      1      6      2     11      0     10      0      3      1      0      1      4      0      0      0      0      4      3      3      1      3      9      1      8      0      0      0      0      0      0      0      0      0      0      0      0      0      0      0      0      0      0      0      0      0      0      0      0      0      0      0
      0      0      0      0      0      0      0      0      0      0      0      0      0      0      0      0      0      0      0      0      0      0      1      6      0      6      0      7      6      2      0      0      9      0     13      9      0     10      8      2     10      0      0     18     16      5      0      2      0      5      6      2      8      8      1      2      2     11      0      0      5      0      3      3      5     20      3      0      1      0      1      3      0      0      0      0      0     10      0      0      0      0      0      0      0      0      0      0      0      0      0      0      0      0      0      0      0      0      0
      0      0      0      0      0      0      0      0      0      0      0      0      0      0      0      0      0      0      0      0      0      0      0      0      0      0      1      0      0      5      0      0      0      0      1      0      0      2      0      0      1      0      3      5      3      3      0      8      8      0      1      2      1      0      7     30      8      2     10      2      0     17      0      0      0      3      0      0      0      0      0      4      0      0      0      0      0      0      0      0      0      0      0      0      0      0      0      0      0      0      0      0      0      0      0      0      0      0      0
      0      0      0      0      0      0      0      0      0      0      0      0      0      0      0      0      0      0      0      0      0      0      0      0      0      0      0      0      0      0      0      0      0      9     14      1      4      1      0      0      4     13      0     10      0      0      1      3      3     16     34      0      3      3      3      0      3     10      0      0      0      6      4      0      3      0      1      0      0      4      5      2      0      2      3      0      0      0      0      0      0      0      0      0      0      0      0      0      0      0      0      0      0      0      0      0      0      0      0
      0      0      0      0      0      0      0      0      0      0      0      0      0      0      0      0      0      0      0      0      0      0      0      0      0      2      0      0      9      0      3      0      0      0      0     22      3      0      0      0      9      4      0      0      0      1      0      5      0     34     11      2      0      0      0      9      1      0      2     22      0     11      0      0      0      0      5      0      0      0      0      0      0      0      0      0      0      0      0      0      5      0      0      0      0      0      0      0      0      0      0      0      0      0      0      0      0      0      0
      0      0      0      0      0      0      0      0      0      0      0      0      0      0      0      0      0      0      0      0      0      0      0      0      0      0      0      0      2      0      0      0      1      0      0      3      9      0      1      0      7      0      0      0      0      3      3      3      6      8      0      0      4     11      0      1      0      2      2      0      1      0      0     15      0      0      0      0      0      0      1      0      0      4      0      0      0      0      0      0      0      0      0      0      0      0      0      0      0      0      0      0      0      0      0      0      0      0      0
      0      0      0      0      0      0      0      0      0      0      0      0      0      0      0      0      0      0      0      0      0      0      0      0      0      7      0      0      2      0      3      0      0      0      1      0      0      8      0      0      1      1      0      0      1      9      6      0      0      0      1      6      0      0      0      3      0      0      1      0      0      0      1      3      0      0      0      3      0      0      0      0      0     15      0      0      1      0      0      0      0      0      0      0      0      0      0      0      0      0      0      0      0      0      0      0      0      0      0
      0      0      0      0      0      0      0      0      0      0      0      0      0      0      0      0      0      0      0      0      0      0      0      0      0      0      0      0      1      0      0      3      0      0      0      2      0      0      1      0      0      0      1      2      0      0      0      7      0      6      0      5      0      0      2      0      1      2      1      0      1      0      0      3      0      0      0      0      0      0      0      0      4      0      0      3      0      0      0      0      0      0      0      0      0      0      0      0      0      0      0      0      0      0      0      0      0      0      0
      0      0      0      0      0      0      0      0      0      0      0      0      0      0      0      0      0      0      0      0      0      0      0      0      0      0      0      0      0      0      0      4      7      0      0      0      0      1      2      0      0      4      0      0      1      1      0      4      0      3      2      0      0      3      2      1      1      0      0      4      0     10      0      0      0      0     11      0      0      0      0     10      0      0      0      0      0      0      0      0      0      0      0      0      0      0      0      0      0      0      0      0      0      0      0      0      0      0      0
      0      0      0      0      0      0      0      0      0      0      0      0      0      0      0      0      0      0      0      0      0      0      0      0      0      0      0      0      0      0      0      0      2      0      0      0      0      0      0      0      0      0      0      0      2      0      3      0      0      2      0      1      0      2      0      5      0      0      2      0      0      0      2      0      0      2      0      0      0      0      0      0      0      0      0      0      0      0      5      0      0      0      0      0      0      0      0      0      0      0      0      0      0      0      0      0      0      0      0
      0      0      0      0      0      0      0      0      0      0      0      0      0      0      0      0      0      0      0      0      0      0      4      0      0      0      0      0      0      0      0      0      1      0      0      0      0      0      0      0      0      8      0      2      0      1      0      0      0      0      0      0      9      0      6      0      4      0      0      0      0      3      0      0      0      0      0      1      0      0      0      0      0      2      0      9      0      0      0      0      0      2      0      0      0      0      0      0      0      0      0      0      0      0      0      0      0      0      0
      0      0      0      0      0      0      0      0      0      0      0      0      0      0      0      0      0      0      0      0      0      0      0      0      0      0      0      0      0      0      0      0      0      0      0      0      0      5      0      0      0      0      0      0      0      0      1      0     19      0      0      0      8      1      1      0      0      0      0      0      0      0      0      2      0      0      5      0      0      0      0      0      0      0      6      0      0      0      0      0      0      0      0      0      0      0      0      0      0      0      0      0      0      0      0      0      0      0      0
      0      0      0      0      0      0      0      0      0      0      0      0      0      0      0      0      0      0      0      0      0      0      0      0      0      0      1      0      0      0      0      0      0      0      0      2      0      0      0      0      0      6      0      0      0      0      3      0      0      1      6      0      0      0      0      6      0      0      0      0      0      0      0      0      3      0      0      0      0      0      0      0      0      0      0      0      0      0      0      0      0      0      0      0      0      0      0      0      0      0      0      0      0      0      0      0      0      0      0
      0      0      0      0      0      0      0      0      0      0      0      0      0      0      0      0      0      0      0      0      4      0      0      0      0      0      0      0      0      0      0      2      0      0      0      1      0      0      0      0      0      0      0      5      2      0      1      0      0      6      0      2      2      0      0     11      0      1      0      7      2      0      0      0      0      0      0      3      0      0      0      0      0      0      0      0      0      0      0      0      0      0      0      0      0      0      0      0      0      0      0      0      0      0      0      0      0      0      0
      0      0      0      0      0      0      0      0      0      0      0      0      0      0      0      0      0      0      1      0      0      0      0      0      0      0      0      0      3      0      0      0      0      0      0      0      0      0      0      6      0      0      5      0      0      1      0      2      0      0      0      0      0      0      0      0      0      0      0      0      0      0      0      0      0      0      0      0      0      0      0      0      3      0      0      0      0      0      0      0      0      0      0      0      0      0      0      0      0      0      0      0      0      0      0      0      0      0      0
      0      0      0      0      0      0      0      0      0      0      0      0      0      0      0      0      0      0      0      0      0      0      0      0      0      0      0      0      0      0      2      0      0      0      1      0      0      1      0      0      1      0      0      8      0      0      0      2      0      0      0      0      0      0      1      0      0      0      0      0      0      0      0      0      0      0      0      0      0      0      0      0      0      0      0      0      0      0      0      0      0      0      0      0      0      0      0      0      0      0      0      0      0      0      0      0      0      0      0
      0      0      0      0      0      0      0      0      0      0      0      0      0      0      0      0      0      0      0      0      0      0      0      0      2      0      0      0      0      0      0      1      0      0      0      0      0      0      0      0      0      0      0      3      0      0      0      0      0      2      4      0      0      0      0      0      0      0      7      0      0      0      0      0      0      0      0      1      2      0      0      0      0      0      0      0      0      0      0      0      0      0      0      0      0      0      0      0      0      0      0      0      0      0      0      0      0      0      0
      0      0      0      0      0      0      0      0      0      0      0      0      0      0      0      0      0      0      0      0      0      0      0      0      0      0      0      0      0      0      0      1      0      0      0      4      0      0      0      0      0      0      0      1      0      0      0      0      0      0      0      0      4      1      0      0      0      0      0      0      0      0      0      0      0      0      0      0      0      0      0      0      0      0      0      0      0      0      0      0      0      0      0      0      0      0      0      0      0      0      0      0      0      0      0      0      0      0      0
      0      0      0      0      0      0      0      0      0      0      0      0      0      0      0      0      0      0      0      0      0      0      0      0      0      0      0      0      0      0      0      0      0      0      0      0      0      0      0      3      0      0      0     10      1      0      0      0      0      0      1      0      0      5      1      0      0      0      0      0      0      5      0      0      0      0      0      4      0      0      0      0      0      0      0      0      0      0      0      0      0      0      0      0      0      0      0      0      0      0      0      0      0      0      0      0      0      0      0
      0      0      0      0      0      0      0      0      0      0      0      0      0      0      0      0      0      0      0      0      0      0      0      0      0      0      0      0      0      0      0      0      0      0      0      0      0      0      0      2      2      0      0      0      0      0      0      1      0      0      0      0      0      1      0      0      0      0      0      0      0      0      0      0      1      0      0      0      0      0      0      0      0      0      0      0      0      0      0      0      0      0      0      0      0      0      0      0      0      0      0      0      0      0      0      0      0      0      0
      0      0      0      0      0      0      0      0      0      0      0      0      0      0      0      0      0      0      0      0      1      0      0      0      0      0      0      0      0      0      0      0      0      0      0      0      0      2      0      0      0      0      0      0      0      0      0      0      0      0      0      0      2      0      0      0      0      0      0      0      0      0      0      0      0      0      0      0      0      1      0      3      0      0      0      0      0      0      0      0      0      0      0      0      0      0      0      0      0      0      0      0      0      0      0      0      0      0      0
      0      0      0      0      0      0      0      0      0      0      0      0      0      0      0      0      0      0      0      0      0      0      0      0      0      0      0      0      0      0      0      0      0      0      0      0      0      0      0      0      0      0      0      0      0      0      0      0      0      0      0      0      0      0      0      0      0      0      0      0      0      0      0      0      0      0      0      0      0      0      0      0      0      0      0      0      0      0      0      0      0      0      0      0      0      0      0      0      0      0      0      0      0      0      0      0      0      0      0
