\ 
\ Covariance Function Histogram Table
\ 
\ X Parameter: Stellar Density
\ X Abbrev   : rho*
\ X Units    : cgs
\ X Items    : 100         
\ 
\ Y Parameter: Total Duration
\ Y Abbrev   : T14
\ Y Units    : days
\ Y Items    : 100         
\ 
|col000|col001|col002|col003|col004|col005|col006|col007|col008|col009|col010|col011|col012|col013|col014|col015|col016|col017|col018|col019|col020|col021|col022|col023|col024|col025|col026|col027|col028|col029|col030|col031|col032|col033|col034|col035|col036|col037|col038|col039|col040|col041|col042|col043|col044|col045|col046|col047|col048|col049|col050|col051|col052|col053|col054|col055|col056|col057|col058|col059|col060|col061|col062|col063|col064|col065|col066|col067|col068|col069|col070|col071|col072|col073|col074|col075|col076|col077|col078|col079|col080|col081|col082|col083|col084|col085|col086|col087|col088|col089|col090|col091|col092|col093|col094|col095|col096|col097|col098|col099|
|int   |int   |int   |int   |int   |int   |int   |int   |int   |int   |int   |int   |int   |int   |int   |int   |int   |int   |int   |int   |int   |int   |int   |int   |int   |int   |int   |int   |int   |int   |int   |int   |int   |int   |int   |int   |int   |int   |int   |int   |int   |int   |int   |int   |int   |int   |int   |int   |int   |int   |int   |int   |int   |int   |int   |int   |int   |int   |int   |int   |int   |int   |int   |int   |int   |int   |int   |int   |int   |int   |int   |int   |int   |int   |int   |int   |int   |int   |int   |int   |int   |int   |int   |int   |int   |int   |int   |int   |int   |int   |int   |int   |int   |int   |int   |int   |int   |int   |int   |int   |
      0      0      0      0      0      0      0      0      0      0      0      0      0      0      0      0      0      0      0      0      0      0      0      0      0      0      0      0      0      0      0      0      0      0      0      0      0      0      0      0      0      0      0      0      0      0      0      0      0      0      0      0      0      0      0      0      0      0      0      0      0      0      0      0      0      0      0      0      0      0      0      0      0      0      0      0      0      0      0      0      0      0      0      0      0      0      0      0      0      0      0      0      0      0      0      0      0      0      0      0
      0      0      0      0      0      0      0      0      0      0      0      0      0      0      0      0      0      0      0      0      0      0      0      0      0      0      0      0      0      0      0      0      0      0      0      0      0      0      0      0      0      0      0      0      0      0      0      0      0      0      0      0      0      0      0      0      0      0      0      0      0      0      0      0      0      0      0      0      0      0      0      0      0      0      0      0      0      0      0      0      0      0      0      0      0      0      0      0      0      0      0      0      0      0      0      0      0      0      0      0
      0      0      0      0      0      0      0      0      0      0      0      0      0      0      0      0      0      0      0      0      0      0      0      0      0      0      0      0      0      0      0      0      0      0      0      0      0      0      0      0      0      0      0      0      0      0      0      0      0      0      0      0      0      0      0      0      0      0      0      0      0      0      0      0      0      0      0      0      0      0      0      0      0      0      0      0      0      0      0      0      0      0      0      0      0      0      0      0      0      0      0      0      0      0      0      0      0      0      0      0
      0      0      0      0      0      0      0      0      0      0      0      0      0      0      0      0      0      0      0      0      0      0      0      0      0      0      0      0      0      0      0      0      0      0      0      0      0      0      0      0      0      0      0      0      0      0      0      0      0      0      0      0      0      0      0      0      0      0      0      0      0      0      0      0      0      0      0      0      0      0      0      0      0      0      0      0      0      0      0      0      0      0      0      0      0      0      0      0      0      0      0      0      0      0      0      0      0      0      0      0
      0      0      0      0      0      0      0      0      0      0      0      0      0      0      0      0      0      0      0      0      0      0      0      0      0      0      0      0      0      0      0      0      0      0      0      0      0      0      0      0      0      0      0      0      0      0      0      0      0      0      0      0      0      0      0      0      0      0      0      0      0      0      0      0      0      0      0      0      0      0      0      0      0      0      0      0      0      0      0      0      0      0      0      0      0      0      0      0      0      0      0      0      0      0      0      0      0      0      0      0
      0      0      0      0      0      0      0      0      0      0      0      0      0      0      0      0      0      0      0      0      0      0      0      0      0      0      0      0      0      0      0      0      0      0      0      0      0      0      0      0      0      0      0      0      0      0      0      0      0      0      0      0      0      0      0      0      0      0      0      0      0      0      0      0      0      0      0      0      0      0      0      0      0      0      0      0      0      0      0      0      0      0      0      0      0      0      0      0      0      0      0      0      0      0      0      0      0      0      0      0
      0      0      0      0      0      0      0      0      0      0      0      0      0      0      0      0      0      0      0      0      0      0      0      0      0      0      0      0      0      0      0      0      0      0      0      0      0      0      0      0      0      0      0      0      0      0      0      0      0      0      0      0      0      0      0      0      0      0      0      0      0      0      0      0      0      0      0      0      0      0      0      0      0      0      0      0      0      0      0      0      0      0      0      0      0      0      0      0      0      0      0      0      0      0      0      0      0      0      0      0
      0      0      0      0      0      0      0      0      0      0      0      0      0      0      0      0      0      0      0      0      0      0      0      0      0      0      0      0      0      0      0      0      0      0      0      0      0      0      0      0      0      0      0      0      0      0      0      0      0      0      0      0      0      0      0      0      0      0      0      0      0      0      0      0      0      0      0      0      0      0      0      0      0      0      0      0      0      0      0      0      0      0      0      0      0      0      0      0      0      0      0      0      0      0      0      0      0      0      0      0
      0      0      0      0      0      0      0      0      0      0      0      0      0      0      0      0      0      0      0      0      0      0      0      0      0      0      0      0      0      0      0      0      0      0      0      0      0      0      0      0      0      0      0      0      0      0      0      0      0      0      0      0      0      0      0      0      0      0      0      0      0      0      0      0      0      0      0      0      0      0      0      0      0      0      0      0      0      0      0      0      0      0      0      0      0      0      0      0      0      0      0      0      0      0      0      0      0      0      0      0
      0      0      0      0      0      0      0      0      0      0      0      0      0      0      0      0      0      0      0      0      0      0      0      0      0      0      0      0      0      0      0      0      0      0      0      0      0      0      0      0      0      0      0      0      0      0      0      0      0      0      0      0      0      0      0      0      0      0      0      0      0      0      0      0      0      0      0      0      0      0      0      0      0      0      0      0      0      0      0      0      0      0      0      2      0      0      0      0      0      0      0      0      0      0      0      0      0      0      0      0
      0      0      0      0      0      0      0      0      0      0      0      0      0      0      0      0      0      0      0      0      0      0      0      0      0      0      0      0      0      0      0      0      0      0      0      0      0      0      0      0      0      0      0      0      0      0      0      0      0      0      0      0      0      0      0      0      0      0      0      0      0      0      0      0      0      0      0      0      0      0      0      0      0      0      0      0      0      0      0      0      0      0      0      0      0      0      0      0      0      0      0      0      0      0      0      0      0      0      0      0
      0      0      0      0      0      0      0      0      0      0      0      0      0      0      0      0      0      0      0      0      0      0      0      0      0      0      0      0      0      0      0      0      0      0      0      0      0      0      0      0      0      0      0      0      0      0      0      0      0      0      0      0      0      0      0      0      0      0      0      0      0      0      0      0      0      0      0      0      0      0      0      0      0      0      0      0      0      0      0      0      0      0      0      0      8      0      0      3      0      0      0      0      0      0      0      0      0      0      0      0
      0      0      0      0      0      0      0      0      0      0      0      0      0      0      0      0      0      0      0      0      0      0      0      0      0      0      0      0      0      0      0      0      0      0      0      0      0      0      0      0      0      0      0      0      0      0      0      0      0      0      0      0      0      0      0      0      0      0      0      3      0      0      0      0      0      0      0      0      0      0      0      0      0      0      0      0      0      0      0      0      0      0      0      0      0      0      0      0      0      0      0      0      0      0      0      0      0      0      0      0
      0      0      0      0      0      0      0      0      0      0      0      0      0      0      0      0      0      0      0      0      0      0      0      0      0      0      0      0      0      0      0      0      0      0      0      0      0      0      0      0      0      0      0      0      0      0      0      0      0      0      0      0      0      0      0      0      0      0      0      0      0      0      0      0      0      0      0      0      0      0      0      0      0      8      0      0      0      8      0      2      1      5      0      0      0      5      0      1      0      0      0      0      0      2      0      0      0      0      0      0
      0      0      0      0      0      0      0      0      0      0      0      0      0      0      0      0      0      0      0      0      0      0      0      0      0      0      0      0      0      0      0      0      0      0      0      0      0      0      0      0      0      0      0      0      0      0      0      0      0      0      0      0      0      0      0      0      0      0      0      0      0      0      0      0      0      0      0      0      0      0      0      0      0      0      0      0      0      0      0      0      0      0      7      0      0      0      4      0      0      0      0      0      0      0      0      0      0      0      0      0
      0      0      0      0      0      0      0      0      0      0      0      0      0      0      0      0      0      0      0      0      0      0      0      0      0      0      0      0      0      0      0      0      0      0      0      0      0      0      0      0      0      0      0      0      0      0      0      0      0      0      0      0      0      0      0      0      6      0      0      0      1      1      0      1      0      0      0      1      0      0      0      0      3      4      0      0      7      2      0      0      2      0      1      0      0      0      0      0      0      0      0      7      0      0      0      0      0      0      0      0
      0      0      0      0      0      0      0      0      0      0      0      0      0      0      0      0      0      0      0      0      0      0      0      0      0      0      0      0      0      0      0      0      0      0      0      0      0      0      0      0      0      0      0      0      0      0      0      0      0      0      0      0      0      0      0      6      0      0      0      0      0      0      0      0      0      2      1     10      0      0      0     10      5      0      0     17      0      0      0      3      0      0      0      0      0      0      5      0      0      0      0      0      3      0      1      0      0      0      0      0
      0      0      0      0      0      0      0      0      0      0      0      0      0      0      0      0      0      0      0      0      0      0      0      0      0      0      0      0      0      0      0      0      0      0      0      0      0      0      0      0      0      0      0      0      0      0      0      0      0      0      0      0      0      0      0      0      0      0      0      0      0      6      0      2      8      0      0      4      3      0      0      0      1      8      3      0     10      0      1      0      0      1      3      0      0      0      1      0      0      0      0      0      1      5      8      1      0      0      0      0
      0      0      0      0      0      0      0      0      0      0      0      0      0      0      0      0      0      0      0      0      0      0      0      0      0      0      0      0      0      0      0      0      0      0      0      0      0      0      0      0      0      0      0      0      0      0      0      0      0      4      0      0      0      0      0      0      0      0      0      0      3     15      0      0      1      0      0      7      0      0      8      0      0      0      6     12      9      9      8      4      6      0     11      0      0      0      0      0      0      1      0      0      0      0      0      0      0      0      0      0
      0      0      0      0      0      0      0      0      0      0      0      0      0      0      0      0      0      0      0      0      0      0      0      0      0      0      0      0      0      0      0      0      0      0      0      0      0      0      0      0      0      0      0      0      0      0      0      0      0      0      0      0      0      0      2      3      0      0     15      7      0      0      5      0      0     10     39      7      8     12      0      0      0      2      5      5      5      4     16      3     15      1      0      0      0      2      0      0      0      2      0      8      0      0      0      0      0      0      0      0
      0      0      0      0      0      0      0      0      0      0      0      0      0      0      0      0      0      0      0      0      0      0      0      0      0      0      0      0      0      0      0      0      0      0      0      0      0      0      0      0      0      0      0      0      0      0      0      0      0      0      0      3      0      0      0      4      0      4      1     12      0      4      0      0      7      6      2      1     15      7     15      3      3      6     12     10     12     11      3      5      3     29      2      0      5      7      0      0      1      4      0      0      0      0      0      0      0      0      0      0
      0      0      0      0      0      0      0      0      0      0      0      0      0      0      0      0      0      0      0      0      0      0      0      0      0      0      0      0      0      0      0      0      0      0      0      0      0      0      0      0      0      0      0      0      0      0      0      0      0      0      0      1      5      0      6      0      0      3      0     11     20      4      0      2      6      4     10     21      4     13      5     20      2      6      6      8     41      2      4     27      7      0      4      0     10      1      3      0      5      0      0      0      0      2      3      0      0      0      0      0
      0      0      0      0      0      0      0      0      0      0      0      0      0      0      0      0      0      0      0      0      0      0      0      0      0      0      0      0      0      0      0      0      0      0      0      0      0      0      0      0      0      0      0      0      0      0      0      0      2      1      1      8      0      0     12     11     16     10      1      7     13     21      8      2      7     18     17     26      9     15     31      7     13      5     17     23      8     17      0      3      0      0      2      0      0      4      1      0      0      2      0      0      0      0      0      0      0      0      0      0
      0      0      0      0      0      0      0      0      0      0      0      0      0      0      0      0      0      0      0      0      0      0      0      0      0      0      0      0      0      0      0      0      0      0      0      0      0      0      0      0      0      0      0      0      0      0      2      7      0      1      3      0      0      1      0      1     13      4     14      1     13     14      3     13     13     31     28      6     12     33      2     10     37     24      4      9      5      3      2      4      2      6      7      4      0      0      2      0      8      0      4      0      0      8      0      0      0      0      0      0
      0      0      0      0      0      0      0      0      0      0      0      0      0      0      0      0      0      0      0      0      0      0      0      0      0      0      0      0      0      0      0      0      0      0      0      0      0      0      0      0      0      0      0      0      0      0      3      0      2      6      9     13     11      2     28     23     12      4     17     15     23     15      4     15     35     30     41     35     17     22     35     14     12     16     14     51      5      1      0      7      7      6      0      2     18      4      0      3      4      9      0      0      0      0      0      0      0      0      0      0
      0      0      0      0      0      0      0      0      0      0      0      0      0      0      0      0      0      0      0      0      0      0      0      0      0      0      0      0      0      0      0      0      0      0      0      0      0      0      0      0      0      0      0      2      0      0      0      1      0      1      1      4     15      8     13      3     16      8     11     15     68     33     37     21     23     30      7     43     23      2     44     11     32      9     34     31      1     11     24     10      0      0     11      2      0      0      5      0      0      0      0      0      0      0      0      0      0      0      0      0
      0      0      0      0      0      0      0      0      0      0      0      0      0      0      0      0      0      0      0      0      0      0      0      0      0      0      0      0      0      0      0      0      0      0      0      0      0      0      0      0      0      0      7      1      0     11      0      1     16      1      3     16      4     38     10     35     16     20     21     16     36     25     11     37     31     17     53     17     15     10     19     38     36     19     22     13      1      9      8      8      9      2      4      9     13      0      1      0      0      0      9      0      0      0      0      0      0      1      0      0
      0      0      0      0      0      0      0      0      0      0      0      0      0      0      0      0      0      0      0      0      0      0      0      0      0      0      0      0      0      0      0      0      0      0      0      0      0      0      0      0      0      3      3      5      1      7      4      0      3     13     15     20     20     19     15     11      7     24     22     47     31     40     26     34     46     22      8     19     22     25     21     21     14      9     14     12      0     15     12      1      3     10      3      2      0      1      0      0      0      0      0      0      2      0      0      0      0      0      1      0
      0      0      0      0      0      0      0      0      0      0      0      0      0      0      0      0      0      0      0      0      0      0      0      0      0      0      0      0      0      0      0      0      0      0      0      0      0      0      0      1      0      9      3      2      1      3      1     16     12     26     11     40     18     16     29     16     11     50     18     40     36     49     55     49     47     23     60     47     31     49     23     62     22     26      1     25     23     11     14      9      0      0     12      4      0      0      3      0      0      0      0      0      0      5      0      0      0      0      0      0
      0      0      0      0      0      0      0      0      0      0      0      0      0      0      0      0      0      0      0      0      0      0      0      0      0      0      0      0      0      0      0      0      0      0      0      0      0      0      0      0      7      0      1      0     30     10     12     14     12     44     20     11     19     18     40     41     51     30     53     70     80     51     61     65     59     61     17     48     40     29     29     36     28     17     12     22      3     13     22     29      3      3      1      0      2      0      0      2      0      2      2      0      0      0      5      0      0      0      0      0
      0      0      0      0      0      0      0      0      0      0      0      0      0      0      0      0      0      0      0      0      0      0      0      0      0      0      0      0      0      0      0      0      0      0      0      0      0      0      0      1      3     16     10      1     22     46      0     19     26     20     56     30     58     47     62     51     32     36     63     59     48     77     71     24     57     54     44     48     17     34     36     19     17     22     59      0     13      8     16     26      0      0      3      2      2      0      0      1      0      0      0      0      0      3      0      0      0      0      0      0
      0      0      0      0      0      0      0      0      0      0      0      0      0      0      0      0      0      0      0      0      0      0      0      0      0      0      0      0      0      0      0      0      0      3      0      0      0      8      0      1     17      2      5     13      6     17     10     33     32     85     55     21     77     34     67     73     60     65     92     36     62     53     76    119     37     41     78     42     55     44     47     35     30     20      9     15     11      5      7      0     14      0      1      6      0      0      1      0      0      2      0      0      0      0      0      0      0      0      0      0
      0      0      0      0      0      0      0      0      0      0      0      0      0      0      0      0      0      0      0      0      0      0      0      0      0      0      0      0      0      0      0      0      0      0      0      0      0      1      4      4      0      5     26     16     31     26     41     42     23     33     38     38     67     52     78     86     57     36    116     60     62     70     46     78     93     52     53     38     23     52     59     30     39      4     24      7      9      0      2      0     15      0     22      4      0      0      0      0      0      0      0      0      0      0      0      0      0      0      0      0
      0      0      0      0      0      0      0      0      0      0      0      0      0      0      0      0      0      0      0      0      0      0      0      0      0      0      0      0      0      4      0      0      0      0      0      6      0      9      4      3      9     10      4     16     12     14     43     71     81     98     83     65    103     55     89     94     68    121     91     77     70    109     36     50     77     66     33     24     34     42     20     15     22      5     10      8      8      6      0      0      3      3      0      0      0      0      0      1      0      0      0      0      3      0      0      0      0      0      0      0
      0      0      0      0      0      0      0      0      0      0      0      0      0      0      0      0      0      0      0      0      0      0      0      0      0      0      0      0      0      0      0      0      0      0      3      6      4      1     13      0      2     21     52     46     19     40     74     64     54     87     48    137     95     85    103     56    103     85    166     64     79    121     71     64    117     45     73     45     27     23     54     31     28      9     21      4      3      8      0      0      7      3      0      0      9      0      0      0      0      0      0      0      0      0      0      0      0      0      0      0
      0      0      0      0      0      0      0      0      0      0      0      0      0      0      0      0      0      0      0      0      0      0      0      0      0      0      0      0      1      0      0      9      0      5      2      6      6      3      0     27     13     25     16     23     28     45     89     60    109     70     92    123     96     89    116     71    150     74    145    124    101     94     92     73     65     64     32     35     25     75     19     35     20     12     16     12      0      7      7      1      2      0      6      0      0      0      0      0      0      0      0      0      0      0      0      0      0      0      0      0
      0      0      0      0      0      0      0      0      0      0      0      0      0      0      0      0      0      0      0      0      0      0      0      0      0      0      4      0      0      0      0      0      4      0      0     10      2      3     27     38     40     36     25     39     48     27    109     78     94     75     94    122    144     85     89     78     88    106    122     90     60     57     53     76     51     50     36     32     48     78     27      8      1     24      0     24     11      3      0      5      2      1      0      0      0      0      0      0      0      0      0      0      0      0      0      0      0      0      0      0
      0      0      0      0      0      0      0      0      0      0      0      0      0      0      0      0      0      0      0      0      0      0      0      0      0      0      0      0      2      0      0      5      0      1      0      4      9     10      1     36     28     32     42     42     39     45     73     61    137    101     84     89    120    121    151    147    130     72    108     91     67     94     88    121     48     49     58     48     30     50     15     30      7      5      1     19      0      5      1     15      0      0      0      0      0      0      0      3      0      0      0      0      0      0      0      0      0      0      0      0
      0      0      0      0      0      0      0      0      0      0      0      0      0      0      0      0      0      0      0      0      0      0      0      0      0      0      0      0      0      0      5      1     15      2      5      0     11      9     19     34     26     45    110     50     72     86    110    120    138     68    136    141    103     80    105     99    100    110     92    139     92     72     56     42     40     56     38     37     33     16     10      3     11      6      8      0     16      2      2      0      6      5      0      0      0      0      0      0      0      0      0      0      0      0      0      0      0      0      0      0
      0      0      0      0      0      0      0      0      0      0      0      0      0      0      0      0      0      0      0      0      0      0      0      0      0      2      0      0      0      0      4      0      8      8      0     26     30      3     52     36     44     56     42     52     49     57     71     73     83     93     92     89    143     95    120    114    123     76    103     54     54     58     51     52     59     43     51     12     26     13     20     15      4     11      0      0      2      7      2      0      0      0      0      0      0      0      0      0      0      0      0      0      0      0      0      0      0      0      0      0
      0      0      0      0      0      0      0      0      0      0      0      0      0      0      0      0      0      0      0      0      0      0      0      0      0      0      2      0      7     24      0     10      9      0     30      8     13     47     26     65     22     33     70    130     55     93    107    174    124    109    129    151    121    142     72    168     82     63     93    108     55     46     23     34     60     31      8      5      5     12      5     11      4      1     11      1      3      0      0      1      0      0      0      0      0      0      0      0      0      0      0      0      0      0      0      0      0      0      0      0
      0      0      0      0      0      0      0      0      0      0      0      0      0      0      0      0      0      0      0      0      0      0      0      0      0      0      0      0      0      0     23      4      7     19     22     39     62     35     35     58     42     60     95     92     78    122    130    116    161    151    159    134    139    142    127    104    130    108     65     73     66     71     66     23     28     17     30     15     27     16      7      7     27      9      0      0      0      7      0      0      9      0      0      0      0      0      0      0      0      0      0      0      0      0      0      0      0      0      0      0
      0      0      0      0      0      0      0      0      0      0      0      0      0      0      0      0      0      0      0      0      0      0      0      2      0      0      0      0      1      0      1      0     12     17     60     12     28     78     89     59     85     62     54     87    134    163    109     92     83    108    130    194    180    152     61     79     41     86     59     60     63     69     19     36     71     15     20     33     18     25     13      2      1     19     10      2      2      0      0      0      2      0      0      0      0      0      0      0      0      0      0      0      0      0      0      0      0      0      0      0
      0      0      0      0      0      0      0      0      0      0      0      0      0      0      0      0      0      0      0      0      0      0      0      0      0      0      4      0     15      3      0     20     16      3     22     45     95     39     78     80     96     65    136     97    158    116    145    158    155    121     52     95    105    102     80     78    117     74     58     41     53     48     39     27     29     17     17      0      9     17      2      1      9      8      0      0      0      0      0      0      0      0      0      0      0      0      0      0      0      0      0      0      0      0      0      0      0      0      0      0
      0      0      0      0      0      0      0      0      0      0      0      0      0      0      0      0      0      0      0      0      0      0      0      0      1      0     11      0      0      8     16      7     25     28     38     27     25     62     52     32    111    119    121    131    105    185    129    139    195    133    122    122    108    101    138    128    117     62     47     81     43     34     42     73     20      1     21      9      3     33     18      3      6      0      0      0      0      3      3      0      0      0      0      0      0      0      0      0      0      0      0      0      0      0      0      0      0      0      0      0
      0      0      0      0      0      0      0      0      0      0      0      0      0      0      0      0      0      0      0      0      0      0      0      0      0      0      0      4      3      0      8      8     16     10     23     25     51     43     78     61     98    123     79     82    143    139     68    133     91    207    158    127    136    103     91     36     55     93     52     86     39     33     27     12     27      3     20      4      1      1      0      0      0      0      0      0      5      0      0      0      0      0      0      0      0      0      0      0      0      0      0      0      0      0      0      0      0      0      0      0
      0      0      0      0      0      0      0      0      0      0      0      0      0      0      0      0      0      0      0      0      0      2      0      0      0     11      0      1      4     18     18     16     46     25     36     55     73     92     66     67     58     83     93    134    156    176    118     94     94    166    118    113     81     69     84     63     92     87     69     54     26     26     18     15     16     22      6      1      0      4      1     14      0      0      4      5      0      0      0      0      0      0      1      0      0      0      0      0      0      0      0      0      0      0      0      0      0      0      0      0
      0      0      0      0      0      0      0      0      0      0      0      0      0      0      0      0      0      0      1      0      0      0      0      2      0      0      0      6      0      5     18     28     18     66     35     50     55     86     88    103     60     90    124    114    138    152    211    138    167    190     55    123    113    124     50     87     49     13     40     34     38     39     38     24     18     14      0      6      3      2      0     10      0      0      4      0      0      0      0      3      0      0      0      0      0      0      0      0      0      0      0      0      0      0      0      0      0      0      0      0
      0      0      0      0      0      0      0      0      0      0      0      0      0      0      0      0      0      0      0      0      1      0      0     13      0      0     14      1      8     17     37     25     40     26     57     44     97     52     47     76    116    138    139     99    150    101    187    141     60    110    118     92     70     59     66     56     36     59     25     17     51      4     21      5      3     17      2     31      0      5      0      0      0      0      0      2      0      0      0      0      0      0      0      0      0      0      0      0      0      0      0      0      0      0      0      0      0      0      0      0
      0      0      0      0      0      0      0      0      0      0      0      0      0      0      0      0      0      0      0      0      0      0      1      2      0     39      4     13     17     21     58     16     59     30     37     91     77     92     76    136     90    124    103    154    173    100    110    121    133    153     95     60    106    115     42     48     43     51     27     25      9     16     30      6      6      0      0      1      3      2      0      2      0      1      0      0      0      0      0      0      0      0      0      0      0      0      0      0      0      0      0      0      0      0      0      0      0      0      0      0
      0      0      0      0      0      0      0      0      0      0      0      0      0      0      0      0      0      0      3      0      0      7      0     15      4      6      4      0      7     26      5     44     31     76    107     95     57     78     92     91    105     98    147     83    179    137    158    130    117     72     80     50     56     69     61     51     69     22     29     30     19     23     24      2     10      5      1      2      0      0      2      1      1      0      0      0      0      0      0      0      0      0      0      0      0      0      0      0      0      0      0      0      0      0      0      0      0      0      0      0
      0      0      0      0      0      0      0      0      0      0      0      0      0      0      0      0      0      0      0      0      0      0      1      1     10      3     10     45      9     33     19     29     64     40     74     60     89     55    162     82    124     91    159    140    110    164    114    138     65     79     38     84     82     51     49     24     20     28     34     19     15      4     16      2      9      6      6      0      0     12      0      0      0      0      0      0      0      0      0      0      0      0      0      0      0      0      0      0      0      0      0      0      0      0      0      0      0      0      0      0
      0      0      0      0      0      0      0      0      0      0      0      0      0      0      0      0      0      0      0      0      1      1      0      2     11      0     11     17     34     23     30     17     36     79     42     33     50     64    100     69    173    118     99     82    103    155    202     89    108     60    110     77     60     48     71     39     12      5      0      4     26      6      0     10      0      0      2      0     10      0      0      0      0      0      0      0      0      0      0      0      0      0      0      0      0      0      0      0      0      0      0      0      0      0      0      0      0      0      0      0
      0      0      0      0      0      0      0      0      0      0      0      0      0      5      0      0      0      0      0      0      0      5      3      0      1      3     45     43     44     39     33     40    102     42     65    156     94    131    128     83     88     91    105    125    143    112    142     45    106     92     82     66     19     28     27     24     26     19      3     13     19      2     12      9      2      2      0      2      0      0      0      0      0      0      0      0      0      0      0      0      0      0      0      0      0      0      0      0      0      0      0      0      0      0      0      0      0      0      0      0
      0      0      0      0      0      0      0      0      0      0      0      0      0      0      0      0      0      0      0      0      0      0      5      8      0      9     11     29     19     36     23     47     73     95     61     50     72     73     65    185     64     67     87     89     89     52     91     66    112     34     68     54     44     28     35     26     11     15      8      1     11      3      1      0      4      3      0      0      0      0      0      0      0      0      0      0      0      0      0      0      0      0      0      0      0      0      0      0      0      0      0      0      0      0      0      0      0      0      0      0
      0      0      0      0      0      0      0      0      0      0      0      0      0      4      0      0      0      0      0      1      0     20      2      7      6     21     31     23     13     28     43     28     63     50     70     81    132     88     81     98    109    115    135    100     66     82     64     68     66     42     70     34     24     25     12     22     15     22      2     16      5      0     26      6      9      0      0      1      0      0      0      0      0      0      0      0      0      0      0      0      0      0      0      0      0      0      0      0      0      0      0      0      0      0      0      0      0      0      0      0
      0      0      0      0      0      0      0      0      0      0      0      0      0      0      0      0      0      1      0      0      6      4      2      7      3     10      3     25     35     59     47     40     65     58     42     67     49     87     69     71     82     74    126     57     53     46     48     49     56     38     48     43     26     55     23      8     11     13      2      2     11      1      6      2      0      0      0      0      0      0      0      0      0      0      0      0      0      0      0      0      0      0      0      0      0      0      0      0      0      0      0      0      0      0      0      0      0      0      0      0
      0      0      0      0      0      0      0      0      0      0      0      0      0      0      0      0      0     15      0     13      0      3      1     21     22     17      9     20     27     24     38     59     37     53     86     38     76     69     74    135     64    153     70     76     70     50     46     39     65     43     11     41     35      5     15      2      5      2      8     17      0      5      0      0      2      2      0      0      0      0      0      0      0      0      0      0      0      0      0      0      0      0      0      0      0      0      0      0      0      0      0      0      0      0      0      0      0      0      0      0
      0      0      0      0      0      0      0      0      0      0      0      0      0      0      0      0      0      0      1      4      4      0      1      6      2     39     31     27     34     27     43     56     63     99     50     42    106     53     84     89     89     95     78     59     40     47     70     19     47     63     26     24     30      2     20      9      0      2      8      0      1      0      0      5     10      0      0      0      0      0      0      0      0      0      0      0      0      0      0      0      0      0      0      0      0      0      0      0      0      0      0      0      0      0      0      0      0      0      0      0
      0      0      0      0      0      0      0      0      0      0      0      0      0      0      0      0      0      0      5      2      5      0      0     10      6     31     28     24     25     47      6     48     46     63     30     60    127     84     50     81     72     45     55     58     40     38     72      2     18     13     18      6     22      7      5     14      2      2      4      0      0      0      0      0      0      0      0      1      0      0      0      0      0      0      0      0      0      0      0      0      0      0      0      0      0      0      0      0      0      0      0      0      0      0      0      0      0      0      0      0
      0      0      0      0      0      0      0      0      0      0      0      0      0      0      0      3      0      6      0      5      0      4     25      7     30     13     13     41     33     20     88     62     64     85     73    133     54     65     63     25     78     63     35     56     50     51     34     37     21     20     14     12      0     14      0      3      6      3      4      0      0      0      0      0      0      0      0      0      0      0      0      0      0      0      0      0      0      0      0      0      0      0      0      0      0      0      0      0      0      0      0      0      0      0      0      0      0      0      0      0
      0      0      0      0      0      0      0      0      0      0      0      0      0      0      0      0      0      0      0     20      0      0      4     12     14      6     27     18     16     83     32     32     40     36     83     37     63     81     92     41     61     41     45     55     50     42     28     28     18     12     10      8      1     16      2      0      2      0      1      7      2      1      0      0      0      0      0      0      0      0      0      0      0      0      0      0      0      0      0      0      0      0      0      0      0      0      0      0      0      0      0      0      0      0      0      0      0      0      0      0
      0      0      0      0      0      0      0      0      0      0      0      0      0     11      0      0      3      0      0      0      3      6      6      8     18     13     16     21     56     40     29     75     71     70     64     40     79     50     79     32     52     40     21     50     23     16      9     12      5     16      2     14     13     21      0      0      0      4      0      0      0      0      0      0      0      0      0      0      0      0      0      0      0      0      0      0      0      0      0      0      0      0      0      0      0      0      0      0      0      0      0      0      0      0      0      0      0      0      0      0
      0      0      0      0      0      0      0      0      0      0      0      0      0      0      0      0      0      0      0      2      3      7     21      4     18     22     27     15     13      5     35     10     52     42     55     52     54     83     54     31     46     62     45     23      8     21      6      9     13     22      8      2      5      3      0     11      0      0      6      4      0      0      0      0      1      0      0      0      0      0      0      0      0      0      0      0      0      0      0      0      0      0      0      0      0      0      0      0      0      0      0      0      0      0      0      0      0      0      0      0
      0      0      0      0      0      0      0      0      0      0      0      0      0      0      0      0     13     14      0      4      5      1      3      8     16     32     22     20     23     35     37     24     32     38    101     34     33     37     53     34     37     12     24     10     17     21     22     32     17     14      4      3      2      0      0      2      0      0      1      0      0      0      0      0      0      0      0      0      0      0      0      0      0      0      0      0      0      0      0      0      0      0      0      0      0      0      0      0      0      0      0      0      0      0      0      0      0      0      0      0
      0      0      0      0      0      0      0      0      0      0      0      0      0      3     11      2      0      1      0     10      1      5      7     21     15      4     21     18     72     15     44     57     82     18     33     20     43     44     26     37     32     11     21     35     23     27      1      5      7      4      4     12      0      0      0      0      0      0      0      0      0      0      0      0      0      0      0      0      0      0      0      0      0      0      0      0      0      0      0      0      0      0      0      0      0      0      0      0      0      0      0      0      0      0      0      0      0      0      0      0
      0      0      0      0      0      0      0      0      0      0      0      0      0      1      0      3      0      3      4      0      8      6     12     19      1     46     13     16     33     32     56     28     33     26     38     10     50     36     12     42     36     26     35      1     26      8      9      7      0      5      0      2      2      0      0      3      0      0      0      0      0      0      0      1      0      0      0      0      0      0      0      0      0      0      0      0      0      0      0      0      0      0      0      0      0      0      0      0      0      0      0      0      0      0      0      0      0      0      0      0
      0      0      0      0      0      0      0      0      0      0      0      0      0      0      0      0      1      0      0      2      7     14      3      9      6      9     11     50     12     28     46     44     55     46     28     42     38     27     24     30     17     29     13     11      8     11      4      0      6      8      0      4      2      0      0      0      0      0      0      4      0      0      0      0      0      0      0      0      0      0      0      0      0      0      0      0      0      0      0      0      0      0      0      0      0      0      0      0      0      0      0      0      0      0      0      0      0      0      0      0
      0      0      0      0      0      0      0      0      0      0      0      1      0      0      1      0      0     11      0      1      0      0      3     24      4     14     22     10     33     26     35     41     21     27     43     49      6     21     22     43     13     30      1      9     16      2     12      0     15      2      2      9      6      0      0      0      2      0      0      0      0      0      0      0      0      0      0      0      0      0      0      0      0      0      0      0      0      0      0      0      0      0      0      0      0      0      0      0      0      0      0      0      0      0      0      0      0      0      0      0
      0      0      0      0      0      0      0      0      0      0      0      0      0      0      0      4      2      6      3      0     13      8      6      4     14     22      3     27     36     29      6      5     23     16     43     46     35     21     51     17     11     29     24     16      4      6      5      0      1      4      1      0      0      0      0      0      0      0      0      0      0      0      0      0      0      0      0      0      0      0      0      0      0      0      0      0      0      0      0      0      0      0      0      0      0      0      0      0      0      0      0      0      0      0      0      0      0      0      0      0
      0      0      0      0      0      0      0      0      1      0      0      0      0      4      0      0      5      2      0      0      9      0      9     11     13     10     36     12     16     33     20     30     17     13      6     32      8     16     24     28     17      3     11      6      4      8      1      0      0      0      0      0      0      0      0      0      0      0      0      0      0      0      0      0      0      0      0      0      0      0      0      0      0      0      0      0      0      0      0      0      0      0      0      0      0      0      0      0      0      0      0      0      0      0      0      0      0      0      0      0
      0      0      0      0      0      0      0      0      0      0      0      0      0      0      3      0      3      2      1      2     20      3     11      5      4     13     23     27     26     32     13     28     50     26      8     35     34     28      8      3     14      1     25      0      3      0      0      0      0      1      0      1      1      0      0      0      0      0      0      0      0      0      0      0      0      0      0      0      0      0      0      0      0      0      0      0      0      0      0      0      0      0      0      0      0      0      0      0      0      0      0      0      0      0      0      0      0      0      0      0
      0      0      0      0      0      0      0      0      0      0      0      0      0      0      1      0      0      2      0      9      3     17     17     10     10     28     28     12     13     20     35      7      5     12     11     24     34     11      5      6     22      0      2      0      2      0      1      1      0      4      0      0      0      0      0      0      0      0      0      0      0      0      0      0      0      0      0      0      0      0      0      0      0      0      0      0      0      0      0      0      0      0      0      0      0      0      0      0      0      0      0      0      0      0      0      0      0      0      0      0
      0      0      0      0      0      0      0      0      0      0      0      0      0      0      1      0      0      0     14     11      5     13      3     10     11     28     22     21     14      7      6     26     10      7     10     22      6      0     21     20     15      7      4      9      7      0      3      0      0      1      0      0      0      0      0      0      0      0      0      0      0      0      0      0      0      0      0      0      0      0      0      0      0      0      0      0      0      0      0      0      0      0      0      0      0      0      0      0      0      0      0      0      0      0      0      0      0      0      0      0
      0      0      0      0      0      0      0      0      1      0      0      3      0      0      0      0      3     11      1      9     11      7     15      6     14     12     30      8     29      3     15     16     27     14     27     31      5     18     14     13      5      1     10      8      0      0      6      2      0      4      0      0      0      0      0      0      0      0      0      0      0      0      0      0      0      0      0      0      0      0      0      0      0      0      0      0      0      0      0      0      0      0      0      0      0      0      0      0      0      0      0      0      0      0      0      0      0      0      0      0
      0      0      0      0      0      0      0      0      0      0      0      0      0      0      0      2      5     13      0     20      2      3     11     21      6      7      7     10      9      3      8     14      6     19     11     15      5      6      1     11      7      4      0      0      0      0      0      0      0      2      0      0      0      0      0      0      0      0      0      0      0      0      0      0      0      0      0      0      0      0      0      0      0      0      0      0      0      0      0      0      0      0      0      0      0      0      0      0      0      0      0      0      0      0      0      0      0      0      0      0
      0      0      0      0      0      0      0      0      0      0      0      1      3      1      0      4      0      0      6      2      2     21      9      0      6      9      4     18     23     17      0     16     16      6     24      2     27     13      0      3      4      0      3      0      0      0      0      0      0      0      0      0      0      1      0      0      0      0      0      0      0      0      0      0      0      0      0      0      0      0      0      0      0      0      0      0      0      0      0      0      0      0      0      0      0      0      0      0      0      0      0      0      0      0      0      0      0      0      0      0
      0      0      0      0      0      0      0      0      0      0      5      0      0      0      0      0      0      0      7      0     14      0      1     35      9      9     13     38      3     12      3     22     12      7      8     12      8      4      7      1      1      0      7      0      0      0      2      0      0      0      0      0      0      0      0      0      0      0      0      0      0      0      0      0      0      0      0      0      0      0      0      0      0      0      0      0      0      0      0      0      0      0      0      0      0      0      0      0      0      0      0      0      0      0      0      0      0      0      0      0
      0      0      0      0      0      0      0      0      0      0      0      0      0      0      0      5      0      0      4      5      0     12      1     11     13      3      8     13      7      8      4     13      3      7      9      2      9      3      0      3      1      0     14      1      0      0      1      0      0      0      0      0      0      0      0      0      0      0      0      0      0      0      0      0      0      0      0      0      0      0      0      0      0      0      0      0      0      0      0      0      0      0      0      0      0      0      0      0      0      0      0      0      0      0      0      0      0      0      0      0
      0      0      0      0      0      0      0      0      0      0      0      0      0      0      0      0      6      0      9     17      8     18     16     13      8     11      0     11      8      1      7     11      5      7     21      7     10      1      0      0      7      2     10      6      0      0      0      0      0      0      9      0      0      0      0      0      0      0      0      0      0      0      0      0      0      0      0      0      0      0      0      0      0      0      0      0      0      0      0      0      0      0      0      0      0      0      0      0      0      0      0      0      0      0      0      0      0      0      0      0
      0      0      0      0      0      0      0      0      0      3      0      0      0      0      0      0      4      0      1      0      4      0      2      0      1     18      1      3      8      1      5      5      3      4      2      4     14      1      9      0     22      0      1     11      0      0      0      0      0      0      0      0      0      0      0      0      0      0      0      0      0      0      0      0      0      0      0      0      0      0      0      0      0      0      0      0      0      0      0      0      0      0      0      0      0      0      0      0      0      0      0      0      0      0      0      0      0      0      0      0
      0      0      0      0      0      0      0      0      0      0      0      2      0      0      4      0      8      7     15      0      0     13      1      1     25      1      8     25     13      8      4      4      0      0      3      1     10     11      1      0      0      0      0      0      0      0      0      0      0      0      0      0      0      0      0      0      0      0      0      0      0      0      0      0      0      0      0      0      0      0      0      0      0      0      0      0      0      0      0      0      0      0      0      0      0      0      0      0      0      0      0      0      0      0      0      0      0      0      0      0
      0      0      0      0      0      0      0      0      0      0      0      0      0     14      0      0      1     16      1      3      2     21      5      5      0     14      9     14      5      4     13     11      0      5      1      0      9      0      0      0      0      7      0      0      0      0      0      0      0      0      0      0      0      0      0      0      0      0      0      0      0      0      0      0      0      0      0      0      0      0      0      0      0      0      0      0      0      0      0      0      0      0      0      0      0      0      0      0      0      0      0      0      0      0      0      0      0      0      0      0
      0      0      0      0      0      0      0      0      0      0      0      0      0      0      0      0     18      0      3      1      3     22      7      2      1      1      7      4      7      4      0      0      0      0      3      1      0      1      2      0      0      0      0      0      0      0      0      0      0      0      0      0      0      0      0      0      0      0      0      0      0      0      0      0      0      0      0      0      0      0      0      0      0      0      0      0      0      0      0      0      0      0      0      0      0      0      0      0      0      0      0      0      0      0      0      0      0      0      0      0
      0      0      0      0      0      0      0      0      0      0      0      0      0      0      0     15      0      3      2      6      5      7      1      0      3      0      0      0      1      8      0      0     11      1      0      0      0      7      2      1      0      0      0      0      0      0      0      0      0      0      0      0      0      0      0      0      0      0      0      0      0      0      0      0      0      0      0      0      0      0      0      0      0      0      0      0      0      0      0      0      0      0      0      0      0      0      0      0      0      0      0      0      0      0      0      0      0      0      0      0
      0      0      0      0      0      0      0      0      0      0      0      0      0      0      0      0      1      2      4      2      2      0      0      5      2      0      5      9      4      0      0      0      0      0      5      1      0      2      0      1      0      0      0      0      0      0      0      0      0      0      0      0      0      0      0      0      0      0      0      0      0      0      0      0      0      0      0      0      0      0      0      0      0      0      0      0      0      0      0      0      0      0      0      0      0      0      0      0      0      0      0      0      0      0      0      0      0      0      0      0
      0      0      0      0      0      0      0      0      0      0      0      1      1      0     11      0      0      0      2      0     12      9      4      1      0      7     10      1      5      4      0      2      1      0      0      0      0      0      0      0      0      0      0      0      0      0      0      0      0      0      0      0      0      0      0      0      0      0      0      0      0      0      0      0      0      0      0      0      0      0      0      0      0      0      0      0      0      0      0      0      0      0      0      0      0      0      0      0      0      0      0      0      0      0      0      0      0      0      0      0
      0      0      0      0      0      0      0      5      0      0      0      0      0      2      0      0      0      1      0      0      2      4      0      2      0      0      0      0      1      3      3      1      2      0      0      0      2      0      0      0      0      0      0      0      0      0      0      0      0      0      0      0      0      0      0      0      0      0      0      0      0      0      0      0      0      0      0      0      0      0      0      0      0      0      0      0      0      0      0      0      0      0      0      0      0      0      0      0      0      0      0      0      0      0      0      0      0      0      0      0
      0      0      0      0      0      0      0      0      0      0      0      0      4      0      0      1      0      7      0      0     17      0      2      3      0      0      0      1      2      3      0      4      0      2      6      0      0      0      0      0      0      0      0      0      0      0      0      0      0      0      0      0      0      0      0      0      0      0      0      0      0      0      0      0      0      0      0      0      0      0      0      0      0      0      0      0      0      0      0      0      0      0      0      0      0      0      0      0      0      0      0      0      0      0      0      0      0      0      0      0
      0      0      0      0      0      0      0      0      0      0      1      0      0      0      0      0      2      0      0     13      4      6      0     21      0      0      0      0      0      0      0      0      0      0      1      0      0      0      0      0      0      0      0      0      0      0      0      0      0      0      0      0      0      0      0      0      0      0      0      0      0      0      0      0      0      0      0      0      0      0      0      0      0      0      0      0      0      0      0      0      0      0      0      0      0      0      0      0      0      0      0      0      0      0      0      0      0      0      0      0
      0      0      0      0      0      0      0      0      0      0      0      0      0      6      1      0      3      0      0      2      0      2      4      1      0      0      0      4      0      0      0      0      0      0      2      0      0      0      0      3      0      0      0      0      0      0      0      0      0      0      0      0      0      0      0      0      0      0      0      0      0      0      0      0      0      0      0      0      0      0      0      0      0      0      0      0      0      0      0      0      0      0      0      0      0      0      0      0      0      0      0      0      0      0      0      0      0      0      0      0
      0      0      0      0      0      0      0      0      0      0      0      0      0      0      0      0      0      0      0      0      0      0      7      8      0      0      4      6      5      0      5      0      1      2      0      0      0      0     11      0      0      0      0      0      0      0      0      0      0      0      0      0      0      0      0      0      0      0      0      0      0      0      0      0      0      0      0      0      0      0      0      0      0      0      0      0      0      0      0      0      0      0      0      0      0      0      0      0      0      0      0      0      0      0      0      0      0      0      0      0
      0      0      0      0      0      0      0      0      0      0      0      0      0      0      0      0      0      3      0      0      0      5      0      4      0      2      0      5      0      0      0      0      0      1      0      0      0      1      0      0      0      0      0      0      0      0      0      0      0      0      0      0      0      0      0      0      0      0      0      0      0      0      0      0      0      0      0      0      0      0      0      0      0      0      0      0      0      0      0      0      0      0      0      0      0      0      0      0      0      0      0      0      0      0      0      0      0      0      0      0
      0      0      0      0      0      0      0      0      0      0      0      8      0      0      0      0      0      0      0      0      0      0      1      0      0      0      0      1      2      0      0      3      0      0      0      0      0      0      1      0      0      0      0      0      0      0      0      0      0      0      0      0      0      0      0      0      0      0      0      0      0      0      0      0      0      0      0      0      0      0      0      0      0      0      0      0      0      0      0      0      0      0      0      0      0      0      0      0      0      0      0      0      0      0      0      0      0      0      0      0
      0      0      0      0      0      0      0      0      0      0      0      0      0      0      9      0      0      0      0      0      0      1      3      0      0      0      0      4      4      0      0      1      0      0      0      0      0      0      0      0      0      0      0      0      0      0      0      0      0      0      0      0      0      0      0      0      0      0      0      0      0      0      0      0      0      0      0      0      0      0      0      0      0      0      0      0      0      0      0      0      0      0      0      0      0      0      0      0      0      0      0      0      0      0      0      0      0      0      0      0
      0      0      0      0      0      0      0      0      0      0      0      0      0      0      0      0      1      0      0      0      0      0      0      1      0      5      0      0      0      0      0      4      0      0      0      0      0      0      0      0      0      0      0      0      0      0      0      0      0      0      0      0      0      0      0      0      0      0      0      0      0      0      0      0      0      0      0      0      0      0      0      0      0      0      0      0      0      0      0      0      0      0      0      0      0      0      0      0      0      0      0      0      0      0      0      0      0      0      0      0
      0      0      0      0      0      0      0      0      0      0      1      0      4      0      0     10      0      0      1      0      5      0      0      1      5      3      0      0      0      0      0      0      0      0      0      0      0      0      0      0      0      0      0      0      0      0      0      0      0      0      0      0      0      0      0      0      0      0      0      0      0      0      0      0      0      0      0      0      0      0      0      0      0      0      0      0      0      0      0      0      0      0      0      0      0      0      0      0      0      0      0      0      0      0      0      0      0      0      0      0
      0      0      0      0      0      0      0      0      0      0      0      0      0      0      0      0      0      0      0      1      3      0      0      0      2      0      0      0      1      0      0      0      0      0      0      0      0      0      0      0      0      0      0      0      0      0      0      0      0      0      0      0      0      0      0      0      0      0      0      0      0      0      0      0      0      0      0      0      0      0      0      0      0      0      0      0      0      0      0      0      0      0      0      0      0      0      0      0      0      0      0      0      0      0      0      0      0      0      0      0
      0      0      0      0      0      0      0      0      0      0      0      2      0      0      0      0      0      0      0      1      0      0      2      0      0      1      3      0      0      0      0      0      0      0      0      0      0      0      0      0      0      0      0      0      0      0      0      0      0      0      0      0      0      0      0      0      0      0      0      0      0      0      0      0      0      0      0      0      0      0      0      0      0      0      0      0      0      0      0      0      0      0      0      0      0      0      0      0      0      0      0      0      0      0      0      0      0      0      0      0
      0      0      0      0      0      0      0      0      0      0      0      0      0      0      0      0      0      0      0      0      0      0      0      0      0      0      0      0      0      0      0      0      0      0      0      0      0      0      0      0      0      0      0      0      0      0      0      0      0      0      0      0      0      0      0      0      0      0      0      0      0      0      0      0      0      0      0      0      0      0      0      0      0      0      0      0      0      0      0      0      0      0      0      0      0      0      0      0      0      0      0      0      0      0      0      0      0      0      0      0
