\ 
\ Covariance Function Histogram Table
\ 
\ X Parameter: Stellar Radius
\ X Abbrev   : R*
\ X Units    : Rsun
\ X Items    : 100         
\ 
\ Y Parameter: RV Semi-Amplitude
\ Y Abbrev   : K
\ Y Units    : m/s
\ Y Items    : 99          
\ 
|col000|col001|col002|col003|col004|col005|col006|col007|col008|col009|col010|col011|col012|col013|col014|col015|col016|col017|col018|col019|col020|col021|col022|col023|col024|col025|col026|col027|col028|col029|col030|col031|col032|col033|col034|col035|col036|col037|col038|col039|col040|col041|col042|col043|col044|col045|col046|col047|col048|col049|col050|col051|col052|col053|col054|col055|col056|col057|col058|col059|col060|col061|col062|col063|col064|col065|col066|col067|col068|col069|col070|col071|col072|col073|col074|col075|col076|col077|col078|col079|col080|col081|col082|col083|col084|col085|col086|col087|col088|col089|col090|col091|col092|col093|col094|col095|col096|col097|col098|
|int   |int   |int   |int   |int   |int   |int   |int   |int   |int   |int   |int   |int   |int   |int   |int   |int   |int   |int   |int   |int   |int   |int   |int   |int   |int   |int   |int   |int   |int   |int   |int   |int   |int   |int   |int   |int   |int   |int   |int   |int   |int   |int   |int   |int   |int   |int   |int   |int   |int   |int   |int   |int   |int   |int   |int   |int   |int   |int   |int   |int   |int   |int   |int   |int   |int   |int   |int   |int   |int   |int   |int   |int   |int   |int   |int   |int   |int   |int   |int   |int   |int   |int   |int   |int   |int   |int   |int   |int   |int   |int   |int   |int   |int   |int   |int   |int   |int   |int   |
      0      0      0      0      0      0      0      0      0      0      0      0      0      0      0      0      0      0      0      0      0      0      0      0      0      0      0      0      0      0      0      0      0      0      0      0      0      0      0      0      0      0      0      0      0      0      0      0      0      0      0      0      0      0      0      0      0      0      0      0      0      0      0      0      0      0      0      0      0      0      0      2      0      0      0      0      0      0      0      0      0      0      0      0      0      0      0      0      0      0      0      0      0      0      0      0      0      0      0
      0      0      0      0      0      0      0      0      0      0      0      0      0      0      0      0      0      0      0      0      0      0      0      0      0      0      0      0      0      0      0      0      0      0      0      0      0      0      0      0      0      0      0      0      0      0      0      0      0      0      0      0      0      0      0      0      0      0      7      0      0      0      0      0      0      0      0      0      0      0      0      0      0      0      0      0      0      0      0      0      0      0      0      0      0      0      0      0      0      0      0      0      0      0      0      0      0      0      0
      0      0      0      0      0      0      0      0      0      0      0      0      0      0      0      0      0      0      0      0      0      0      0      0      0      0      0      0      0      0      0      0      0      0      0      0      0      0      0      0      0      0      0      0      0      0      0      0      0      0      0      0      0      0      0      0      0      0      0      0      0      0      0      0      0      0      0      0      0      0      0      0      0      0      0      0      0      0      0      0      0      0      0      0      0      0      0      0      0      0      0      0      0      0      0      0      0      0      0
      0      0      0      0      0      0      0      0      0      0      0      0      0      0      0      0      0      0      0      0      0      0      0      0      0      0      0      0      0      0      0      0      0      0      0      0      0      0      0      0      0      0      0      0      0      0      0      0      0      0      0      0      0      0      0      6      0      0      0      0      0      0      0      0      1      0      0      0      0      0      0      0      0      0      0      0      0      0      0      0      0      0      0      0      0      0      0      0      0      0      0      0      0      0      0      0      0      0      0
      0      0      0      0      0      0      0      0      0      0      0      0      0      0      0      0      0      0      0      0      0      0      0      0      0      0      0      0      0      0      0      0      0      0      0      0      0      0      0      0      2      0      0      0      0      0      0      0      0      0      0      0      0      0      0      0      0      0      0      0      0      0      0      0      0      0      0      0      0      0      0      0      0      0      0      0      0      0      0      0      0      0      0      0      0      0      0      0      0      0      0      0      0      0      0      0      0      0      0
      0      0      0      0      0      0      0      0      0      0      0      0      0      0      0      0      0      0      0      0      0      0      0      0      0      0      0      0      0      0      0      0      0      0      5      0      0      0      0      0      0      0      0      0      0      0      0      0      0      8      0      0      0      0      0      0      0      0      0      0      0      0      0      0      0      0      0      0      0      0      0      0      0      0      0      0      0      0      0      0      0      0      0      0      0      0      0      0      0      0      0      0      0      0      0      0      0      0      0
      0      0      0      0      0      0      0      0      0      0      0      0      0      0      0      0      0      0      0      0      0      0      0      0      0      0      0      0      0      0      0      0      0      0      0      0      0      0      0      0      0      0      0      0      0      0      0      0      0      0      0      3      0      0      0      0      0      3      0      0      0      0      0      0      0      0      0      0      0      0      0      0      0      0      0      0      0      0      0      0      0      0      0      0      0      0      0      0      0      0      0      0      0      0      0      0      0      0      0
      0      0      0      0      0      0      0      0      0      0      0      0      0      0      0      0      0      0      0      0      0      0      0      0      0      0      0      0      0      0      0      0      0      0      0      0      0      0      0      0      0      0      0      0      0      0      0      0      0      0      0      0      0      0      0      0      0      0      0      0      0      0      0      0      0      0      0      0      0      0      0      0      0      0      0      0      0      0      0      0      0      0      0      0      0      0      0      0      0      0      0      0      0      0      0      0      0      0      0
      0      0      0      0      0      0      0      0      0      0      0      0      0      0      0      0      0      0      0      0      0      0      0      0      0      0      3      0      0      0      0      0      0      0      0      0      0      0      0      0      0      1      0      0      0      0      0      0      0      0      0      0      0      0      0      0      0      0      0      0      0      0      0      0      0      0      0      0      0      0      2      0      0      0      0      0      0      0      0      0      0      0      0      0      0      0      0      0      0      0      0      0      0      0      0      0      0      0      0
      0      0      0      0      0      0      0      0      0      0      0      0      0      0      0      0      0      0      0      0      0      0      0      0      0      0      0      0      0      0      0      0      0      0      0      0      0      0      0      0      0      0      0      0      3      0      0      0      0      0      0      0      0      0      0      0      1      0      0      0      0      0      0      0      0      0      0      0      0      0      0      0      0      0      0      0      0      0      0      0      0      0      0      0      0      0      0      0      0      0      0      0      0      0      0      0      0      0      0
      0      0      0      0      0      0      0      0      0      0      0      0      0      0      0      0      0      0      0      0      0      0      0      0      0      2      0      0      0      0      0      0      0      0      0      0      0      0      0      0      0      0      0      0      0      7      0      6      1      0      0      0      0      0      0      0      1      0      0      0      0      5      1      0      0      0      0      0      0      0      0      8      0      0      0      0      0      0      0      0      0      0      0      0      0      0      0      0      0      0      0      0      0      0      0      0      0      0      0
      0      0      0      0      0      0      0      0      0      0      0      0      0      0      0      0      0      0      0      0      0      0      0      0      0      0      0      0      0      0      0      0      0      0      2      0      0      0      0      2      0      4      0      3      0      0      0      0     15      0      3      0      0      0      0      0      0      0      0      0      0      0      0      0      0      0      0      0      0      1      0      0      0      0      0      0      0      0      0      0      0      0      0      0      0      0      0      0      0      0      0      0      0      0      0      0      0      0      0
      0      0      0      0      0      0      0      0      0      0      0      0      0      0      0      0      0      0      0      0      4      0      0      0      0      0      0      0      0      0      0      0      0      0      1      0      0      3      0      0      0      0      0      0      0      0      0      2      0      0      0      0      0      0      2      1      4      6      0      1      0      0      2      0      0      0      0      0      0      0      0      0      0      0      6      0      0      0      0      0      0      0      0      0      0      0      1      0      0      0      0      0      0      0      0      0      0      0      0
      0      0      0      0      0      0      0      0      0      0      0      0      0      0      0      0      0      0      0      0      0      0      0      0      0      0      0      0      0      0      0      0      7      0      0      4      0      0      0      0      3      0      0      0      0      0      0      0      0     22      1      0      0      0      0      0      0      0      0      0      0      0      0      0      0      0     11      3      0      0      0      0      0      0      0      0      0      0      5      0      0      2      0      0      0      0      0      0      0      0      0      0      0      0      0      0      0      0      0
      0      0      0      0      0      0      0      0      0      0      0      0      0      0      0      0      0      0      0      0      0      0      0      0      0      0      0      0      0      0      0      0      0      0      0      0      0      5      0      0      0      0      0      8      1      0      7      0      0     15      0      5      0      0      0      0      2      0      0      0      0      0      0      0      0      0      0      0      0      0      0      3      0      0      0      0      0      0      0      0      0      0      0      0      0      0      0      0      0      0      0      0      0      0      0      0      0      0      0
      0      0      0      0      0      0      0      0      0      0      0      0      0      0      0      0      0      0      0      0      0      0      4      0      0      0      0      0      0      0      3      0      0      1      0      0      0      0      0      0      0      0      2      2      2      4      8      4      0      0      0      0      0      0      0      0      1      0      0      4      0      0      0      1      0      0      0      0      0      0      0      0      0      0      0      9      0      0      0      0      0      0      0      0      0      0      0      0      0      0      0      0      0      0      0      0      0      0      0
      0      0      0      0      0      0      0      0      0      0      0      0      0      0      0      0      0      0      0      0      1      0      0      0      0      0      0      0      0      0      0      2      1      0      0      2      0      0      0      1      0      0      0      0      1      1      0      4      0      3      0      0      5      6      2      0      7      0      0      0      0      5      0     12      3      0      3      0      0      0      0      0      0      2      1      5      0      0      0      0      0      0      0      0      0      0      0      0      0      0      0      0      0      0      0      0      0      0      0
      0      0      0      0      0      0      0      0      0      0      0      0      0      0      0      0      0      0      0      0      0      0      0      0      0      6      0      0      0      0      5      5      0      0      0      1      0      0      0      1      0      4      1     12      2      1      3      4      0     10      9      1      2      0      0      3      1      6      2      0      0      0      0      0     10      0      1      3      1      0      0      0      0      0      0      0      0      0      0      0      0      0      0      0      0      0      0      0      0      0      0      0      0      0      0      0      0      0      0
      0      0      0      0      0      0      0      0      0      0      0      0      0      0      0      0      0      0      0      0      0      0      1      0      0      0      1      0      1      0      0      6      0      0      7     16      0      0      7      0      9      1      8      0      0     10      3     11      0      6      6      0      0      2      6      0      0      3      0      0      4      7      1      4      0      0     11      2      0      0      1      2      0      4      0      0      0      0      0      0      0      0      0      0      0      0      0      0      0      0      0      0      0      0      0      0      0      0      0
      0      0      0      0      0      0      0      0      0      0      0      0      0      0      0      0      0      0      0      0      0      0      0      0      0      0      3      0      2      0      0      0      0      0      9      1      0      1      0      0      7      0      0      0      1      5      2      4      0     11     25      3      0      4      8      0     18      1      0      5      0     11      0      0      0      0      0      2      0      0      0      0      4      0      0      3      1      0     12      0      0      0      0      0      0      0      0      0      2      0      0      0      0      0      0      0      0      0      0
      0      0      0      0      0      0      0      0      0      0      0      0      0      0      0      0      0      0      0      0      0      0      1      0      2      0      1      0      8      0      3      0      0      5      0      3      4      0      0      0      1      0     14      2      0      6      2      9      5      4      7     14      8     10      1      7      2     12      5     11      0      6      0      0      3      0      0      3      3      6      0      0      4      2      0      0      0      0      7      0      0      0      0      0      0      0      0      0      0      0      0      0      0      0      0      0      0      0      0
      0      0      0      0      0      0      0      0      0      0      0      0      0      0      0      2      0      0      0      0      0      0      1     12      0      0      0      0      2      0      3      1      0      0      1      0      0      1      0      3      9     11     19      2      3      1      0      0      9      0     26      9      8      9      0      1      5      0      0      0      7      1     31      1      0      0      5      3      0      0      0      0      1      4      3      0      0      0      0      0      0      0      0      0      0      0      0      0      0      0      0      0      0      0      0      0      0      0      0
      0      0      0      0      0      0      0      0      0      0      0      0      0      0      0      0      0      0      1      0      0      0      0      0      0      0      0      1      0      2      0      0      3      9      3      3      2      0      6      1      1      1      2     12      6      5      1     12      6      6      1     13      6      4      3     13      4     14      2      4      5      9      0     10     12      0      9      0      4      3      0      9      0     15      4      0      0     10      0      1      0      0      0      0      0      0      0      0      0      0      0      0      0      0      0      0      0      0      0
      0      0      0      0      0      0      0      0      0      0      0      0      0      0      0      0      0      0      0      0      0      0      0      0      0      0      4      1      9      1      0      0      4     10     13      1      0     14      0      0      0      0     25      5      0      2      0      4      7      1      8      3     31      6      2     29      7      4      0      4      6      0     23      0      4      0      6      0      0      0      0      3      0      6      8      0      0      0      0      0      0      0      0      0      0      0      0      0      0      0      0      0      0      0      0      0      0      0      0
      0      0      0      0      0      0      0      0      0      0      0      0      0      0      0      0      0      0      0      0      1      0      2      2      0      0      0      3      5      0      4      9     16      2      5      6      0     34     12     23      0     21     17      5     24      3     19     13     23      2     25     26      6     33      7      7      7      2      1      4      2      9      2     21      6     17      8      2     14     10      5      2      0      0      0      0      0      0      0      0      0      0      1      0      0      0      0      0      0      0      0      0      0      0      0      0      0      0      0
      0      0      0      0      0      0      0      0      0      0      0      0      0      0      0      0      0      0      0      2      2      4      0      0      0      2      5      3      4      5      0      2      4      2     11      1      1      1     20      8      3     31     10      5      2      4     23      3     10      9     19      6     12     12     10     15     17     19      8     14      5     30      1     27      4      2      5     14      2      0      0     10      4      0      0      1      5      0      0     10      0      5      0      0      0      0      0      0      0      0      9      0      0      0      0      0      0      0      0
      0      0      0      0      0      0      0      0      0      0      0      0      0      0      0      0      0      0      0      0      0      0      7      0      0      0      0      5      5      0      1      3     10      0      1     10      6     10      7      8      6     19      6     18     29      6      7      6     15     13     16      1      7     19      5     26     20      4     19      0     20     20     10      6      2      5     22      8      0     17      6     17      0      0      0      0      1      0      0      0      5      0      0      0      0      0      0      0      0      0      0      0      0      0      0      0      0      0      0
      0      0      0      0      0      0      0      0      0      0      0      0      0      0      0      0      0      0      0      0      0      0      0      5      4      3      0      0      9      2      0      9      7      2     14     11     11     12      0      9     28      6     17     19      8      2     19      5     16     11     38     24     20     32      7     33      8     14      3      1     22      5     15      3     26     15      0      4      0      7      5     18      0      0      0      0      0      3      9      8      0     12      0      0      0      0      0      0      0      0      0      0      0      0      0      0      0      0      0
      0      0      0      0      0      0      0      0      0      0      0      0      0      0      0      0      0      0      0      0      0      0      0      5      2     11      0     11     12      3      9      0      5      0      0     22     19      8     22     14     19      8      6     21     38     73     23     18     33     53     16     17      3     26     39     42     13     11     27      2      6      8     22     13     26     43      7     11      1      0     13      0     15      5      0      3      0      0      0      0      0      0      2      0      0      0      0      0      0      0      0      0      0      0      0      0      0      0      0
      0      0      0      0      0      0      0      0      0      0      0      8      0      0      0      0      0      1      0      2      0      0      0      0      0      0      4      2      4     11      1      7     15      7     12     12     17      8     24     11     12     16     12     33     14     12     27     19     23     36     44     22     26     19     12     14     21     16     24     28      0      8      3      4     15      0      3      7     12      4     18     14     11      8      0      0      0      4      0      0     13      0      0      0      0      0      0      0      0      0      0      0      0      0      0      0      0      0      0
      0      0      0      0      0      0      0      0      0      0      0      0      0      3      0      0      0      0      0      0      6      0      0      0      4      2      0      7      2      0      8      5      6      3     14     12      8     16     24      3     22     33     41     68     40     18     48     45     33     34      7     32     45     17     38     27     37     24     15      4     35     26     20      7      4     10     26      4     12      0      9      0     12      0      1      0      0      1      9      0      0      0      0      0      0      1      0      0      0      0      0      0      3      0      0      0      0      0      0
      0      0      0      0      0      0      0      0      0      0      0      0      0      0      0      0      0      4      1      2      4      0      9      9      0      1      5      0      3     19     19     18      1      4     21     26     10     13     25     35     14     27     44     18     20     24     18     29     18     57     23     39     28     57     16     15     63     25     19     18     42     30     17     25     26      9      5     15      1      1      4      6      9     11      2     18      0      2      2      1      0      0      0      0      0      1      0      0     12      0      0      0      0      0      0      0      0      0      0
      0      0      0      0      0      0      0      0      0      0      0      0      0      0      0      0      0      0      0      0      0      0      4      8      1     10     11     16     28     18     34      8      1     20      7      1      3     18     49     16     34     52     12     26     32     27     38     15     61     47     31      9     26     46     47      5     20     47     42     16     36     11     18      8      5     14     23     19     15     23     13      1     10      0      0      6      2      0      5      0      3      0      0      0      0      0      0      0      0      0      0      0      0      0      0      0      0      0      0
      0      0      0      0      0      0      0      0      0      0      0      0      0      0      0      0      4      0      0      0      0      0      0      3      4      5      1      1      4     13     12     36      7     13     22     15      8     28     17     29     22     41      2     32     49     65     27     44     16     34     34     43     46     56     37     14     54     11     32     20     10     36     12     17     50     49     10     35     12     15     15      8      6      0      4      0      2      3      4      1      0      0      0      0      0      0      0      0      0      0      0      0      0      0      0      0      0      0      0
      0      0      0      0      0      0      0      0      0      0      0      0      0      3      0      0      0      0      0      0      4      3      4      2     11      3      3      2     11     12     20     30      4      2     50     15     29     38     16     38     35     42     52     35     33     48     39     28     66     66     67     36     34     38     36     46     42     27     41     32     52     19     35     34      8     20     11      0     20     25     12      4      0      1      3      0     12      0      7     16      0      0      0      0      0      1      0      0      0      0      0      0      0      0      0      0      0      0      0
      0      0      0      0      0      0      0      0      0      0      0      0      0     10      0      0      0      0     11      4      4      1      3      4      2     11      3     24     11     14     12     43     43     26     12     28     22      9     37     30     35     55     38     51     83     41     67     58     27     77     46     40     80     10     39     38     47     40     29     16     53     43     55     42     14     21     18     12      7     28      6     15     10     11      0      1      0      3      5      0      4      1      0      0      0      0      0      0      0      0      0      0      0      0      0      0      0      0      0
      0      0      0      0      0      0      0      0      0      0      0      0      0      1      0      0      0      0      0      0      0      0      7      7      3     12      6      2     19     11     12     24     13     38     10     30     15     50     19     53     98     56     98     34     59     63     92     54     31     41     32     66     53     56     32     68     25     26     39     25     39      8     36     29     32     29     27      5     19     42     16      7      4     25      2      2      0      2      0      0      8      7      0      0      0      0      0      0      0      0      0      0      0      0      0      0      0      0      0
      0      0      0      0      0      0      0      0      0      0      0      0      0      0      0      0      2      2      0      1     15      0      2      8      2      7      5      1     20     16     12      4     14     35     28     29     26     30     50     34     31     40     68     32     74     36     48     29     74     39     54     94     39     30     64     21     70     58     43     39     39     21     28     20     27     23     26     19     13     25      2     10      5      4      0     23      1     17      0      7      0      1     26      0      9      0      0      4      1      0      0      0      0      0      0      0      0      0      0
      0      0      0      0      0      0      0      0      0      0      0      0      0      3      0      0      1      0      0      3      9     10     14      1      4      6     18      7     23     16     27     26      3     35     15     71     25     24     52     53     33     53     24     88     94     36     38     39     51     95     77    119     65     88     47     56     42     37     27     27     35     33     48     52     30     13     15     25     42     24     19     21      0      5      5      1      4     12      0      0      2      3      3      1      0      0      0      0      0      3      1      0      0      0      0      0      0      0      0
      0      0      0      0      0      0      0      0      0      0      0      0      0      2      0      3      0      0      2      2      8      9      7      0     27     12     15     14      2     13     16     47     18     10     45     36     34     39     46     64     32     65     36     72     78     46     37     71     70     56     65     59     51     80     68     61     71     40     33     42     45     53     16     57     24     19     17     45     12     30      2     22      7     10     17     13      5      0      0      5     11      0      3      0      0      0      0      0      3      0      0      0      0      0      0      0      0      0      0
      0      0      0      0      0      0      0      0      0      0      0      0      0      0      1      0      0      0      0      1      7      9      3     12      6     10      4      4     35     22     10      5     10     31     52     32    101     37     54     47     70     67     75     33     53     78     45     90     52    112     38     55    123     75     82     55     38     88     39     75     63     76     29     22     29     20     30     51     26      5     17     15      0     11     12      5      3      2      3      1      0      1      9      2      0      0      0      0      0     22      0      0      0      0      0      0      0      0      3
      0      0      0      0      0      0      0      0      0      0      0      0      0      0      0     10      0      3      4      0      7      0      4      3      6     10     12     17     15     34     39     16     49     11     43     31    114     63     52     53     43     54     44     62     69     69     53     57     78     69     52     71    111     74     39     47     78     93     24     84     41     80     37     50     70     27     35      9     15     35     18      4      9     15     21     10      0      5      4      3      5      4      0      1      0      4      0      0      0      0      0      0      0      0      0      0      0      0      0
      0      0      0      0      0      0      0      0      0      0      0      0      0      0      0      0      0      0      1      0      0      0      0      1     14     14     16      1     50     24     22     11     43     23     33     51     55     79     47     49     57    109     96     75    107    107     75     96     47     76     30     94     41    119     96    144     84     73     78     45     65     94     65     59     18     28     20     38     34     15     27      7     17     14      5     11      7     23      0      0      3      0      0      3      1      0      0      0      0      0      0      0      0      0      0      0      0      0      0
      0      0      0      0      0      0      0      0      0      0      0      0      0      0      0      8      0      1      5      1      2      1      0      3      3      4     19     17     32     32     10     30     41     16     45     49     35     53     39     63     65     51    110    139     85    106     72     68     68     92     75     70     52     58     59    148     61     36     60     51     72     65     39     74     13     33     48     36     31     26      5     12     15     17      3      0      0     16      5      5      0      0      0      7      0      0      0      0      0      0      0      0      0      0      0      0      0      0      0
      0      0      0      0      0      0      0      0      0      0      0      0      3      0      5      0      0      0      0      3      0      0      1     11      6     15      3     27      9     31     56     28     27     39     81     70     22     44     50     57    119     52     71     83     79     77    146    176    106    108    104     65     82     97     81     40     84     57     67     31     70     68     21     44     59     27     21     49     45     23     20     14      7     12      3      3     15      1      5      0      7      4      8      0      0      0      0      0      0      0      0      0      0      0      0      0      0      0      0
      0      0      0      0      0      0      0      0      0      0      0      0      0      0      0      7      2      1      1      0      8      8      5      2     16      3      8     31     13     11     27     62     23     43     38     51     49     41     55     82     65     37     42     86     76     74     94     87     81     94    133     63     68     67     62    141     55     85     25     67     40     78     19     62     12     18     63     19     20      8     17      4      2     10     21      2     15     11      7      1     10      0      2      0     10      0      0      0      0      2      0      0      0      0      0      0      0      0      0
      0      0      0      0      0      0      0      0      0      0      0      0      0      0      0      2      0      5      0      9     23      2      7      6      4     26      4     34     28     39     21     28     45     64     36     64     40     17     24     33    103     92     75     87    108     87     82     70     89     50     79    113     80     71    138     83     81     69    109     24     59     72     27     72     43     67     21     40     37     32     22      6     23     22      3      1      4     13      0      0      2      7      4      8      9      0      0      0      0      0      0      0      0      0      0      0      0      0      0
      0      0      0      0      0      0      0      0      0      0      0      0      2      0      0      0      0      0      7      4      1     10      3     10      9     10     27     19     32     37     34     38     27     13     45     45     77     46     63     91    100     58     60    107    112    121    135     92    114     66     71     43     73    108     82     41     69     64     75     58     52     64     78     83     51     20     24     15     18     20     27     40     19      6     16      9      0      3     25      2      0     10      4      0      2      6      0      0      0      0      0      0      0      0      0      0      0      0      0
      0      0      0      0      0      2      0      0      0      0      0      0      0      0      0     15      0      0      3      1      5      2     28     25      8      3     27      9     39     55     12     20     18     51     45     47     72     68     68     52     75     41     83     82     95     97     79     77     73     53     79     77    105     50     63     97     50     38     77     40     70     30     43     69     22     33     28     31     24     13     28     10      2     24      2     10      0      1      0      7      5      0      0      0      0      0      0      0      9      0      0      0      0      0      0      0      0      0      0
      0      0      1      0      0      0      0      0      0      2      0      0      0      0      4      0      0      0      0      0      7     26     11      8      8     14     15     23     15     41     11     14     33     44     42     49     31     50     36     91     51     92     53     53    122     63     70     63     49    105    142     98    102     91     57    106    116     35     74     91    115     50     75     42     77     49     45     41     16     36     17      9     19     15      0     16      0     11      7      2      3     27      0      1      3      0      0      1      2      0      0      0      0      0      0      0      0      0      0
      0      0      0      0      0      0      0      0      0      0      5     12      0      0      1      2      2      6      3     11      3     13      3     19      9     10     35     14      9     15     38     22     27     49     62     79     34     66     44     58     56     57     84    104     54     84     32    113    114     51     74     84     46     57     77     80    107     87     75     84     47     58     34     63     38     29     71     37     16     18      6     14     22     40      5     18     26     22      0      2      1      0      0      0      2      8      0      2      0      0      2      0      0      0      0      0      0      0      0
      0      0      0      0      0      0      0      0      0      0      0      0      0      0      0      0      0      0      3      2      2      1      7     12     31     19     10     22     23     12     48     32     23     79     63     70     89     53     66    100    100     44     55     66     92     90    103    116     77    114     81     99     78     46     85    124     70     96     41     43     59     59     40     47     88     29     23     26     20     50     39     26     23      7      1      8      7     16      1     10      2      0      0      0      0      0      0      0      0      0      0      0      0      0      0      1      0      0      0
      0      0      0      0      0      0      0      0      0      0      0      0      0      3      0      0      0      0      1      9      1      1      0      9      5      5      8      4      2      6     25     39     37     41     29     54     28     31     35     98     61     73     95    104     94     58    100     92     44     89    107     68    149     63     85     97     77    111     34     65     55     96     88     70     34     30     25     41     32     12      7      6     40      6     11      2      2      0      7      4      6      2     24      0      0      0      1      0      0      0      0      0      0      0      0      5      0      0      0
      0      0      0      0      0      0      0      0      0      0     10      0      0      2      0      0      2      2      0      0      4      0      1     16     27     20     27     11     39     17      9     21     25     58     38     41     78     55     18     75     45     73     80     64    116     96     56    112     75     84     82     62     66     52     78     68     51     52    119     55     60     38     26     42     32     80     36     46     46     14     25     44     13     17     15     15      1      7     29      3      7      0      5      0      0      2      0     11      5      0      1      0      0      0      0      0      0      0      0
      0      0      0      0      0      0      3      0      0      0      0      0      2      0      0      0      3      8      0      8      3      2     18      0      7     11      9      2     14     11     32     46     31     81     24     40     39     50     23     76     84     25     69     56     61     85     65     56     92     74     74     43     88     99     62     67     71     52    103     97     65     75     15     58     18     46     27     21     15     17     10      9      9     10     20     44      4      6      4      0      1      4      2      0      0      0      0      0      0     11      1      0      0      0      0      0      0      0      0
      0      0      0      0      0      0      0      0      0      5      0      0      0     10      1      0      3      0      4      0      0      5     14      0      6     10      4     18     12     19     27     31     24     49     43    100     64     33     32     18     42     48     83     70     69     73     53     28     65     66    112     72     65     88     33     64     92     35     46     59     26     28     25     62     28     27     17     37     16     14      8     27     17     17      9      1      2     13      4      6      0      5     10      2      0      0      1      0      0      0      0      0      0      0      0      0      0      0      0
      0      0      0      0      0      0      0      0      0      0      1      0      0      0      2      0      1      0      0      0      4     10      4      7      4     16      6     22     17     21     27     14     25     38     46     39     46     38     38     72     56     26    105     86     72     89     90     82     53     80     77     72    110    112     45     77     88     64     61     33     61     35     76     31     29     47     44     20     26     12     17     10      1     18      0      1      6      0      1      5     10      0      2      0      0      0      0      0      0      0      0      1      0      0      0      0      0      0      0
      0      0      0      0      0      0      0      0      0      0      0      0      5      0      4      0      1      5      0      0      3      3     17      3      2     12      8      2     16     17     48     11     14     32     54     35     59     57     58     44     18    107     91     66     31    102    121     38     36     49     74     88     52     25     68     76    120     58     52     85     27     29     70     45     37     25     20     27     21     52      5      7     18      6     23     12      4      0      6      0      1      0      0      5      0      3      0      0      5      0      0      0      0      3      0      0      0      0      0
      0      0      0      0      0      0      0      0      0      0      0      0      0      5      0      0      2      4      1      0      0      0      0      1      9     19     26     15     22      4      8      7     16      9     22     49     50     38     46     25     65     30     37     76     28     24     81     99     77     32     84     68     56    106    126     75    107     30     56     11     46     37     54     78     25     52     17     19     32     18      9     12      4      0     20      2      3      5      0      2      0      2      0     11      7      1      1      0      0      0      0      0      2      0      0      0      0      0      0
      0      0      0      0      0      0      0      0      0      0      0      0      0      0      1      0      0      0      4      4      7     11      9      9     22      9      6     10      5     20     55     22     18     13     38     25     27     46     62     27     57     39     79     67     46     45     33     40     89     64     57    123     68     72     70     84    107     36     52     67     46     55     15     28     10     20     13     19      9     13     21     22      0     13     28     19      2     10      4      8      0      0      0      0      0      1      0      0      0      0      0      0      0      0      0      0      0      0      0
      0      0      0      0      0      0      0      0      0      1      0      0      0      0      4      0      0      0      0      0      0      0     12      3     12     11      1     10      9      8      9     25     33     24     31     45     30     26     32     49     66     66     75     36     19     54     74     33     61     54     54     30     49     33     35     99     76     59     23     29     41     21     24     45     28     32     18      2      1     29     21     22      6      2     11      0      3      0      2      0      0      0      0      0      0      0      0      1      0      0      0      0      0      0      0      0      0      0      0
      0      0      0      0      0      0      0      0      0      0      0      0      0      3      0      0      0      0      0      6      8      5      4      6     20     11      4     17     21      8     32     17     15     15     48     25     44     20     13     50     40     38     61     38     43     27     39     79     55     39     72     66     86     47     33     55     63     17     25     18     25     15     31     27     16     19      6     17     20     13     10     24      1      2      4      2      3      0     12      0      5      0      0      0      0      3      0      0      0      0      0      0      0      0      0      0      0      0      0
      0      0      0      0      0      0      0      0      0      0      0      0      0      1      1      0      2      0      0      1      1      2      4      1     11      2      2      0     32     33      0      5     16     44     12     17     11     42     50     27     39     33     52     36     55     23     50     41     87     88     45     44     48     46     40     35     18     32     24     45     53     55      3     61     16     14     10     18     12      5      9      0     16      7      2      4      2     16      1      8      0      0      0      0      0      4      0      0      0      0      0      0      0      0      0      0      0      0      0
      0      0      0      0      0      0      0      0      0      0      0      0      0      0      4      0      0      0      0      3      0      0      4      7      2      2      2      7      1     19     19     10     16     26     25     24     27     32     38     42     24     43     24     34     35     40     46     42     40     44     53     41     41     34     45     21     19     23     49     35     16     26     33      9     50      2     19      4     15     18     41     13     22     13      8      6      6      0      0      0      0      5      0      0      0      0      0      0      0      0      0      0      0      0      0      0      0      0      0
      0      0      0      0      0      0      0      0      0      0      0      0      0      0      1      0      2      5      0      0     12      1      1      0      0      0     13      4     12     13      0     34      8     13     23     10     19     21     36     30     29     12     61     40     20     29     18     81     35     60     17     33     57     15     43     26      6     60     44     57     27     33     12      9      9     27     20     28     28     16      3     18      4     12      3      0      1     10      1      7      0      0      0      1      0      0      0      0      0      0      0      0      8      0      0      0      0      0      0
      0      0      0      0      0      0      0      0      0      0      0      0      0      0      0      0      3      0      0      0      1      0      0     12      7     10     13     17      4     15     12     13     17     13     14     53     11     22     29     31     40     12     29     14     18     77     71     17     80     58     81     46     42     40     28     43     16     20     58     46      9     45      5     10     27     20     28     24      8     10      4      8      5      1      9      1      0      0      0      0      0      1      0      8      0      0      0     22      0      0      0      0      0      0      0      0      0      0      0
      0      0      0      0      0      0      0      0      0      0      0      0      0      0      0      0      2      0      0      0      0      0      1      1      4      0     16      2      2     10      5      1     16     14     25      9     27     24     33     30     29     11     36     29     49     29     52     11     14     10     49     48     37     33     27      6     17     22     29     38     22     27      5      2      7     25     15      3     18     19      1      2      9      8      1      0      2      0      4      0      0      0      0      4      0      0      0      0      4      0      0      0      0      0      0      0      0      0      0
      0      0      0      0      0      0      0      0      0      0      0      0      1      0      0      0      3      0      0      0      8      3      2      8      7      1      7      4      0      5      2     10      8     12     12     30      6     14     15     21     14     32     20     18     14     22     39     17     28     30     47     27     13     18     19     17     38     86     21     17     20     28     13     35      1      5      1     24      8     12      5      0      0      2      6      0      0      0      5      0      0      0      0      0      0      0      0      0      0      0      0      0      0      0      0      0      0      0      0
      0      0      0      0      0      0      0      0      0      0      0      0      0      3      0      0      0      0      0      0      0      0      1      5      0      1      5      0      4     23     23     12     15      8     10     56      8     11     19     30     26     10     18     33     47     34      9      5     71      9      4     36     14     15     27      0     43     37     13     30     10     13     28     10     13      6     25      6      6      0      6      2      0      0      0      6      4      3      0      0      0      0      0      0      0      0      0      0      0      0      0      0      0      0      0      0      0      0      0
      0      0      0      0      0      0      0      0      0      0      0      0      0      0      1      2      0      0      0      2      0      0      1      0      7      5     10      5      2      2     10      6      2      1     15      3      2     16     27      3     18     15     24      4     16     23      7     65      7     23     15      8     31      3     21     22     12     14     14     16     12     15      3     32     17      8      7     13      6      3      4      4      5      0      0      4      0      6      0      0      0      0      0      0      0      0      0      0      0      0      0      0      0      0      0      0      0      0      0
      0      0      0      0      0      0      0      0      0      0      0      0      0      0      0      0      0      0      0      0      0      0      0      5      4      4      3      9      9      5     11      0      0      2     11      8      9     11     30     23     22     19     49     32      2     17     29     13     13     17     24      5      2      8     33     20      5     25     29     19      6      5     14      9      2      9      1      9      2      5      0      0      0      1      6      0      9      0      3      3      4      0      0      0     16      0      0      0      0      0      0      0      0      0      0      0      0      0      0
      0      0      0      0      0      0      0      0      0      0      0      0      0      0      0      0      0      0      0      0      0      0     15      0      1      3      3     22      1      7      0      0     10      4      6      0      4     25      5     14     10      6     37      9     12     10     11     15      9     22     10     14     15     25     17     14      8     32     15     16     18     23      4      9      5      7      2     16      7      0      0      7      0      1      3      0      4      1      0      0      0      0      0      0      0      0      0      0      0      0      0      0      0      0      0      0      0      0      0
      0      0      0      0      0      0      0      0      0      0      0      0      0      0      0      0      0      0      0      0      0      0      0      4      4      0      0      5      0      3      7      7     11      3     19      6     11      5      0     19     55      5     10     13      9      9     10     28     13      7      2      9      8      9     42     13      1     16     13      4     21     21     13      5     11      9      7      1     27      0     13      4      0      3      3      1      0      0      1      0      0      0      0      0      0      0      2      0      0      0      0      0      0      0      0      0      0      0      0
      0      0      0      0      0      0      0      0      0      0      0      3      7      0      3      0      0      0      0      0      4      0      0      0      0      0      0      0      1      0      0      0      3      9     21      4      2      5     20     12     18     11     35      7      9      5      4     13      8     19      1     11     15      4      6     14     27      7      3     11      2      5      5      6     14     10     18      0     10     13      7      0      1      0      0      0      1      0      2      0      1      0      0      0      0      0      0      0      0      0      0      0      0      0      0      0      0      0      0
      0      0      0      0      0      0      0      0      0      0      0      0      0      0      0      0      0      0      0      0      0      0      7      2      0      0      0      9      2      0      0      4     14      3      0      7      3      5      6      4      1      6     23     12      7     13     10     11     43      7     16     23     10      6     11     24      7      0      0     23     24      5      0      2     10      0      7      4      0      3      0      0      0      0      0      0      0      0      0      0      0      0      0      0     15      0      0      0      0      0      0      0      0      0      0      0      0      0      0
      0      0      0      0      0      0      0      0      0      0      0      0      0      0      5      0      0      0      0      0      0      0      0      0      0     11      0      3      9      2      7      6      2     16      0      0      8      3      3      3     15      9      0     16     16      9      2      1      9      2     36      4     10      9     10      9      5     10      4      0     12      7      6     21     15     14      0      5     10      6      0      0      0      0      0      0      0      2      0      0      0      0      0      0      2      0      0      0      0      0      0      0      0      0      0      0      0      0      0
      0      0      0      0      0      0      0      0      0      0      0      0      0      0      1      0      5      5      0      0      0      0      0      0      0      0      0      1      0      0      0      3      7      3      4      1     14      0      4      0      3      0      0      4      0     21      7     19      2      8      8     12     11      5     12      5      0     15      0     21     27      2      0      0      4      1      3      4      0      0      0      0      0      0      0      0      8      0      0      0      0      0      0      0      0      0      0      0      1      0      0      0      0      0      0      0      0      0      0
      0      0      0      0      0      0      0      0      0      0      0      0      0      0      0      0      0      0      0      0      0      0      0      0     11      0      0      0      5      0      0      2      0      3      8      1      7      0      3      2      2      8      8      5     13      6     24      9      0      9     19      3      3      2      1      5      2      0      4      0     18      2      0      0      7      1     13      7     20      0      0      0      4      6      0      0      0      3      0      0      1      0      0      0      0      0      0      0      0      0      0      0      0      0      0      0      0      0      0
      0      0      0      0      0      0      0      0      0      0      0      0      0      9      0      0      0      0      0      0      0      0      0      0      0      6      0      0      0      0      0      0      7      0      0      2      0      0      0      3     14      0      7      0      9     16      9      2      4     11      2      7     10      2      0      1      1      0      3      5      0      5      2     12      0      0      0      0      0      0      0      0      4      0      0      0      1      0      0      0      0      0      0      0      0      0      0      0      0      0      0      0      0      0      0      0      0      0      0
      0      0      0      0      0      0      0      0      0      0      0      0      0      0      0      0      0      0      0      0      0      0      0      2      0      0      1      0      0      0      0      0      0      0      0     12      1      4      7      9      0      2      0      2      2      5      0      0     12      2      0     15     14      6      0      0      0      2     16      0     36      5      1      5      0      1      0      0      0      0      0      2      5      0      1      0      0      0      0      0      0      0      0      0      0      0      0      0      0      0      0      0      0      0      0      0      0      0      0
      0      0      0      0      0      0      0      0      0      0      0      0      0      0      0      0      0      0      0      0      1      0      0      0      0      0      0      0      2      1      0      0      0      0      0      0      4      0      6      0      0      0      0      2      3      3      6      0      0      7      2      4      2      3      6      6     13      3      8     26      0      6      0      0      0      0      0      0      5     15      0      0      0      0      0      0      0      0      0      0      0      0      0      0      0      0      0      0      0      0      0      0      0      0      0      0      0      0      0
      0      0      0      0      0      0      0      0      0      0      0      0      0      0      0      0      0      0      0      0      0      0     12      0      0      0      0      2      0      0      1      0     18      0      2      0      0      6      0      3      0      1      5      2      0      0      2      8      6      1      4     11      0      1      5      0      0      4     13      5      3      0      0      0      0      0      0      4      0      6      4      1      0      0      0      0      0      0      0      0      0      0      0      0      0      0      0      0      0      0      0      0      0      0      0      0      0      0      0
      0      0      0      0      0      0      0      0      0      0      0      0      2      0      0      0      0      0      0      0      0      0      0      0      0      0      0      5      1      2      5      0      0      2      1      4      0      0      0      0      0      1      0      1      1      0      1      2      7     10     13      8      2     22      1      4     15      2      0      1      0      4      0      0      0      0      0      0      1      0      0      2      0      1      0      0      0      0      0      3      0      0      0      0      0      0      0      0      0      0      0      0      0      0      0      0      0      0      0
      0      0      0      0      0      0      0      0      0      0      0      0      0      0      0      0      0      0      0      0      0      0      0      0      0      2      0      0      0      0      2      0      0      0      0      0      0      1      0      0      0      0      9      0      1      1      3      0      3      8      6      5      5      2      2      0      0      0      0      0      0      2      0      3      0      0      0      0      0      0      0      0      0      0      0      0      0      0      0      0      0      0      0      0      0      0      0      0      0      0      0      0      0      0      0      0      0      0      0
      0      0      0      0      0      0      0      0      0      0      0      0      0      0      0      0      0      0      0      0      0      0      0      0      0      0     10      0      0      0      0      0      0      0      0      0      0      6      0      7      0      0      5      0      0      1      0      8      6      9      0      0      6      3      2      2      5      0      0      0      0      0      0      0      0      0      0      0      0      1      0      1      0      0      0      0      0      0      0      0      0      0      0      0      0      0      0      0      0      0      0      0      0      0      0      0      0      0      0
      0      0      0      0      0      0      0      0      0      0      0      0      0      0      0      0      0      0      0      0      0      0      0      0      0      0      0      0      0      0      0      0      0      0      0      0      0      0      0      0      0      0      0      0      0      0      3      1      2      0      0      2      0      2      0     11      2      0      0      0      0      0      0      0      0      0      0      0      0      0      0      5      0      1      0      0      0      0      0      0      0      0      0      0      0      0      0      0      0      0      0      0      0      0      0      0      0      0      0
      0      0      0      0      0      0      0      0      0      0      0      0      0      0      0      0      0      0      0      0      0      0      0      0      0      0      0      0      0      1      0      0      2      0      0      2      1      4      0      3      2      7      0      3      5      0      0      0      0      0      0      5      0      0      0      0      0      4      0      0      0      0      0      1      0      0      0      0      0      2      0      1      0      0      0      0      0      0      0      0      0      0      0      0      0      0      0      0      0      0      0      0      0      0      0      0      0      0      0
      0      0      0      0      0      0      0      0      0      0      0      0      0      0      0      0      0      0      0      0      0      0      0      0      0      0      0      0      0      0      0      0      0      0      0      0      0      1      0      1      0      0      0      0      0      0      0      0      0      0      0      0      0      0      0      0      0      0     14      0      0      0      1      0      0      8      0      4      0      0      0      0      0      0      0      0      0      0      0      0      0      0      0      0      0      0      0      0      0      0      0      0      0      0      0      0      0      0      0
      0      0      0      0      0      0      0      0      0      0      0      0      0      0      0      0      0      0      0      0      0      0      0      0      0      0      0      0      0      0      0      0      0      0      0      0      0      0      0      0      2      0      5      0      0      0      0      0      0      0      0      5      0      1      0      0      0      0      0      0      0      0      0      0      0      2      0      0      0      0      0      0      0      0      0      0      0      0      0      0      0      0      0      0      0      1      0      0      0      0      0      0      0      0      0      0      0      0      0
      0      0      0      0      0      0      0      0      0      0      0      0      0      0      0      0      0      0      0      0      0      0      0      0      0      0      0      0      0      0      0      0      0      0      0      0      0      1      0      0      0      0      6      0      0      0      0      0      0      0      0      0      0      1      0      2      0      0      3      0      0      1      0      0      0      0      0      0      0      1      0      0      0      0      0      0      0      0      0      0      0      0      0      0      0      0      0      0      0      0      0      0      0      0      1      0      0      0      0
      0      0      0      0      0      0      0      0      0      0      0      0      0      0      0      0      0      0      0      0      0      0      0      0      0      0      0      0      0      0      0      0      0      0      0      0      0      1      0      0      0      1      2      0      0      0      0      0      0      0      0     10      0      2      0      0      0      0      0      0      0     22      0      0      0      0      0      0      0      0      0      0      0      0      0      0      0      0      0      0      0      0      0      0      0      0      0      0      0      0      0      1      0      0      0      0      0      0      0
      0      0      0      0      0      0      0      0      0      0      0      0      0      0      0      0      0      0      0      0      0      0      0      0      0      0      0      0      0      0      0      2      0      0      0      0      0      0      2      0      0      0      0      0      0      0      0      0      0      1      0      0      0      0      0      0      0      0      0      0      0      0      0      0      0      3      0      0      0      0      0      0      0      0      0      0      0      0      0      0      0      0      0      0      0      0      0      0      0      0      0      0      0      0      0      0      0      0      0
      0      0      0      0      0      0      0      0      0      0      0      0      0      0      0      0      0      0      0      0      0      0      0      0      0      0      0      0      0      0      0      0      5      0      0      0      0      0      0      0      5      0      0      0      0      0      2      0      0      0      0      0      0      0      0      0      0      0      0      0      0      0      0      0      0      0      0      0      0      0      0      0      0      0      0      0      0      0      0      0      0      0      0      0      0      0      0      0      0      0      0      0      0      0      0      0      0      0      0
      0      0      0      0      0      0      0      0      0      0      0      0      0      0      0      0      0      0      0      0      0      0      0      0      0      0      0      0      0      0      0      0      0      3      0      0      0      0      0      0      0      0      0      0      0      0      0      6      0      0      0      0      0      0      0      0      0      0      0      0      7      0      0      3      0      0      0      0      0      0      0      0      0      0      0      0      0      0      0      0      0      0      0      0      0      0      0      0      0      0      0      0      0      0      0      0      0      0      0
      0      0      0      0      0      0      0      0      0      0      0      0      0      0      0      0      0      0      0      0      0      0      0      0      0      0      0      0      0      0      0      0      0      0      0      0      0      0      0      0      0      0      0      0      0      1      0      0      0      0      0      0      0      0      0      0      0      0      6      0      0      0      0      0      0      0      0      0      0      0      0      0      0      0      0      0      0      0      0      0      0      0      0      0      0      0      0      0      0      0      0      0      0      0      0      0      0      0      0
      0      0      0      0      0      0      0      0      0      0      0      0      0      0      0      0      0      0      0      0      0      0      0      0      0      0      0      0      0      0      0      0      0      0      0      0      0      0      0      0      4      0      0      0      5      0      0      0      0      0      0      0      0      0      0      0      0      0      0      0      0      0      0      0      0      0      0      0      0      0      0      0      0      0      0      0      0      0      0      0      0      0      0      0      0      0      0      0      0      0      0      0      0      0      0      0      0      0      0
      0      0      0      0      0      0      0      0      0      0      0      0      0      0      0      0      0      0      0      0      0      0      0      0      0      0      0      0      0      0      0      0      0      0      0      0      0      0      0      0      0      0      0      0      0      0      0      0      0      1      0      0      0      0      0      0      0      0      0      0      0      0      0      0      0      2      0      0      0      0      0      0      0      0      0      0      0      0      0      0      0      0      0      0      0      0      0      0      0      0      0      0      0      0      0      0      0      0      0
      0      0      0      0      0      0      0      0      0      0      0      0      0      0      0      0      0      0      0      0      0      0      0      0      0      0      0      0      0      0      0      0      0      0      0      0      0      0      0      0      0      0      0      0      0      0      0      0      0      0      0      0      0      0      0      0      0      1      0      0      0      0      0      0      0      0      0      0      0      0      0      0      0      0      0      8      0      0      0      0      0      0      0      0      0      0      0      0      0      0      0      0      0      0      0      0      0      0      0
      0      0      0      0      0      0      0      0      0      0      0      0      0      0      0      0      0      0      0      0      0      0      0      0      0      0      0      0      0      0      0      0      0      0      0      0      0      0      0      0      0      0      0      0      0      0      0      0      0      0      0      0      0      0      5      0      0      0      0      0      0      0      0      0      0      0      0      0      0      0      0      0      0      0      0      0      0      0      0      0      0      0      0      0      0      0      0      0      0      0      0      0      0      0      0      0      0      0      0
      0      0      0      0      0      0      0      0      0      0      0      0      0      0      0      0      0      0      0      0      0      0      0      0      0      0      0      0      0      0      0      0      0      0      0      0      0      0      0      0      0      0      0      0      0      0      0      0      0      0      0      0      0      0      0      0      0      0      0      0      0      0      0      0      0      0      0      0      0      0      0      0      0      0      0      0      0      0      0      0      0      0      0      0      0      0      0      0      0      0      0      0      0      0      0      0      0      0      0
