\ 
\ Covariance Function Histogram Table
\ 
\ X Parameter: Time of Transit
\ X Abbrev   : TC
\ X Units    : BJD
\ X Items    : 100         
\ 
\ Y Parameter: Semi-Major Axis
\ Y Abbrev   : a
\ Y Units    : AU
\ Y Items    : 100         
\ 
|col000|col001|col002|col003|col004|col005|col006|col007|col008|col009|col010|col011|col012|col013|col014|col015|col016|col017|col018|col019|col020|col021|col022|col023|col024|col025|col026|col027|col028|col029|col030|col031|col032|col033|col034|col035|col036|col037|col038|col039|col040|col041|col042|col043|col044|col045|col046|col047|col048|col049|col050|col051|col052|col053|col054|col055|col056|col057|col058|col059|col060|col061|col062|col063|col064|col065|col066|col067|col068|col069|col070|col071|col072|col073|col074|col075|col076|col077|col078|col079|col080|col081|col082|col083|col084|col085|col086|col087|col088|col089|col090|col091|col092|col093|col094|col095|col096|col097|col098|col099|
|int   |int   |int   |int   |int   |int   |int   |int   |int   |int   |int   |int   |int   |int   |int   |int   |int   |int   |int   |int   |int   |int   |int   |int   |int   |int   |int   |int   |int   |int   |int   |int   |int   |int   |int   |int   |int   |int   |int   |int   |int   |int   |int   |int   |int   |int   |int   |int   |int   |int   |int   |int   |int   |int   |int   |int   |int   |int   |int   |int   |int   |int   |int   |int   |int   |int   |int   |int   |int   |int   |int   |int   |int   |int   |int   |int   |int   |int   |int   |int   |int   |int   |int   |int   |int   |int   |int   |int   |int   |int   |int   |int   |int   |int   |int   |int   |int   |int   |int   |int   |
      0      0      0      0      0      0      0      0      0      0      0      0      0      0      0      0      0      0      0      0      0      0      0      0      0      0      0      0      0      0      0      0      0      0      0      0      0      0      0      0      0      0      0      0      0      0      0      0      0      0      0      0      0      0      0      0      0      0      0      0      0      0      0      0      0      0      0      2      0      0      0      0      0      0      0      0      0      0      0      0      0      0      0      0      0      0      0      0      0      0      0      0      0      0      0      0      0      0      0      0
      0      0      0      0      0      0      0      0      0      0      0      0      0      0      0      0      0      0      0      0      0      0      0      0      0      0      0      0      0      0      0      0      0      0      0      0      0      0      0      0      0      0      0      0      0      0      0      0      0      0      0      0      0      0      0      0      0      0      0      0      0      0      0      0      0      0      0      0      0      0      0      0      0      0      0      0      0      0      0      0      0      0      0      0      0      0      0      0      0      0      0      0      0      0      0      0      0      0      0      0
      0      0      0      0      0      0      0      0      0      0      0      0      0      0      0      0      0      0      0      0      0      0      0      0      0      0      0      0      0      0      0      0      0      0      0      0      0      0      0      0      0      0      0      0      0      0      0      0      0      0      0      0      0      0      0      0      0      0      0      0      0      0      0      0      0      0      0      0      0      0      0      0      0      0      0      0      0      0      0      0      0      0      0      0      0      0      0      0      0      0      0      0      0      0      0      0      0      0      0      0
      0      0      0      0      0      0      0      0      0      0      0      0      0      0      0      0      0      0      0      0      0      0      0      0      0      0      0      0      9      0      0      0      0      0      0      0      0      0      0      0      0      0      0      0      0      0      0      0      0      0      0      0      0      0      0      0      1      0      0      0      0      0      0      0      0      0      0      0      0      0      0      0      0      0      0      0      0      0      0      0      0      0      0      0      0      0      0      0      0      0      0      0      0      0      0      0      0      0      0      0
      0      0      0      0      0      0      0      0      0      0      0      0      0      0      0      0      0      0      0      0      0      0      0      0      0      0      0      0      0      0      0      0      0      0      0      0      0      0      0      0      0      0      0      0      0      0      9      0      0      0      0      0      0      2      0      0      0      0      0      0      0      0      0      0      0      0      0      0      0      0      0      0      0      0      0      0      0      0      0      0      0      0      0      0      0      0      0      0      0      0      0      0      0      0      0      0      0      0      0      0
      0      0      0      0      0      0      0      0      0      0      0      0      0      0      0      0      0      0      0      0      0      0      0      0      0      0      0      0      0      0      0      0      0      0      0      8      0      0      0      0      0      0      0      0      0      0      0      0      0      0      0      0      0      0      0      0      0      0      0      0      0      0      0      0      0      0      0      0      0      0      0      0      0      0      0      0      0      0      0      0      0      0      0      0      0      0      0      0      0      0      0      0      0      0      0      0      0      0      0      0
      0      0      0      0      0      0      0      0      0      0      0      0      0      0      0      0      0      0      0      0      0      0      0      0      0      0      0      0      0      0      0      0      0      0      0      0      0      0      0      0      0      0      0      0      0      0      0      0      0      0      0      0      0      0      0      0      0      0      0      0      0      0      0      0      0      0      0      0      0      0      0      0      0      0      0      0      0      0      0      0      0      0      0      0      0      0      0      0      0      0      0      0      0      0      0      0      0      0      0      0
      0      0      0      0      0      0      0      0      0      0      0      0      0      0      0      0      0      0      0      0      0      0      0      0      0      0      0      0      0      0      0      0      0      0      0      0      0      0      0      0      0      1      0      0      0      0      0      1      0      0      0      0      0      0      0      0      0      0      0      0      0      0      0      0      0      0      0      0      0      0      0      0      0      0      0      0      0      0      0      0      0      0      0      0      0      0      0      0      0      0      0      0      0      0      0      0      0      0      0      0
      0      0      0      0      0      0      0      0      0      0      0      0      0      0      0      0      0      0      0      0      0      0      0      0      0      0      0      0      0      0      0      0      0      0      0      0      0      0      0      0      1      0      0      0      2      2      0      0      0      0      0      0      0      0      9      0      0      0      0      0      0      0      0      0      0      0      0      0      0      0      0      0      0      0      0      0      0      0      0      0      1      0      0      0      0      0      0      0      0      0      0      0      0      0      0      0      0      0      0      0
      0      0      0      0      0      0      0      0      0      0      0      0      0      0      0      0      0      0      0      0      0      0      0      0      0      0      0      0      0      0      0      0      0      0      0      0      0      0      0      0      0      0      0      0      0      0      0      1      0      2      0      0      0      0      0      0      0      0      0      0      0      0      0      3      0      0      0      0      0      0      0      0      0      1      0      0      0      0      0      0      0      0      0      0      0      0      0      0      0      0      0      0      0      0      0      0      0      0      0      0
      0      0      0      0      0      0      0      0      0      0      0      0      0      0      0      0      0      0      0      0      0      0      0      0      0      0      0      0      0      0      0      0      0      0      7      0      0      0      1      9      0      0      0      0      0     15      0      3      0      0      0      0      4      0      0      0      0      0      0      0      0      0      0      0      0      0      0      0      0      0      0      0      0      0      0      0      0      0      0      0      0      0      0      0      0      0      0      0      0      0      0      0      0      0      0      0      0      0      0      0
      0      0      0      0      0      0      0      0      0      0      0      0      0      0      0      0      0      0      0      0      0      0      0      0      0      0      0      0      0      4      0      0      0      0      0      0      0      0      0      0      0     17      2      0      0      0      0      0      0      0      0      0      0      0      0      0      0      0      0      0      0      2      0      2      0      0      0      0      2      0      0      0      0      0      0      0      0      7      0      0      0      0      0      0      0      0      0      0      0      0      0      0      0      0      0      0      0      0      0      0
      0      0      0      0      0      0      0      0      0      0      0      0      0      0      0      0      0      0      0      0      0      0      0      0      0      0      0      0      0      0      0      0      0      0      0      0      0      0      0      0      0      0      0     11      0      0      0      0      0      0      4      5      2      0      3      2      9      0      0      0      0      0      0      0      0      0      0      0      0      0      0      0      2      0      0      0      0      0      0      0      0      0      0      0      0      0      0      0      0      0      0      0      0      0      0      0      0      0      0      0
      0      0      0      0      0      0      0      0      0      0      0      0      0      0      0      0      0      0      0      0      0      0      0      0      0      0      0      0      0      0      0      0      0      0      0      0      0      0      0     10      0      0      0      0      0      0      0      0      8      0      0      0      0      0      1      0      0      0      0      0      0      0      0      0      0      0      0      0      0      0      0      0      0      0      0      1      0      0      0      0      0      0      0      0      0      0      0      0      0      0      0      0      0      0      0      0      0      0      0      0
      0      0      0      0      0      0      0      0      0      0      0      0      0      0      0      0      0      0      0      0      0      0      0      0      0      0      0      0      0      0      0      0      0      0      0      8      0     11      5      0      0      0      0      0      0      0      0      0      0      2      2      0      0      0      0      0      0      1      0      0      2      2      0      0      0      0      7      1      0      0      0      0      0      0      2      0      0      0      0      4      0      0      0      0      0      0      0      0      0      0      0      0      0      0      0      0      0      0      0      0
      0      0      0      0      0      0      0      0      0      0      0      0      0      0      0      0      0      0      0      0      0      0      0      0      0      0      0      0      0      0      0      0      0      0      4      1      0      0      0      0      2      0      0      0      0      0     15      0      1     10      0      0      1     13      3      0      1      0      0      0      0      0      0      5      2      2      0      0      0      0      0      0      0      0      0      0      0      0      0      0      0      0      0      0      0      0      0      0      0      0      0      0      0      0      0      0      0      0      0      0
      0      0      0      0      0      0      0      0      0      0      0      0      0      0      0      0      0      0      0      0      0      0      0      0      0      0      1      0      0      0      4      0      0      0      0      0      0      0      1      6      0      0      0      0      0      0      4      0      2      8      2      7      0      0      6      0      0      0      0      3      0     12      0      0      0      0      0      0      0      1      0      0      0      0      0      0      0      0      0      0      0      0      0      0      0      0      0      0      0      0      0      0      0      0      0      0      0      0      0      0
      0      0      0      0      0      0      0      0      0      0      0      0      0      0      0      0      0      0      0      0      0      0      0      0      0      0      0      3      2      0      2      1      0      0      0      0      0      0      0      0      0      2     22      0      0      0      2      3      0     10     11      1      0      0      1      1      0      0      0      6      0      0      0      6      0      0      0      0      0      0      0      0      2      0      0      0      0      0      0      0      0      0      0      0      0      0      0      0      0      0      0      0      0      0      0      0      0      0      0      0
      0      0      0      0      0      0      0      0      0      0      0      0      0      0      0      0      0      0      0      0      0      3      0      0      0      0      0      0      1      0      0      0      0      0      2      0      0      0      4      1      0     20      2      4      0      4      0      4     18      0     11      0      0      0      0      9      0      3      1      3      0      0      0      0      0      0      0     11      0      0      0      3      0      0      0      0      0      0      0      0      0      0      0      0      0      0      0      0      0      0      0      0      0      0      0      0      0      0      0      0
      0      0      0      0      0      0      0      0      0      0      0      0      0      0      0      0      0      0      0      0      1      0      0      0      0      0      0      0      1      0      0      0      2      0     10      0     10      0      0      0      3      0     10      2     11     20      2      1      2     20      4     25      2      4      1      0      3      3      1      1      0      0      1      8      0      3      5      0      0      0      0      5     12      0      0      0      0      0      0      0      0      1      2      0      0      0      0      0      0      0      0      0      0      0      0      0      0      0      0      0
      0      0      0      0      0      0      0      0      0      0      0      0      0      0      0      0      2      0      0      0      0      0      0      1      0      1      0      0      6      0      0      6      5      0      1      0      1      0      2      0      3      5      3      0      3      0      9      7      0      0      0      3     11     33      3      3      8     11     18      2      0     10      0      0      2      0      0      0      5      0      6      0      0      0      0      0     13      0      0      0      0      0      0      0      0      0      0      0      0      0      0      0      0      0      0      0      0      0      0      0
      0      0      0      0      0      0      0      0      0      0      0      0      0      0      0      0      0      0      0      0      0      2      0      0      0      0      0     11      0      0      6      0      7      0      0      0      2      6      8     10      4      5      5      0     21      3      0     26      8      0     12      3     12     20     14      2      8     10      0      1      2      5     11      0      0      0      0      4      0      5     10      0      0      0      0      0      0      0      0      0      0      0      0      0      0      0      0      0      0      0      0      0      0      0      0      0      0      0      0      0
      0      0      0      0      0      0      0      0      0      0      0      0      0      0      0      1      0      0      0      3      0      2      0     20      0      2      0      1      0      8      0     12      4      0      4     11      9      9      5      7      7      7      1     24      0      2      0      3      4      0      0      0     12     15      2      1      0     12      0     19      1     10      3      1      2      7      6      0      6      0      0      0      0      0      1      0      0      0      0      0      0      0      0      0      0      0      0      0      0      0      0      0      0      0      0      0      0      0      0      0
      0      0      0      0      0      0      0      0      0      0      0      0      0      0      4      0      0      0      4      6      0      0      0      0      0      6      7      0      0      0      0      1      9      0     20      5      1      4     22      9      4      0      1      7      4      9     17      7     10     13      3      6      6      1     23      1      0     10      1      3      4      4      4      1     19      0     22      0      0      0      6      0      0      4      0      0      0      0      0      4      0      0      0      0      0      0      0      0      0      0      0      0      0      0      0      0      0      0      0      0
      0      0      0      0      0      0      0      0      0      0      0      0      0      0      0      0     11      0      0      0      0      1      0      0      0      0      4      0      0     21     10     13      9      3     15      0      2     19      4     14     15      4      4     18     20      1     10      0     21      1      5     12      2      1      9      3     16      7      6      4      9      0      0      6      0      8      0     11      6      0      2      6      0      0      0      0      0      2      0      0      0      0      0      0      0      0      0      0      0      0      0      0      0      0      0      0      0      0      0      0
      0      0      0      0      0      0      0      0      0      0      0      0      0      0      0      0      0      0      0      0      4      0      0      0      0      0      0      7      0      0      0      0     17      0     29      0      3      0      0     13      9     10      0      8      9      8     21     20     14     12     15     41     10      0      3      9     23     12      8      0      3     13      5     11     15      1      1      8      0      0      0      9      0     11      0      1      3      2      0      0      0      2      0      0      0      0      0      0      0      0      0      0      0      0      0      0      0      0      0      0
      0      0      0      0      0      0      0      0      0      0      0      0      0      0      0      0      0      0      0      0      0      0      0      0      0      1      0      4     11      0      0      2     12      7     25      1     25      3     23     18     12      6     16     20     21      7     10     26     10     10     27     30      7     19     29     15     16     28     52      6     10     34     11      7      7      9     23     17      2      6      0      2      2      0      0      3      0      8      0      2      4      0      0      0      0      0      0      0      0      0      0      0      0      0      0      0      0      0      0      0
      0      0      0      0      0      0      0      0      0      0      0      0      0      0      0      0      2      0      0      0      2      0      5      0     10      0      0      6      0      7      2      6      7     18      1      2     13     17     15     41     22      3      0     32     41      9      9     14     22     12     20     19     12     14     23     40      9     15     10      8      5      9      3     12     11     41      4     26      8      1      3      2      4      8      0      7      3      0      4      0      0      0      0      0      0      0      0      7      0      0      0      0      0      0      0      0      0      0      0      0
      0      0      0      0      0      0      0      0      0      0      0      0      2      0      4      0      6      0      0      0      6      0      0      8     17      3      5      3     30      0      5      0      0     14      5     14      5     24      0      3     10     16     17     11      8     44      9     37      4      7     24     57     12     10     23     26     19     10     62     12      5     21     19      6     13     28      0      7      7      2      0      9     20      4      8      5      7      0      0      0      3      0      5      0      0      0      0      0      0     19      0      0      0      0      0      0      0      0      0      0
      0      0      0      0      0      0      0      0      0      0      0      0      0     14      6      0      0      4      0      0      0      0      1      0      0     12      4      2      1      6      2      7      6      3     21      4     15     11     23     10     17     12     17     30     15     32     26     19      3     30      8     28     32     19      4      5     44     28     37     12     10     19     20      9     14      1     26     21      7     13      0      2     12      3      1      6     15     13      0      0      3      0      0      0      0      0      0      0      0      0      0      0      0      0      0      0      0      0      0      0
      0      0      0      0      0      0      0      0      0      0      0      0      0      0      0      0      0      1      0      5      3      0      3      1      0      0      0      1      3      4      3     16      0      5      3     19      8     12      9      9     10      7      7     11     20     80     44      6     14     35     23     14     26     37     45     43     47     34     23     16     42     15      6     24      1     20      0     14     18     25     11     10      1      9      0      1      1     10      0      0      0      0      0      0      0      0      0      3      0      0      0      0      0      0      0      0      0      0      0      0
      0      0      0      0      0      0      0      0      0      8      0      0      6      0      0      0      0      2      9      0     11     15      4      1      5     12      1     18      4      4     15      2     17     15     17      3     47      7     14     16     28      5     54     41     26     47     21     15     12     32     30     47     32     39     54     10     21     46     78     14     22     26     25      3     16     21     18     20     11      7     10      4      7      3      0      0      1      9      8      0      0      7      0      0      2      0      0      0      0     11      0      0      0      0      0      0      0      0      0      0
      0      0      0      1      0      0      0      0      1      0      0      0      0      0      0      0      0      0      1      0      2      0     12     28      5      0      0     10     11      0     26     20     20     27     26     42     37      9     29     16     14      7     28     29     31     33     36     69     69     53     75     36     32     38     66     60     56     57     23     21     11     34     16     32     12      4     27      8     17     19      1      9     11      4     11     11      1      0      0      0      0      2      0      0      0      0      0      0      0      0      0      0      0      0      0      0      0      0      0      0
      0      0      0      0      0     12      0      0      0      0      0      0      0      7      0      0      0      0      0      4     10      4      0      4     16      2      8     22      0     17      7     33      1      7      4     28     13      7     28     20     26     45     28     49     48     23     60     16     38     27     48     61     29     30     47     40     50     48     28     29     30     67     47     25     21      1     24     16     20      9     33      1     10      8      5      5      9      1      0      6      0     10      0      0      0      1      0      0      0      0      0      0      0      0      0      0      0      0      0      0
      0      0     11      0      0      0      0      0      0      0      0      0      0      2      0      6      0      1      2      0      0      0      1     15      0     12      0      3      9      5     15      6      3     21     14     24      2     21     36     37     33     40     44     58     22     35     37     72     50     52     77     24     52     44     20     62     23     37     24     45     26     38     33     37     29     18     10     21     36     32     13      8     19      3     14      0     12      0      0      1      3      0      0      4      0      0      0      0      0      4      0      0      0      0      0      0      0      0      0      0
      0      0      0      0      0      0      0      0      0      1      0      0      1      0      6      0      0      4      2      0      2      0     12      1      8      3      2      4      3     10      3     10     12     22      3     11      9     45     16     23     23     42     42     81     23     33     39     57     47     49     77     43     64     74     37     22     45     38     62     75     19     23     14     52      0      6     20     19     11     20     20      6      3      1      1      5      1     10     11      4      0     11      0      0      0      0      0      0      0      0      0      0      0      0      0      0      0      0      0      0
      0      0      0      0      0      0      0      0      6      0      0      7      0      0      0      0     11     19      0      0      7      0      5      7     36      9     19      0     13      9     29     31     22     39     39     22     44     29     55     24     20     34     48     95     33     56     51     55     55     27     91     63     35     44     34     61     62     26     29     36     43     45     31     22     25     14     32      9     17     18      6      0     12     19      5     13     10      1      5      1      5      0      5      0      2      0      0      0      0      0      0      2      0      0      0      0      0      0      0      0
      0      0      0      0      0      0      0      0      0      0      0      0      0      1      0      0      0      6      0      6      7      5     14      0      2      5      2     12     26     10     12     10     21     56     22     24     15     34     56     54     41     75     66     67     41     44     38     60     51     63     68     73     97     59     36     67     45    100     26     69     66     67     15     23     18     26     32     44     22      8     29     44     30     18     17     23      0     15      0      0      0      0      0      0      0      0      0      0      0      0      0      0      0      3      0      0      2      0      0      0
      0      0      0      0      0      0      2      3      0      1      0     10      0      0      5      1      9      0      0     12      5      1     26      3      8     12     17     14      4     31     18     32     33     16     10      7     18     32     34     41     41     28     41     52    104     33     55    101     70     54    117     94     49     63     85     71     52     73     91     35     50     40     36     44     36     63     32     25     35     29     14     15     12      2     15     10     21     11      5      2      6      0      0      0      1      5      0      0      0      0      0      0      0      0      0      0      0      0      0      0
      0      0      0      0      0      0      0      3      0      0      0      0      0      0      0      0      3      2      3      9     11      0      2      1      0      6      8      1     15     34      5     22     23     33     18     23     37     29     47     40     53     42     46     21     41     71     77     44     67     49     47     68     36     76     80    102     69     19     58     76     64     79     59     52     27     33     48     35     22     19     10     32     11      5     12      2     12     16      1      4      4      5      0     13      6      0      0      0      0      0      0      0      0      0      0      0      0      0      0      0
      0      0      0      0      0      0      0      1      0      0      0      0     11      0      4      0      0      3      0      1      0      0      8     19     12      1     26     10      3     18     26     14     22     33     44     64     15     21     27     69     51     67     53     86     57     75     53     68     39     68     52    126     65     71     58     63     73     69     75     34     81     46     29     23     53     42     66     25     48     13     24     28     35     23      0      5      1     20      0      0      3      0      0      0      0      0      0      0      0      0      0      0      0      0      0      0      0      0      0      0
      0      0      0      0      0      0      0      0      0      0      0      0      0      9      0      6      1      6      6      5      3     11      6     14     17     28     14     12     17     10      4     32     11      7     39     19     18     49     49     80     24     44     61     36     81     49     80    113     71     90     32     83     70     49     59     62     83     69     66     64     67     63     26     35     76     82     58     22     17     26     52      8      2      6      8     17      3      8      0      0      6      3      0      0      5      0      4      0      4      0      0      0      0      0      0      0      0      0      0      0
      0      0      0      0      1      0      0      0      0      0      5      3      5      0      0      0      0      6      6      0      0      1      3     19      2     21      5     11     14     13      9     21     39     42     13     38     31     22     36     82     71     29     83     80     58     79     91     35     39     60     83    133     86     87     97     68     60     72     71    114    125     46     91     43     29     46     35     27     50      4     10     50     18      5     35     17      4      4     10      9      6     16      0      1      4      0      2      2      0      0      0      0      0      0      0      0      0      0      0      0
      0      0      0      0      0      0      0      0      3      0      0      0      2      0      2      1      5      0      2      3      2      2      0     19     19      5      5      7     13     10     31     33     43     10     46     23     23     28     33     20    101     60     76     57     46     60    104     97     69     68     56     80     61     68     86     78     53     33     73     67     74     74     50     46     18     79    100     74     16     45     23      3     25     10     16      4      8      5     13      8      0      0      6      1      5      0      2      0      0      0      0      0      0      0      0      0      0      0      0      0
      0      0      0      0      1      0      0      3      0      0      0      0      7      2      2      0      4      3      7     12      0      6      9      2      2     18      8     23      3     34     12     44     19     65     27     36     12     44     49     43     29     71     34     89     16     48     44    194     81     69     72    143     91     58    160     77     61     53    119     71     42     59     86     60     90     50      7     61     14     45     17     16     15      7     15     20      4      9     10      5      4      0      0      0      9      8      0      3      0      0      0      0      0      0      0      0      0      0      0      0
      0      0      0      0      0      0      0      0      0      0      0      0      0      3      3      0      1      7      4      0      4      2      0     12     10      7     11     12     36     29     26     45     39     25     21     38     79     27     52     18     34     46     75     60     49    112     58     96     56     62    134     85     73     30     66     84    120    106    112     59     89     70    106     40     51     32     57     45     19     19     28     18      7      9     12     26      7      5      6      1      0     17      6      0      0      0      3      0      0      0      0      0      0      0      0      0      0      0      0      0
      0      0      0      0      0      0      0      0      0      0      6      0     13      2      0      3      0      0      8      3      4     17     13     17      9     13     22     16     30     26     32     20     22     38     36     35     31     52     47     66     43     63     87     56     90     77     56     44    124     63    119    107    129     64     51     72     82    105     55     93     62     60     31     45     31     46     60     47      3     23     39     15     26     34     14      0     12      4      6     27      2      1      0      0      0      2      0      0      0      0      0      0      0      0      0      0      0      0      0      0
      0      0      0      1      0      0      0      0      4      0      1      0      1      0      4      0      3      4      1      0      6      7      7      1      0     22      6     12     25     37      4     25      8     16     39     25     70     69     65     65     47    124     57     63    113     75     78     85    126     92     79     89    108     65     39     76     90     45     62     37     60     96     79     44     31     93     37     11     13     26     35     39     10      2     14     35      8     16      0     10      9      0      0      0      6      0      0      0      0      0      0      0      0      0      0      0      0      0      0      0
      0      0      0      2      5      0      0      0      1      0      0      0      1      0      5      1      0      0     10      5      1     13     14      6     16      2     12     14     42     37     15     34     24     39     18     36     47     40     49     65     43     41     79     78     61     33    113     73    113    107     41     65    115     64     90     87    107     73     72    101     50     54     45     78     57     73     34     16      6     12     14     12     17     12     12     13     16      5      3      6     10      7     13      6      0      0      0      0      0      0      0      0      0      1      0      0      0      7      0      0
      0      0      0      0      0      0      1      0      8      1      0      7     15      0      6      1      0      0      0      3      8      2      2      8     11     20      0     19     26     31     18     26     55     29     30     31     39     17     29     66     57     45     76     79     57    101    109     91     50    100     99    132    150     85     55     72     81     97     97    122     57     50     94     55    103     46     44     37     19     19     25     33     24     14     22      6     26      3      6      0      1     10     11      2      6      0      0      0      0      0     24      0      0      0      0      0      0      0      0      0
      0      0      3      0      0      0      1      0      0      0      0      3      1      5      0      0      5      5      6      0      4      5      8      3      3      3     31      2     26     35     32      5     42     24     32     29     20     40     48     76     75     44     62     42     80     68     91    131     43     92    131     96     95     77    120     97     44     52    102     56     60     49     82     51     23     37     31     51     11     17     19     40     36     28     19     14      9      7      5      9      4      1      2      0      0      0      0      0      0      0      0      2      0      0      0      0      0      0      0      0
      0      0      0      3      0      0      0      0      3      0      0      0      0      3      0      7      0      3      0      1      0      9      5      6     12      5     19      9     27     25     15     23     56     18     19     23     36     67     65     62     50     57    121     85     52     99     87     97     57     71     78     82     96    153     87     77     90    160     96     76     51    110     52     73     29     32     77     38     39     35      3     25     11      8     10      5     13      0      0      0      3      3      1      0      0      0      0      0      1      0      0      0      0      0      0      0      0      0      0      0
      0      0      2      0      0      1      0      0      0      0      0     11      0      0      0      0      0      5      1      0      7      3      7      8      8     16      7      2     26      8     12      7     62     48     36     58     41     76     67     69     81     49     41     55     33     54     53     90     87    103     83     96     60     48    106     96     75     69     64    104     78     55    128     84     33     66     75     37     40      4     18      4      1     20     11     14      9      4      9      1      3      2      4      1      0      0      0      0      0      0      0      0      0      0      0      0      0      0      0      0
      0      2      0      0      0      0      0      0      0      4      0      0      0      0      0      0      2      0      0     15      0      5      6      0      0      3      9      4      1     10     33     41     17     42     20     47     65     57     33     30     54     26     26     73    114    111     51     31     82     27     79     76     51    102     73     73    134     83     78     45     55     58     68     37     37     89     28     34     30     13     29     30     15     11      9     13     11      0      2      0      3      0      1      4      0      0      6      0      0      2      0      0      0      0      2      0      0      0      0      0
      0      0      0      0      0      0      2      0      0      0      0      0      0      0      6      0      6      1      0     16      2      6     16      1      5      5     19     15     30     21     16     13     19      7     29     40     23     52     13     47     64     54     97     91     80     86     67     47     89     73     64     96     67     94     49    117     69     63     56     77     24     69     41     66     21     35     29     27     55     18     17     33     17      1      6      9      3     12      6      8      3      1      4      0      0      0      0      0      0      7      0      0      0      0      0      0      0      0      0      0
      0      0      0      0      0      0      0      0      0      0      0      0      0      4      0      0      4      0      4      0     21      0      3      2      0      2      4     21     32     23     30     20     19     36     13     30     10     42     61     30     52     49     35     38     52     37     91    116    139    101     82     56     80     91     59     94     44     48     45     62     81     67     76     35     29     49     13     30      9     33     16     16      9     20      3      3     13      4      7      2      3      0      0      9      1      9      0      0      0      0      1      0      0      0      0      0      0      0      0      0
      0      0      0      0      0      0      0      0      0      0      0      7      1      0      0     11      0      0      0      0     19      0      5      0      0     15     25      2      2     22      7     34     24     14     29     31     24     15     57     54     56     61     36     52     58     71     55     65     93     72     81     96     86    100     48     47    121    146     72     47     63     43     53     46     34     28     41     60     42     22     36     17      7      9      1      0      4      0     10      1      0      0      0      0      0      0      1      0      0      0      0      0      0      0      0      0      0      0      0      0
      0      0      0      0      0      0      0      0      0      0      0      0      0      4      2      0      0      0      3      3      3      9      0      8      4      1     14      6      7     27      3      8     24     10      9     48     12     38     13     72     37     23     57     29    103     65     69    170     81     91     38    101     48     44     98     63     37     76     22     83     23     36     62     69     55     64     12     24     24     14     25      9     10      2      2     13     10      4      6      2      0      8      3      3      6      2      0      6      0      0      0      0      0      0      0      0      0      0      0      0
      0      0      0      0      0      0      0      0      0      0      0      3      0      1      0      0      0      2      3      2      2      7      8     11     22      8      5     19     13     18      9     19     35     32     26     18     27     25     37     34     42     31     47     71    100     80     68     62     91     39     70     91     74     68     39     70     23     66     45     65     80     83     68     31     73     34     13      6      5     21     10      6     18     18      6      8      5     11      5      0      0      0      0      1      0      1      0      0      2      0      0      0      0      0      0      0      0      0      0      0
      0      0      0      0      0      0      0      0      0      0      0      2      0      0      2      0      1      1      0      1      0     11      0      5      2      4      4      9     19     20     23     15      5     19     24     29     14     24     23     29     47     64     39     46     18     32     57     13     35     78     80     60     58     77     39     36     19     38     59     32     45     32     43     51     40     31     25     27     20      1      8     36      6      0      6      0      1     14      0      4      0      0      0      0      0      4      0      0      0      0      0      0      0      0      0      0      0      0      0      0
      0      0      0      0      0      0      0      0      0      0      0      0      0     12      0      0      0      2      0      2     14      0     22      5      4     14      1      1      8      2     15      1     15     13     25     11     25     49     33     88     31     15     30     32     57     45     28     74     55     38     95     50     70     53    102     41     72     26     64     51     66     78     25     41     32     78     21     23      9     17     21      1      7     24      7      2      2      3      0      2      0      0      0      0      0      0      0      0      0      0      0      0      0      0      0      0      0      0      0      0
      0      0      0      0      0      0      0      1      0      0      0      0      0      0      0      5      0      1      0      0      5      1      3      7      6     24      8     18      4      3     25     26      6     14     12     26     31     32     18     29     40     14     60     74     42     58     71     26     58     56     50     32     41     41     37     50     48     56     34     48     31     82     15     35     41     14     54     19     15     12     14     14      9     14      8      8      0      4      2      9      0      0      0      5      0      0      2      4      0      2      0      0      0      0      0      0      0      0      0      0
      0      0      0      0      0      0      0      0      0      0      0      0      0      0      2      0      0      0      2      1      0      5      0      4      3     11      3      1      6     14      7     37     13     19     12      6      8     31     16     33     28     12     31     51     62     59     54     30     47     61     41     63     62     37     48     43     32     37     40     28     67     45     19     13     46     26     63     25     18     18     15      3     13      6      6      0      9      0      1      0      0      0      0      2      0      0      0      0      0      0      0      0      0      0      0      0      0      0      0      0
      0      0      0      0      0      0      0      0      0      0      1      0      0      0      0      0      0      3      2      2      0      0      6     11     17      7      3      1     28      6      6     22     18      8      9     13     25     26     26     11     40     20     15      9     33     33     38     56     35     30     29     28     64     29     36     26     55     39     46     32     31     32     24     32     11     31      6     26      8     13      8      2     10      0     21      3      0      5      3      1      0      0      0      0      0      0     12      0      0      0      0      0      0      0      0      0      0      0      0      0
      0      0      0      0      0      0      0      0      0      0      0      0      0      0      0      2      0      0      4      1      1      1      0      2      6      2     10      7     16     14     10      9      0      5     29      7     20     22     42     18     24     27     46     12     22     18      4     22     28     53     24     39     29     50     59     40     32     42     20     28     38     54     10     16     36     27     10     21      8     24      1     24      0      1     12      6      0      0      0      3      0      0      0      0      0      0      0      0      0      0      0      0      0      0      0      0      0      0      0      0
      0      0      0      0      0      0      0      0      0      0      0      0      0      0      1      0      3      0      0      0      0      2      0      0      0      3      7      0      0     11     15      2     18     12     22      4      3     28      3     24     34     33      7     13     19     46     24     34     38     37     53     33     32     33     26     58     19     21     22     84     45     58     32     31     25     18     22     21      2      7      5     20     10      4      2      5      7      0      0      2      1      0      0      0      0      0      0      0      0      0      0      0      0      0      0      0      0      0      0      0
      0      0      0      0      0      0      0      0      0      0      0      0      0      0      0      0      2      0      0      0      0      0      3      0      4      1      0      7      2      4      4      6     19      7     14      3     10     16     13      9     22      7     14     23     14     31     30     13     49     37     21     11     37     30     40     30     43     27     30     34     29     15     19     24     22     11     21     28     36     20      4     10     11      0     11      2      0      3      0      0      0      0      0      0      0      0      0      0      0      0      0      0      0      0      0      0      0      0      0      0
      0      0      0      0      0      0      0      0      0      0      0      0      0      0      0      0      0      0      7      0      0      7      0      0      0      0      3      0      3      4      3      0      2     15      5      7     34      7      3      8     10     20     33     19     37     10     37     22     21     12     10      9     37     19     27     16     24      2     40      8     27     31     12     18      4     30     19     16      3      5      1     12      7      0     10      9      0      0      0      0      0      0      0      0      0      0      0      0      0      0      0      0      0      0      0      0      0      0      0      0
      0      0      0      0      0      0      0      0      0      5      0      0      0      7      0      0      0      0      0      2      4      3      1      6      3      6      5      1      3     13      3     26     20      8      5     23      7      5     26      4     26      2     23     22     53     10     20     27     34     14     45     24     27     41     14     20     32     11     14     10     23      8     22      8      1     32     10      3      6      4     21      0      0      0      8      8     13      2      1      0      0      8      0      0      0      0      0      0      0      0      0      0      0      0      0      0      0      0      0      0
      0      0      0      0      0      0      0      0      0      0      0      0      0      6      0      0      0      0      0      0      2      0      6      5      4      2      5      1      9      1      4     14     29      7      6     10     10     11     22     12      9     20     25     22     22     29     10     22     27     17     21     14     13     31     39      6      8     19      5     20     14     18     19      8     12     10     34     30      3      3      0      5      0      9      3      1      2      1      0      0      0     10      0      0      0      0      0      0      0      0      0      0      0      0      0      0      0      0      0      0
      0      0      0      0      0      0      0      0      0      0      0      0      0      0      0      0      3      0      0      0      0      0      2      0      3      0      0      2      1     12      5     22     14      6     13      6     18      5      7     22      1      3     13      9     24     24     35     13     34     21     43     26      8     25     15     16     18     11      2      8     19      1      9      9     19     10      6      6      4      7      2     10      1     10      0      0      1      0      0      0      0      0      0      0      0      0      4      0      0      0      0      0      0      0      0      0      0      0      0      0
      0      0      0      0      0      0      0      0      0      0      0      0     15      0      0      0      0      0      4      0      1      4     10      0      0     14      0      0      0      3      3      4      2      2      0     13     16      3     21     27      1     12      3      4     16     14      7     10      9     13     11     29     31     17     30      7     10      6     17     22      4      3      7     12      5     13      4      3     11      4      5      3      2      7      3      2      0      0      0      0      0      6      0      0      0      0      0      0      0      0      0      0      0      0      0      0      0      0      0      0
      0      0      0      0      0      0      0      0      0      0      0      0      0      0      0      0      7      4      0      0      6      0      0      0      1      0      0     15      0      1      9      2      1      0     15     20      6      8      9     12      6     12      8      5     15      9     19      3     21      7     20     13     24     19     14     14     11      5      4      9     11      2     12      1      1     12      2      9      1      0      1      0      0      7      1      0      0      2      0      1      0      2      0      1      0      0      0      0      0      0      1      0      0      0      0      0      0      0      0      0
      0      0      0      0      0      0      0      0      0      0      0      0      0      0      0      0      0      0      0      0      6      0      0      5      1      8      4      2      0      3      9      4      3      0      3      0      7     10     11     10      9     18      6      9     19      5     18     33      0      3      4      7      5      4      5     14     19      8     16     10     10     12      0      4      1      0      4      3      0      0      4      3      0      9      0      8      0      1      0      0      0      0      0      0      0      0      0      0      0      0      0      0      0      0      0      0      0      0      0      0
      0      0      0      0      0      0      0      0      0      0      0      0      0      0      0      0      2      0      0      0      0      0      0      0      4      0      2      2      0      1      6      3     10      1     14      5      5      4      0     10     24      2     21      6      8     10      2      2      7      5      0     16      9      3      8      5      8     10      7     14     12     21      0      7      1      1      8     14     18      1      1      2      7      2      0      1      5      3      0      0      2      0      0      0      0      2      0      0      0      0      0      0      0      0      0      0      0      0      0      0
      0      0      0      0      0      0      0      0      0      0      0      0      0      0      0      0      0      3      0      0      4      0      0      0      3      1      0      0      1      0      0      2     15      3      0      0      0      0      2      7      9      3     11     23      3      8      3      1      1      9     13     24      0      0      6      1     20      3     20     12      2      1     11      0      3      4      4      1      0      1      1      0      0      0      1      0      0      0      0      0      0      4      0      0      0      0      0      0      0      0      0      0      0      0      0      0      0      0      0      0
      0      0      0      0      0      0      0      0      0      0      0      0      0      0      0      0      0      0      0      0      0      0      0      0      0      0      1      0      2      8      1      1     10      1      3      8     10      3      1      7      0      2     14     21     15      4      0      1     13      5      6      3      3      3      3     12      4      3      1      8      8     16      5      1      4      0      0      3      0      0      0      2      2      0      9      0      0      1      0      0      0      0      0      0      0      0      0      0      0      0      0      0      0      0      0      0      0      0      0      0
      0      0      0      0      0      0      0      0      0      0      0      0      0      0      0      0      0      0      0      0      0      0      0      0      7      0      0      1      0      2      2      7      1      3      0      3      9     15      7      0      8     14      0      7      3      4      6      2      3      0      1      2      5      0      3      3     19      0      0     37      0     14      4      1      1     15      2      0      0      5      0      0      0      0      1      0      0      0      3      1      0      0      0      0      3      0      0      0      0      0      0      0      0      0      0      0      0      0      0      0
      0      0      0      0      0      0      0      0      0      0      0      0      4      0      0      0      0      0      0      0      4      0      0      0      0      0      0      3      0      0      2      0      6      1     11      1      9      0      2      8      0      3      2      1      9      5      0      0     51      9      3      4      1     10      6      7      1      4      9      3      6      9      0     18      9      0      0      8      8      0      5      1     13      2      0      0      0      5      0      0      0      0      0      0      0      0      0      0      0      0      0      0      0      0      0      0      0      0      0      0
      0      0      0      0      0      0      0      0      0      0      0      0      0      0      0      0      0      0      0      0      0      1      0      0      4      0      4      0      2      7      0      4      0     13      1      0      0      0      0      3      7     10      1      0      1      9     10      2      0      8      0      9      9      6      2      0      4      2      1      1      4      2      0      2      0      1      0      0      0      0      1      0      0      7      0      0      0      2      5      0      0      0      2      0      0      0      0      0      0      0      0      0      0      0      0      0      0      0      0      0
      0      0      0      0      0      0      0      0      0      0      0      0      0      0      7      0      0      0      0      0      4      0      2      1      0      0      0      0      2      0      0      1      0      2      5      4      2     11      0      4      7      4      6      0      0      0      4      8      0      4      4      0      2      4      2      2      2      0      0      4      0      6      0      3      0      3      3      0      1      2      1      3      0      0      0      0      3      0      0      0      0      0      0      0      0      0      0      0      0      0      0      0      0      0      0      0      0      0      0      0
      0      0      0      0      0      0      0      0      0      0      0      0      0      0      0      0      0      0      0      0      0      0      0      0      0      1      1      2      4      0      0      0      0      5      7      3      2      1      3      0      0      3      0     25     13      5      0      5     26      8      0      2      0     13      7      0      0      1      7     17      0     10      0     11      1      0      6      3      0      2     10      0      1      0      0      0      0      0      0      0      0      0      0      5      0      0      0      0      0      0      0      0      0      0      0      0      0      0      0      0
      0      0      0      0      0      0      0      0      0      0      0      0      0      0      0      0      0      0      0      0      0      0      0      3      0      7      0      0      0      0      2      0      0      3      0     15      1      2      1      0     11      5      4      0      3      4      0      2      6      0      3      1      0      2      0      0      7      9      7      0     12      7      2      2      0      0      0      3      0     10      0      0      0      7      0      0      0      0      0      2      2      0      0      0      0      0      0      0      0      0      0      0      0      0      0      0      0      0      0      0
      0      0      0      0      0      0      0      0      0      0      0      0      0      0      0      0      0      0      0      0      0      0      0      0      0      2      0      0      0      0      0      8      5      0      0      5      0      0      2      0      0      0      0      2      0      5      4      0      8      2      6      0      6      0      3     13      5     22      4      0      2      0      1      0      2      0      1      1      3     11      0      0      0      0      1      0      0      0      0      0      0      4      0      0      0      0      0      0      0      0      0      0      0      0      0      0      0      0      0      0
      0      0      0      0      0      0      0      0      0      0      0      0      0      0      0      0      0      0      0      0      0      0      0      0      1      0      0      0      0      0      0      2      0      1      0      4      0      0      0      5      0      6      0     13      0      4      0      2      6      0      4      8      1      1      0      0      0      0      4      1      1      0      1      0      0      1      0      1      3      0      0      4      0      0      0      0      0      0      0      0      0      0      0      0      0      0      0      0      0      0      0      0      0      0      0      0      0      0      0      0
      0      0      0      0      0      0      0      0      0      0      0      0      0      0      0      0      0      0      0      0      0      0      0      0      0      0      0      0      0      0      0      0      0      0      0      0      0      0      0     12      3      0      0      2      0      0      0      0      0      0      7      4      0      1     10      0      8      3      1      0      0      3      5      5      0      0      3      0      6      0      0      0      0      0      0      0      0      0      0      0      0      0      0      0      0      0      0      0      0      0      0      0      0      0      0      0      0      0      0      0
      0      0      0      0      0      0      0      0      0      0      0      0      0      0      0      2      2      0      0      0      0      0      0      0      0      0      0      0      0      0      0      0      0      4      0      0      0      3      0      0      0      0      0      6      1      0      2      0      0      1      2     12      1      9      5      1      5      0      0      0      9      1      4      0      4      0      0      0      3      0      0      0      0      0      1      0      0      0      0      0      0      0      0      0      0      0      0      0      0      0      0      0      0      0      0      0      0      0      0      0
      0      0      0      0      0      0      0      0      0      0      0      0      0      0      0      0      0      0      0      0      0      0      0      0      0      0      0      0      0      0      0      0      0      2      0      0      0      0      1      0      3      0     14      2      3      0      0      0      3      1      2      2      2      0      0      2      4      1      0      0      2      1      0      0      1      0      0     11      0      0      7      2      0      0      0      0      0      0      0      0      0      0      0      0      0      0      0      0      0      0      0      0      0      0      0      0      0      0      0      0
      0      0      0      0      0      0      0      0      0      0      0      0      0      0      0      0      0      0      0      0      0      0      0      0      0      0      0      0      0      0      0      0      0      0      2      0      0      0      0      0      0      0      0      0     10      0      0      0      0      0      0      1      0      0      0      0      0      1      0      0      0      3      3      1      0      0      0      1      0      0      1      0      0      0      0      2      0      0      0      0      0      0      0      0      0      0      0      0      0      0      0      0      0      0      0      0      0      0      0      0
      0      0      0      0      0      0      0      0      0      0      0      0      0      0      0      0      0      0      0      0      0      0      0      0      1      0      0      0      0      0      8      0      0      0      0      0      0      0      0      0      0      0      4      0      0      4      0      0      2      0      5      0      2      0      0     15      0      0      0      0      5      0      0     10      3      1      1      3      0      0      0      7      0      0      6      0      0      0      0      0      0      0      0      0      0      0      0      0      0      0      0      0      0      0      0      0      0      0      0      0
      0      0      0      0      0      0      0      0      0      0      0      0      0      0      0      0      0      0      0      0      0      0      0      0      0      0      0      0      0      0      0      0      0      0      0      0      0      0      3      0      1     11     16      0      0      0      0      0      0      0      0      0      0      1      0      0     24      1      0      0      0      0      0      0      5      7      0      0     11      0      0      0      0      0      0      0      0      0      0      0      0      0      0      0      0      0      0      0      0      0      0      0      0      0      0      0      0      0      0      0
      0      0      0      0      0      0      0      0      0      0      0      0      0      0      0      0      0      0      0      0      0      0      0      0      0      0      0      1      0      0      0      0      0      0      2      3      0      0      0      0      0      0      0      8      2      0      2      0      0      0      0      3      0      0      2      2      1      0      0      0      0      6      0      0      2      0      0      0      4      0      0     14      0      0      0      0      0      0      0      0      0      0      0      0      0      0      0      0      0      0      0      0      0      0      0      0      0      0      0      0
      0      0      0      0      0      0      0      0      0      0      9      0      0      0      0      0      0      0      0      0      0      0      0      0      0      0      0      0      0      0      5      0      0      0      0      0      0      2      0      0      0      0      0      0      0      0      0      0      0      0      0      5      0      6      0      0      0      0      0      2      5      0      0      0      0      0      0      0      0      0      0      0      0      0      0      0      0      0      0      0      0      0      0      0      0      0      0      0      0      0      0      0      0      0      0      0      0      0      0      0
      0      0      0      0      0      0      0      0      0      0      0      0      0      0      0      0      0      0      0      0      0      0      0      0      0      0      0      0      0      0      3      0      0      0      0      0      3      0      0     10      0      0      0      0      0      0      0      0      0      0      0      0      0      0      0      0      0     11      0      0      0      0      1      0      0      3      0      0      0      0      0      0      0      0      0      0      0      0      0      0      0      0      0      0      0      0      0      0      0      0      0      0      0      0      0      0      0      0      0      0
      0      0      0      0      0      0      0      0      0      0      0      0      0      0      0      0      0      0      0      0      0      0      0      0      0      0      0      0      0      0      2      0      0      0      0      0      0      0      0      0      0      0      0      0      0      1      9      0      0      0      0      2      0      1      0      0      0      0      0      0      5      0      0      0      0      0      2      0      1      0      0      0      0      0      0      0      0      0      0      0      0      0      0      0      0      0      0      0      0      0      0      0      0      0      0      0      0      0      0      0
      0      0      0      0      0      0      0      0      0      0      0      0      0      0      0      0      0      0      0      0      0      0      0      0      0      0      0      0      0      0      0      0      0      0      0      0      0      0      0      0      0      0      0      0      0      1      0      0     10      0      0      0      0      0      0      0      0      0      1      0      0      0      0      0      0      2      0      0      0      0      0      0      0      0      0      0      0      0      0      0      0      0      0      0      0      0      0      0      0      0      0      0      0      0      0      0      0      0      0      0
      0      0      0      0      0      0      0      0      0      0      0      0      0      0      0      0      0      0      0      0      0      0      0      0      0      0      0      0      0      0      0      0      0      0      0      0      0      1      0      0      0      0      0      0      1      2      0      0      0      0      0      0      1      0      0      0      0      0      0      0      0      4      0      0      0      0      0      0      0      4      0      0      0      0      0      0      0      0      0      0      0      0      0      0      0      0      0      0      0      0      0      0      0      0      0      0      0      0      0      0
      0      0      0      0      0      0      0      0      0      0      0      0      0      0      0      0      0      0      0      0      0      0      0      0      0      0      0      0      0      0      0      0      0      0      0      0      0      0      0      0     11      0      0      0      0      0      0      0      0      0      0      0      0      0      0      0      0      0      0      0      1      2      0      0      0      0      0      0      0      0      0      0      0      0      0      0      0      0      0      0      0      0      0      0      0      0      0      0      0      0      0      0      0      0      0      0      0      0      0      0
      0      0      0      0      0      0      0      0      0      0      0      0      0      0      0      0      0      0      0      0      0      0      0      0      0      0      0      0      0      0      0      0      0      0      0      0      0      0      0      0      0      0      0      0      0      0      0      0      0      0      0      0      1      0      0      0      0      0      0      0      0      0      0      0      0      0      0      0      0      0      0      0      0      0      0      0      0      0      0      0      0      0      0      0      0      0      0      0      0      0      0      0      0      0      0      0      0      0      0      0
      0      0      0      0      0      0      0      0      0      0      0      0      0      0      0      0      0      0      0      0      0      0      0      0      0      0      0      0      0      0      0      0      0      0      0      0      0      0      0      0      0      0      0      0      0      0      0      0      0      0      0      0      0      0      0      0      0      0      0      0      0      0      0      0      0      0      0      0      0      0      0      0      0      0      0      0      0      0      0      0      0      0      0      0      0      0      0      0      0      0      0      0      0      0      0      0      0      0      0      0
