\ 
\ Covariance Function Histogram Table
\ 
\ X Parameter: Time of Transit
\ X Abbrev   : TC
\ X Units    : BJD
\ X Items    : 100         
\ 
\ Y Parameter: e sine omega
\ Y Abbrev   : esinw
\ Y Units    : none
\ Y Items    : 100         
\ 
|col000|col001|col002|col003|col004|col005|col006|col007|col008|col009|col010|col011|col012|col013|col014|col015|col016|col017|col018|col019|col020|col021|col022|col023|col024|col025|col026|col027|col028|col029|col030|col031|col032|col033|col034|col035|col036|col037|col038|col039|col040|col041|col042|col043|col044|col045|col046|col047|col048|col049|col050|col051|col052|col053|col054|col055|col056|col057|col058|col059|col060|col061|col062|col063|col064|col065|col066|col067|col068|col069|col070|col071|col072|col073|col074|col075|col076|col077|col078|col079|col080|col081|col082|col083|col084|col085|col086|col087|col088|col089|col090|col091|col092|col093|col094|col095|col096|col097|col098|col099|
|int   |int   |int   |int   |int   |int   |int   |int   |int   |int   |int   |int   |int   |int   |int   |int   |int   |int   |int   |int   |int   |int   |int   |int   |int   |int   |int   |int   |int   |int   |int   |int   |int   |int   |int   |int   |int   |int   |int   |int   |int   |int   |int   |int   |int   |int   |int   |int   |int   |int   |int   |int   |int   |int   |int   |int   |int   |int   |int   |int   |int   |int   |int   |int   |int   |int   |int   |int   |int   |int   |int   |int   |int   |int   |int   |int   |int   |int   |int   |int   |int   |int   |int   |int   |int   |int   |int   |int   |int   |int   |int   |int   |int   |int   |int   |int   |int   |int   |int   |int   |
      0      0      0      0      0      0      0      0      0      0      0      0      0      0      0      0      0      0      0      0      0      0      0      0      0      0      0      0      0      0      0      0      0      0      0      0      0      0      0      0      0      0      0      0      0      0      0      0      0      0      0      0      0      0      0      0      0      0      2      0      0      0      0      0      0      0      0      0      0      0      0      0      0      0      0      0      0      0      0      0      0      0      0      0      0      0      0      0      0      0      0      0      0      0      0      0      0      0      0      0
      0      0      0      0      0      0      0      0      0      0      0      0      0      0      0      0      0      0      0      0      0      0      0      0      0      0      0      0      0      0      0      0      0      0      0      0      0      0      0      0      0      0      0      0      0      0      0      0      0      0      0      0      0      0      0      0      0      0      0      0      0      0      0      0      0      0      0      0      0      0      0      0      0      0      0      0      0      0      0      0      0      0      0      0      0      0      0      0      0      0      0      0      0      0      0      0      0      0      0      0
      0      0      0      0      0      0      0      0      0      0      0      0      0      0      0      0      0      0      0      0      0      0      0      0      0      0      0      0      0      0      0      0      0      0      0      0      0      0      0      0      0      0      0      0      0      0      0      0      0      0      0      0      0      0      0      0      0      0      0      0      0      0      0      0      0      0      0      0      0      0      0      0      0      0      0      0      0      0      0      0      0      0      0      0      0      0      0      0      0      0      0      0      0      0      0      0      0      0      0      0
      0      0      0      0      0      0      0      0      0      0      0      0      0      0      0      0      0      0      0      0      0      0      0      0      0      0      0      0      1      0      0      0      0      0      0      0      0      0      0      0      0      0      0      0      0      9      0      0      0      0      0      0      0      0      0      0      0      0      0      0      0      0      0      0      0      0      0      0      0      0      0      0      0      0      0      0      0      0      0      0      0      0      0      0      0      0      0      0      0      0      0      0      0      0      0      0      0      0      0      0
      0      0      0      0      0      0      0      0      0      0      0      0      0      0      0      0      0      0      0      0      0      0      9      0      0      0      0      0      2      0      0      0      0      0      0      0      0      0      0      0      0      0      0      0      0      0      0      0      0      0      0      0      0      0      0      0      0      0      0      0      0      0      0      0      0      0      0      0      0      0      0      0      0      0      0      0      0      0      0      0      0      0      0      0      0      0      0      0      0      0      0      0      0      0      0      0      0      0      0      0
      0      0      0      0      0      0      0      0      0      0      0      0      0      0      0      0      0      0      0      0      0      0      0      0      0      0      0      0      0      0      0      0      0      0      0      0      0      0      0      0      0      0      0      0      8      0      0      0      0      0      0      0      0      0      0      0      0      0      0      0      0      0      0      0      0      0      0      0      0      0      0      0      0      0      0      0      0      0      0      0      0      0      0      0      0      0      0      0      0      0      0      0      0      0      0      0      0      0      0      0
      0      0      0      0      0      0      0      0      0      0      0      0      0      0      0      0      0      0      0      0      0      0      0      0      0      0      0      0      0      0      0      0      0      0      0      0      0      0      0      0      0      0      0      0      0      0      0      0      0      0      0      0      0      0      0      0      0      0      0      0      0      0      0      0      0      0      0      0      0      0      0      0      0      0      0      0      0      0      0      0      0      0      0      0      0      0      0      0      0      0      0      0      0      0      0      0      0      0      0      0
      0      0      0      0      0      0      0      0      0      0      0      0      0      0      0      0      0      0      0      0      0      0      0      0      0      1      0      0      0      0      0      0      0      0      0      0      0      0      0      0      1      0      0      0      0      0      0      0      0      0      0      0      0      0      0      0      0      0      0      0      0      0      0      0      0      0      0      0      0      0      0      0      0      0      0      0      0      0      0      0      0      0      0      0      0      0      0      0      0      0      0      0      0      0      0      0      0      0      0      0
      0      0      0      0      0      0      0      0      0      0      0      0      0      0      0      0      0      0      0      0      0      0      0      0      0      0      0      0      1      0      2      0      0      0      0      0      0      0      0      9      0      0      0      1      0      0      0      0      0      0      0      2      0      0      0      0      0      0      0      0      0      0      0      0      0      0      0      0      0      0      0      0      0      0      0      0      0      0      0      0      0      0      0      0      0      0      0      0      0      0      0      0      0      0      0      0      0      0      0      0
      0      0      0      0      0      0      0      0      0      0      0      0      0      0      0      0      0      0      0      0      0      0      0      0      0      0      0      0      0      0      0      0      0      0      0      0      0      0      0      0      0      0      0      0      0      0      0      0      0      2      0      0      0      0      0      0      2      0      0      0      0      0      3      0      0      0      0      0      0      0      0      0      0      0      0      0      0      0      0      0      0      0      0      0      0      0      0      0      0      0      0      0      0      0      0      0      0      0      0      0
      0      0      0      0      0      0      0      0      0      0      0      0      0      0      0      0      0      0      0      0      0      0      0      0      0      0      0      0     15      0      0      0      0      0      0      0      0      0      0      0      0      0      0      0      0      0      0      7      0      0      0      0      0      0      9      0      3      0      5      0      0      0      0      0      0      0      0      0      0      0      0      0      0      0      0      0      0      0      0      0      0      0      0      0      0      0      0      0      0      0      0      0      0      0      0      0      0      0      0      0
      0      0      0      0      0      0      0      0      0      0      0      0      0      0      0      0      0      0      0      0      0      0      0      0      0      0      0      0      0      0      0      0      7      0      0      0      0      0      0      0      0      0      0      0      0      2      0      0      0      0      2      0      7      0      0      0      0     12      0      0      0      0      0      2      0      0      0      0      0      4      0      0      0      0      0      0      0      0      0      0      0      0      0      0      0      0      0      0      0      0      0      0      0      0      0      0      0      0      0      0
      0      0      0      0      0      0      0      0      0      0      0      0      0      0      0      0      0      0      0      0      2      0      0      0      0      0      0      0      0      0      0      0      0      0      0      0      4      0      0      0      1      0      0      0      3      0      0      0      0      0      6      0      0      0     11      0      9      0      0      0      0      0      0      0      0      2      0      0      0      0      0      0      0      0      0      0      0      0      0      0      0      0      0      0      0      0      0      0      0      0      0      0      0      0      0      0      0      0      0      0
      0      0      0      0      0      0      0      0      0      0      0      0      0      0      0      0      0      0      0      0      0      0      0      0      0      0      0      0      0      0      0      0      0      0      0      0      0      0      0      0      0      0      0      0      0      0      0      0      0      1      0      0      0      0      0      0      0      0      0      0      0      0      0      0      0      0     10      0      0      1      0      0      7      0      0      0      0      1      0      0      0      0      0      0      0      0      0      0      0      0      0      0      0      0      0      0      0      0      0      0
      0      0      0      0      0      0      0      0      0      0      0      0      0      0      0      0      0      0      0      0      0      0      0      0      0      0      0      0      0      0      0      0      0      0      0      4      0      5      0      8      0      0      0      0      0      1      0      0      0      0      0      2      0      0      0     11      0      0      0      2      9      0      5      0      0      0      0      0      0      0      0      0      0      0      0      0      0      0      0      0      0      0      0      0      0      0      0      0      0      0      0      0      0      0      0      0      0      0      0      0
      0      0      0      0      0      0      0      0      0      0      0      0      0      0      0      1      0      0      0      0      0      0      0      0      0      0      0      0      0      0      0      6      0      0      2      0      0      1      0      0      0      0      0      9      5      0     10      0      1      0      3      0      0     11      0      0      1      0      1      3      0      5      1      0      0      0      0      0      0      0      0      0      0      0      0      0      0      0      0      0      0      0      0      0      0      0      0      0      0      0      0      0      0      0      0      0      0      0      0      0
      0      0      0      0      0      0      0      0      0      0      0      0      0      0      0      0      0      0      0      0      0      4      0      0      0      0      0      0      0      0      0      0      0      7      0      0      1      0      5      0      0      0      4      0      0      0      1      6      0      6      0      0      0      6      4      3      2      0      0      0      0      8      0      0      0      0      0      0      0      0      0      0      0      0      0      0      0      0      0      0      0      0      0      0      0      0      0      0      0      0      0      0      0      0      0      0      0      0      0      0
      0      0      0      0      0      0      0      0      0      0      0      0      0      0      0      0      0      0      0      0      0      0      0      0      0      0      0      0      3      0      0      0      0      4      0      0      3      0     14      0      1      1      1      1      0     10      9      0      2      0      0      4      6      1      2      0      0      0      0      0      0      1      2      0      0      0      2      3      0      0      0      3      0      0      0      2      0      0      0      0      0      0      0      0      0      0      0      0      0      0      0      0      0      0      0      0      0      0      0      0
      0      0      0      0      0      0      0      0      0      0      0      1      0      0      0      0      0      0      0      0      0      0      0      0      0      0      1      0      0      7      0      0      0      0      1      1      4      0      0      3      0      3      5      0      0      3      5      2      0     11      0      4      4      8      3      0      0      7     10      1      0      0      0      1      0     16      0      0      3      0      0      0      0      0      0      0      0      0      0      0      0      0      0      0      0      0      0      0      0      0      0      0      0      0      0      0      0      0      0      0
      0      0      0      0      0      0      0      0      0      0      0      0      0      0      0      0      0      0      0      0      0      0      0      0      0      0      0      0      3      0      4      2      5      0      0      1      3      1      0      2      0      0      7      0     18     13      8      0     11      3     13      7      0      0     20     12      0      7      6      0      6      0      1      0      2      0      7      9      1      0      0      0      0      2      2      0      0      0      0      0      0      0      0      0      0      0      0      0      0      0      0      0      0      0      0      0      0      0      0      0
      0      0      0      0      0      0      2      0      0      0      0      0      0      0     13      0      0      0      0      0      0      0      0      0      0      0      1      0      0      3      2      0      0      0      0      0     14      3      1      1      5      1      0      0     10      6      2      2      1      2     25      3      3     14      9      0      3     18      9      5      0      0      0      3      5      0      6      0     11      0      0      0      0      0      0      0      0      0      0      0      0      0      0      0      0      0      0      0      0      0      0      0      0      0      0      0      0      0      0      0
      0      0      0      0      0      0      0      0      0      0      0      0      0      0      0      0      0      0      0      3      0      8      1      0     22      5      4      0      9      0      0      1      0      1      0      0     15      9      3      0      5     14      2      2      1      5     26      1      1      4      0      0      0     21      0      7     22      6      6      0     14      1      4      0      0      6      7      0      1      2      0      0      0      4      0      0      0      0      0      0      0      0      0      0      0      0      0      0      0      0      0      0      0      0      0      0      0      0      0      0
      0      0      0      0      0      0      0      0      0      0      0      0      0      0      0      0      0      0      5      0      0      0      0      4      0      0      1      2      8      7      0      1      0      2      0      0      0     14      0      0      4     13      2      3      4      6      1     32      0      6     16      1      6      3      8      0      2     14      1      0     14     18      3      0      3      0      0      2      0     19      1      1      4      4      3      6      0      0      0      0      0      0      0      0      0      0      0      0      0      0      0      0      0      0      0      0      0      0      0      0
      0      0      0      0      0      0      0      0      0      0      0      0      0      0      0      0      0      0      0      0      0      0      0      3      0      0      0      2      5     10      0      7      0      9      1      6     10     11      7      2      0      8      0     13      1     16      8     11      6      4     11      5      1      3      5     10      3      7      0     20      3     24      1      8      9      0      4     10      1     20      0      3      0      0      0      0      1      3      0      0      0      0      0      0      0      0      0      0      0      0      0      0      0      0      0      0      0      0      0      0
      0      0      0      0      0      0      0      0      0      0      0      0      2      0      0      0      0      0      0      0      0      0      0      0      3      5      0      5      4      0      4      1      3      7      0     10      3     20      2     13     14      3     11      7     15      1      7     16     19      4      4      7     26     13      2      4      2     19      9     12      0      1      0      0      0      9      6      0      0      0      0     14      0      6     20      0      0      1      0      0      0      0      0      1      0      0      0      0      0      0      0      0      0      0      0      0      0      0      0      0
      0      0      0      0      0      0      0      2      0      0      0      0      0      0      0      0      0      0      0      2      4      2      0      2      0      0      3      0      0      0      0      9      0      0      0     18      2      9     18     15      7     19     21     10      9     11     13      8     19     18     16     12     14      7      5      0      7      8      0     15      1      0      2      1      1     25      1      3      8      4      4      1      0      8      0      0      7      0      0      0      0     15      0      0      0      0      0      0      0      0      0      0      0      4      0      0      0      0      0      0
      0      0      0      0      0      0      0      0      0      0      0      0      0      0      0      0      3      5      0      0     14      0      0      0      1     11      0      4      1      0     10      6     21      7      6     15      5     14      6     28     54      7     24     43     35     12      8      5     11     21     13     23     12     12     17     37     18     19      7     11      7     14     12      2     16      2      0      1      8      0     15      8      5     10      0      0      0      0      0      0      0      0      0      0      0      0      0      0      0      0      0      0      0      0      0      0      0      0      0      0
      0      0      0      0      0      0      0      0      0      0      1      0      0      0      0      0      0      0      3      0      4      0      0      0      0     12      0      2      0      0      8     10     20     17      7     28     11     17     18     13     13     11      7      7     11      4      3     36     24     29     20     40     32     22     20     12      0     15      3     11     20      0     16      1     15      8     16     20     12      8      5      2      7      0      0      0     12      0     13      0      0      0      0      0      0      0      0      0      0      0      0      0      0      0      0      0      0      0      0      0
      0      0      0      0      0      0      0      0      0      0      0      0      0      0      0      0      0      0      0      0      0      0      0      0     10      5      0      5     15      4     11      2     21      6     22      1     22     28     13     12     22     10     17     10      9     15     17     18     19     15     34      5     27     14     24     12     17     31     38     37     20     31     11      3      6     13      0      0     56      6      6     15      3      4      2      0      0      0      2      3      1      7      0      0      0      2      0      0      0      1      0      0      0      0      0      0      0      0      0      0
      0      0      0      0      0      0      0      0      0      0      0      0      0      0      0      0      0      0      0      0      0      0     10      0      0     10      7     13      3      4      2      6     15     17      4     11      2      5     14     18     18     38     32     22     17     11     39     19     17     26     34     20     13     18     37     12     19     37     44     10      7     12      5     36      6     28     12      2      0      1      0      0      9      0      0      6      5      3      0      6      0      0      0      3      0      0      0      0      0      0      0      0      0      0      0      0      0      0      0      0
      0      0      0      0      0      0      0      0      0      0      0      0      0      0      4      1      0      0      0      2      0      0      9      8      1     16      0      1      0      0     17      8     15      0      4     15     20     25     34     19     19     31     33     43     21     40     32     38     13     26     32     17     30      9     10     29     21     12     28     30     17      6      9      5     18      6      8     15     18      6      2      3      2     21      1      0      0      3      3      2      0      0      0      0      0      0      0      0      0      0      0      0      0      0      0      0      0      0      0      0
      0      0      0      0      0      0      0      0      0      0      0      0      3      0      0      0      0      1      0      0      0      0      4      0      0      2      2      5      4      9      0      6     11     21     14      6      4     25     23     30     20     18     77     29     40     60     35     50     55     46     54     23     10     24     30     38      8      8     18     49     37     44     20     14     30     22     31      7     34     11      1      1      0     13      1      7      1      0      0      0      1      4      0      0      0      0      0      0      0      0      0      0      0      0      0      0      0      0      0      0
      0      0      0      0      0      0      0      0      9      0      0      0      0      0      0      0      0     11     10      5      2      0      3      1      3      1     10     14      7      0      4      7     12     42     13     34     35     41      7     36      7     27     34     44     27     19     17     42     36      9     21     31    118     29     47     71     24      9     34     37     21     13     21     54     70     42     28     36     14      8      6      5      8      0      9      9     12      3      7      2      3      0      0     18      1      0      0      0      0      0      0      0      3      0      5      0      0      0      0      0
      0      0      0      0      0      0      0      0      0      7      0      0      0      7      4      2      0      0      0      0      3      3      0      4     11      0     10      0      6      2     16      9     13     20     35      8      3     18     11     21     31     15     68     28     48     65     74     48     47     40     27     54     36     46     31     48     72     48     30     27     30     20     15     31     15     10      4     27     39     14      1      7     10      7      8     18      0      6      0      0      3      0     10      2      0      0      0      0      0      0      0      0      0      0      0      0      0      0      0      0
      0      0      0      0      0      0      0      0      0      0      0      1      0      5      0      0      0      2      6      4      6      4      6      1      7     24      5      3     17      6      8      7     21     12     24     35     18     23     52     19     18     22     42     40     82     24     46     74     60     42     43     71     60     47     44     27     34     22     21     28     15     26     69     19     38     13     23      0     27      6     12     17     14      0      0      0      0      0      0      3      0      0      1      4      8      0      0      0      0      0      0      0      0      0      0      0      0      0      0      0
      0      0      0      6      0      0      0      0      0      0      4      0      0      0      0      0      2      0      0      0      0      0      0      0      4      9     15      5      9     15     16     25     21      9      2     28     20     25     48     18     66     32     34     34     23     57     38     55     36     34     41     26     60     19     68     18     57     25     48     39     26     38     33     47     28     22     22     14     22     17     30     18      9      1      6      1      1      2      4      5      0      0      0      2      1      0      0      0      0      0      0      0      0      0      4      0      0      0      0      0
      0      0      0      0      1      0      0      0      1      0      0      0      0      2      2      0      4      0      0      2      6      3      0      2     11      2     19     16     19     21     13     19      4     42      9     25     19     49     65     15     29     48     26     63     78     47     62     42     35     48     64     59     87     29     48     33     40     87     58     53     27     40     33     27     24     10     34     42      9     29     25      3      2      3      7     13      2     12      0      3     23      0      0      2      0      0      0      0      0      0      0      0      2      0      0      0      0      0      0      0
      0      0      0      0      0      0      0      5      0      0      0      0      0      0      0      1      0      0      0      0      0      0      2     14      0      9      2     22     13     30     11     25     47     11     30     23     58     54     41     33     61     33     45     69     66     53     57     54     60     63     66     82     34     58     78     18     88     35     57     36     22     83     55     43     65     19     32     31     17     18     43     23     21      7     10      5      0     16      0      5      8     12      0      5      0      2      0      2      0      0      0      0      0      0      0      0      0      0      0      0
      0      0      0      0      0      0      1      0      0      0      0      0      0      4      0      0      0      7      0      4      1      1      6      7      3      1     14     18     42     27     12     12     22     42     17     85     60     36     19     23     50     60     70     49     58     63    124    115     35     30     91     58     68     98     62     73     84     65     36     37     46     11     29     37     63     42     35     40     15      0      5     25     14     40     14      1      1      0     10      6      0      0      1      0      0      1      0      1      0      0      0      2      0      0      0      0      0      0      0      0
      0      0      0      0      1      5      0      0      0      0      0      0      0     15      0      0      5      3     13      0      2      2      0      4      2      4     23     11     14     15     11     23     15     41     72     29     24     62     38     59     53     35     82     73     38     71     27     44    105     39     56     56     69     23    109     58     24     43     37     63     46     94     33     49     16     33     38     20     27     11      2     17     29     34      0      3      5      0      1      4      9      1     14      0      0      2      0      0      0      0      0      1      1      0      0      0      0      0      0      0
      0      0      0      0      0      0      0      0      0      0      0      0      1      1      0      0      2      0      4      4      8      0     14     10      0      2     16      9      2     17     31     21     55     14     22     19     18     15     32     15     41     12     99     74     35     54     61     57     47    103     84    141     68     58     41     75     97     56     87     78     58     48     75     47     21     58     51     57     31     51     25      7      3     13     14      7      7      0      6      4     15     27      0      0      0      0      0      0      0      0      0      0      0      0      4      0      0      0      0      0
      0      0      0      0      0      0      0      0      0      0      3      1      0     10      2      4      1      0      0      0      8      7      2     33      3      5     10     15     21     32     27     19     26     21     40     28     52     44     87     70     52     99     82     58     43     29     80     66     33     56     78     77     91     81     62     48     53     65     53    125     58     62     31     65     17     36     15     16     12     27     23     24     18     13     12      0      1      5      0      0     10      0      4      3      0      0      0      0      0      0      0      0      0      0      0      0      0      0      0      0
      0      0      0      0      0      0      0      0      2      0      0      0      0      6      2      0      2      1      0      1     12      0      1     16      4      4      1     17      2     33     12     41     63     45     55     42     78     47     38     55     41     85     92     63     56     66     71     55    111     68    101     97     64     50     42     80     88     51     60     63     87     45     69     56     60     18     28     47     63     38     18     16     11      9     15     14      8     22      3      5      6      0      2      7      6      3      0      0      0      0      0      0      0      0      0      0      0      0      0      0
      0      0      0      0      0      0      1      0      0      0      1      0      0      0      0      1      0      0      0      0      2      5      0      2      3      6     16      5     15     12     24     48     21     43     53     19     34     83     39     56     52     41     65     62     55     63     90    122     93     89     80     94     45     86     74    100     80     80     69     67     34     48     58     35     22     38     48     38     17     23     30     20     29     13      5      2      6      7      2      0      0      1      0      5      8      3      0      0      0      0      0      0      0      0      0      0      0      0      0      0
      0      0      0      0      0      0      0      0      0      4      0      0      0      0      6      0      2      5      1     12      6      2      7      1     10     25      8     51     60     26      5     65     16     25     13     31     42     47     92     58     95    121     56     79     69     85     86    122     72     45     97     99     91    120     95     99     45     62     62     55     33     77     42     26     28     50     17     37     24      5     13     10      3      7     13     14      4      6      6      2     13     12      5      7      1      0      3      0      0      0      0      0      0      0      0      0      0      0      0      0
      0      0      0      0      0      0      4      0      0      0      0      0      0      3      3      0      0      4      0      4      7      4      0     14     23      4      9      3     34     19     24     33     30     33     39     47     59     35    102     47     41     51    130     28     89    114     58    106    109     60     71     87     90     56     59    123     89     79     61     62     88     17     60     37     43     53     49     59     18     16     10     20     36      7     11      4      0     11      1      3      5      0      0      6      0      0      0      0      0      0      0      0      0      0      0      0      0      0      0      0
      0      0      0      0      0      0      0      0      0      0      0      0      5      0      2      0      0      5      1      0      0      4      7      8     11      3     11     10      9     22     35     51     32     35     60     55     42     54     30     44     54     80     77     97    116     77     98     98    113    123    104     39     73     92     65     82     64     70     69     77     60    106     27     60     45     14     38     16     26     34     27     25      4      2     10     10     14      4      5     10      0      0      7      0      0      0      0      0      9      0      0      0      0      0      0      0      0      0      0      0
      0      0      0      0      0      0      0      0      0      0      0      0      0      0      2      0      0      0      1      1     11     13     10     26     19      3      9     28     37     48      7     50     17     46     21     38     34     47     49     71    100     42     94    101     44    105    102     86     85     99     82     70     97    115     83     99     57    111     29     63     36     25     55     66     31     40     24     30     30     31     13     35      9     20     22     13      2      0      1      3      0      1      0      8      0      0      0      0      0      4      0      0      0      0      0      1      0      0      0      0
      0      0      0      0      3      1      0      0      3      0      0      0      0      0      0      2      2      0      2      1      1      0      0      2     22     15     19     19     26     29     39     10     43     95     49     62     30     83     59     57     47     63     48     58     86     52     90     77     33     79    140     96     56    102     20    106     54    121     81     98     24     35     50     35     30     44     55     42     42      8     18     14     38      7      1     17      3     12      6      2      0      4     20      0      0      0      0      0      1      0      0      0      0      0      0      0      0      0      0      0
      0      0      0      0      0      0      0      0      0      0      0      0      0      0      0      1      6     14      0      3      1      9     10      6     21     57     12     27     14     38     39     38     37     47     39     33     65     84    131     39     37     35     86     81    109     61    121    118     50    123     86     88    116     66     75     86     53     98     43     65     72     79     82     65     42     48     33     35     14     16     34     24      7     30      2      9      1      5     16      1      0      8      8      1      0      0      0      0      7      0      0      0      0      0      0      0      0      0      0      0
      0      0      0      0      0      0      0      0      0      0      0      2      0      2      2      1      2      0      0     15      2     25     15     15     18      5      1     16     18     39     15     14     21     51     40     21     41     58     62     59     41    103     78     74    106     73     69    102    116     83     93     52    117    105     89     97     84     44     54     49     62     44     53     62    106     37     21     21     16     26     10      3      9      0     14     16      7      3      0      1      1      0      1      0      0      0      0      0      0      0      0      0      0      0      0      0      0      0      0      0
      0      0      0      3      0      0      4      0      0      0      0      0      4     14      0      0      2      1     14      9     11      1      5      9     11      5     41     48      9     23     27     55     42     22     31      9     52     70     43     50     72     79     79     71     59    125    131     96     38    117     68     84    139    153     82     56     74     79     48     49     34     38     72     69     53     18     70     29     75     31     19     14      5      7      8     10      2      5      0      3      4     19      1      0      4      0      5      2      0      0      0      0      0      0      0      0      0      0      0      0
      0      0      0      0      0      0      0      0      0      0      0      0      0      0      1      3      1      1      1      0      0      4      8      5     12     17      4      5     30     24      3     26     25     45     35     53     33     85     78    113     66     85     77    104     83     87     53     93     71     63     91    117     89     58     84     80     67     63     75     34     58     65     68     86     48     26     49     32     35     18     19     21      0      0      9     14      0      0      0     30      0      5      1      0      0      0      0      0      0      0      0      0      0      0      0      0      0      0      0      0
      0      0      0      0      0      0      0      0      0      0      0      0      0      0      0      1      4      3      0     15      4      1      3      6     13     10     41     18     33     16     13     20     38     60     44     28     49     23     41     46     66     56     64     90     86     85     40     94     84     48     75     64     99    102     94     68     41     83     64    107     24     38     57     40     16     20     35     12     31     19     22     17      3      7      8      1     21      3      2      4      2      0      0      0      0      0      0      0      0      0      0      0      0      0      0      0      0      0      0      0
      0      0      0      0      0      0      0      0      0      0      0      0      0      0      0      0      0      4      0      0      8     10      3     20     10      3     37     16     10     13     11     51     28     40     52     46     61     51     56     44     66     92     44     82     93     93    117     48     92    102     57     67    114    139     67     39     39     25     62     61     37     33     46      7     19     26     37     41     13     10     11     14     10     12      7      0     19      2      1      1      0      0      3      0      0      0      0      0      0      0      0      0      0      0      0      0      0      0      0      0
      0      0      0      0      3      0      0      0      0      0      0      0      0      1      0      4      0      2      3     12      0      8      6      0      7     10      4      1     20     26      3     18     57     19     37     29     52     62     43     51     76     55     60     66     51     56    119     60     86     77    142     49     63     99    108     76     48     26     26     46     42     76     32     19     30     32     35     31     25     39     29     21      9      0     21      0      4      0      0      0      1      1      0      1      0      0      5      0      0      0      0      0      0      0      0      0      0      0      0      0
      0      0      0      0      0      0      0      0      0      0      4      0      0      0      0      0      0      0     10      7      0      3      4      9     17     17     21     15     17     29     12     34     32     40     44     55     39     74     60     75     95     55     22     32     44     60    131     55    105     37    117     78     33     47     81     50     82     93     77     39     75     35     47     30      6     35     30     44     19     23     10     24     23     18      2      5      0      0      0      0      0      1      1      0      0      0      0      0      0      0      0      0      0      0      0      0      0      0      0      0
      0      0      0      0      0      0      1      0      0      0      0      5      1      0      4      0      5     10      0      9      0     15      1      0      3      8     26      3      7     43     17     32     30     34     36     22     57     66     56     50     32    125     52     85     55    136     63     83     70     62     52     57     64     51     14     77     22     45     50     41     40     26     25     34     45     33     31     25     22     14     17     15      7     11     24      7      3      0      1      0      0      0      0      0      0      0      0      0      0      0      0      0      0      0      0      0      0      0      0      0
      0      0      0      0      0      0      0      0      0      0      0      0      2      0      0     10      2      0      8      7      0      7     17     12     13      4      9     14     25     10     34     35      7     26     45     40     12     20     52     59     58     73     58     84     54     73     87     42     86     76     54     67     42     57     44     89     45     76     65     29     59     22     60     62     31     15     23     21     11     10     15     17     16     14      2      4     17      0      0      0      0      0      0      0      0      0      0      5      0      0      0      0      0      0      0      0      0      0      0      0
      0      0      0      0      0      0      0      2      0      0      0      1      0      0      0      0      0      2      0      1     14     11      9      2     15      1      6      3     21     42     26     12     39     24     22     16     34     43     33     45     12     57     55     33     48     64     83     43     76     50     29     41     49     39     68     28     58     32     20     22     41     31     12     18     30      8     15     41     15      0      9     24      3      0     11      2      5      0      0      0      0      0      4      0      7      0      0      0      0      0      0      0      0      0      0      0      0      0      0      0
      1      0      0      0      0      0      0      0      0      0      8      0      0      2      0      0      0      0     15     28     17      0      0     21      7      2      5     16     22     21     24     66      4     32     13     46     26     42     62     38     58     43     35     58     45     99     59     54     76     73     47     43     67     11     91     53     20     58     39     58     16     29     11     39      9      6     11     10     11      6     13      6      0     32     17      4      5      4      2      9      0      0      5      0      0      0      0      0      0      0      0      0      0      0      0      0      0      0      0      0
      0      0      0      0      0      0      0      0      0      5      0      0      0      0      0      0      5      6      9      2      0      0      1      1     16     22      2     11     12     11     32     10     27     30     52     67      2     65     27     69     60     25     33     51     41     67     58     15     67     51     71     69     56     39     64     36     34     24     53     24     19     17     29     34     14     42      5      6     18      7      0     10      2      6      0     13      0      2      5      0      3      0      0      0      0      0      0      0      0      0      0      0      0      0      0      0      0      0      0      0
      0      0      0      0      0      0      0      0      0      0      0      0      0      0      2      2      2      7     36      2      4     14      5      5      5      7     25      9      2      8     13     41     34     10     26     47     28     29     51     10     26     39     20     58     52     35     74     54     57     38     25     65     52     31     39     37     25     50     31     19     31     40     41     24     25      7     11     11     13     10      5      0      2      2      2      0      0      4      0     11      1      3      0      0      0      0      0      0      1      0      0      0      0      0      0      0      0      0      0      0
      0      0      0      0      0      0      0      0      0      0      0      4      0      2      0      2      0      1      0      0      1      4      2      2      1      4      3     25     21     17      1     12     30     20     18     36     23     19     21     53     44     42     40     50     51     43     23     19     18     45     60     59     44     19     39     48     30     42      3      7     11     22      9     23     32     21     10      8      0      6      3      9      0      0     11      0      0      3      3      0      0      4      0      0      0      0      0      0      0      0      0      0      0      0      0      0      0      0      0      0
      0      0      0      0      0      0      0      0      0      1      0      0      2      0      0      0      0      3      2      0      2      0      0     12     20      5     18      6     22     13     12     10     13     35     44     18     20      6     46     29     51     12     50     19     23     91     28     31     47     23     52     25     30     40     22     14     40     20     18     37      4     20     26     17      9     10     18      0      0      0      0      0     10      3      2      0      5      0      0      0      0      0      0      1      1      0      0      0      0      0      0      0      0      0      0      0      0      0      0      0
      0      0      0      0      0      0      0      0      1      0      0      0      5      0      0      3      0      5      0      2      9      9      4      0      6      6      4      6      0     33     47     17     15     24     10     41     32      4     20     26     12     24     40     36     65     29     34     34     35     33     49     22     18     33     69     36     27     24     25     13     14     15     28      6      7      4      6      5     18      4     11      4     13      0      6     13      0      0      0      0      0      0      0      0      0      0      0      0      0      0      0      0      0      0      0      0      0      0      0      0
      0      0      0      0      0      0      0      0      0      0      0      0      1      0      3      0      0      2      0      0      8      9     12      1      2     22      0      0     20      4     30     30     30      9     11     28     15     21      6     18     14     67     39     17     30     25     32     31     12     45     22     20     24     53     11     22     26     24      4     23     12     21     14      2      8      7      5      9     10      0      3      4      0     12      0      0      3      0      0      0      0      0      0      0      0      0      0      0      0      0      0      0      0      0      0      0      0      0      0      0
      0      0      0      0      0      0      0      0      0      3      0      0      0      1      0      2      0      0      0      3      0      4      0      0      0      5     20     19      6      7     14     10     13     12      4      7     13     10     11     15     23     15     41     26      7     18     37     48     24     28     17     48     15     41     13     17      6     14     22      8      4     11      3     12     13      5      7      8      1      6      2      4      0      2      0      0      0      0      0      0      0      0      0      0      0      0      0      0      0      0      0      0      0      0      0      0      0      0      0      0
      0      0      0      0      0      0      0      0      0      0      0      0      0      0      8      0      0      0      2      2      2      0      2      2      0      0      8     19     21     22     22      4     17     10     14     14     15     17     13      9     34     28     40     20     23     35     13     25     18     14     32     41     17     17     43     32     27     21     15      8     22     18     15     20      5     11      9      1      1      1      2      2      0      0      0      0      0      0      0      0      0      0      0      0      0      0      0      0      0      0      0      0      0      0      0      0      0      0      0      0
      0      0      0      0      0      0      0      0      0      0      0      4      0      0      1      0      0      0      0      6      4      4      2      8      0      7      4      6      4      6     23     13     11     10      5     15     13      4     31     29     11     12     16     30     36     10      6     46     20      8     12     26     47     32     35     22     12     34     19     11     15     12      2      7      5      7      3      1      1      0      5      0     10      4      0      0      0      0      0      0      0      0      0      0      0      0      0      0      0      0      0      0      0      0      0      0      0      0      0      0
      0      0      0      0      0      0      0      0      0      0      0      0      0      8      0      9      0      0      1      0      0      1      1      0      1      0      2     21      0      4      2      1     11     12      4     17      6      5     24     26     16     15     11     21     27     15     11     20      3     30     32     41      8     24     13     24     61     11     25      1      7      2      2      3      4     17      0      0      0      1      0      0      4      0      3      0      0      0      0      0      0      0      0      0      0      0      0      0      0      0      0      0      0      0      0      0      0      0      0      0
      0      0      0      0      0      0      0      0      0      0      0      0      0      5      0      0      0      0     14      1      0      5      0      1     16      0      0      6      1      9      4      7     12      5     12      8      0     12      9     19      8     14      3     19     14     13     15     16     22      9     12     10     36     20      2     24     22     11     26     17      8      6     10      1      6      0      1      4      0      0      1      0      9      0      0      0      0      0      0      0      0      0      0      0      0      0      0      0      0      0      0      0      0      0      0      0      0      0      0      0
      0      0      0      0      0      0      0      0      0      0      0      0      0      0      0      0      0      0      0      0      8      2      0      0      4      5      0      7     14      0     10     15     10      2      0     12     12     11     14     15     18     11      9      9      7     18     15      8     32      4     13     24     21     12      8      3      6      1      6      1      5      0      4      2      7      0      4      2      0      7      5      0      9      8      0      0      0      1      0      0      0      0      0      0      0      0      0      0      0      0      0      0      0      0      0      0      0      0      0      0
      0      0      0      0      0      0      0      0      2      0      0      0      0      0      6      6      0      4      0      6      0      0     14      3      0      0      3      0      0      5      3      6      2     18      9      0      7     21      6     10     15      4      3      7     14     11     28      8      8      8     13     15     17     13     11     16      9      0      7      0      2      8      0      5      1      0      2      0      0      0      0      1      0      0      0      0      0      0      0      0      0      0      0      0      0      0      0      0      0      0      0      0      0      0      0      0      0      0      0      0
      0      0      0      0      0      0      0      0      0      0      0      0      0      0      3      0      0      0      0      0      0      0      5      0      0      8      0      0      7      0      6      7     20     12      7      4      5      9     11     12     23     13      3      2     15      5      7      4     33     10      6      9     12      4      1      2      7      0      9      5     18      2     14      2      9      2      0      2      0      3      0      0      0      0      0      6      0      0      0      0      0      0      0      0      0      0      0      0      0      0      0      0      0      0      0      0      0      0      0      0
      0      0      0      0      0      0      0      0      0      0      0      0      0      0      0      0      0      0      0      0      0      0      0      3      0      0      6      3      0      0      0      1      1      4      0      6     17     12      7      6     20     16      8      2      8      2     11      9      2     22     13      8      1      5      5     11     12      9      4      0      0      0      0      0      0      0      0      0      4      0      0      6      0      0      0      0      0      0      0      0      0      0      0      0      0      0      0      0      0      0      0      0      0      0      0      0      0      0      0      0
      0      0      0      0      0      0      0      0      0      0      0      0      0      0      0      2      0      0      0      0      0      0      0      0      0      0      6      0      1      1      2      3      0      4      0      9      7     15      6      5      7     10      8      2     12      3      8      5      8     20     10      1     10      4      2     12      4      0      3      9      4      5      8      9      1      0      0      0      0      0      0      0      2      0      0      0      0      0      0      0      0      0      0      0      0      0      0      0      0      0      0      0      0      0      0      0      0      0      0      0
      0      0      0      0      0      0      0      0      0      0      0      0      0      0      0      0      6      0      0      0      0      0      0      0      2      0      0      8      0      2      0      0      0      0      2      0      4      0     23      2      2      3      5      6     12     15      0     32      9     14      9      9      2      1      1     17      5      4      0      1     15      0      3      2      1      0      1      5      0      0      0      0      0      0      1      0      0      0      0      0      0      0      0      0      0      0      0      0      0      0      0      0      0      0      0      0      0      0      0      0
      0      0      0      0      0      0      0      0      0      0      0      0      0      0      0      0      0      0      4      0      0      0      2      1      0      0      1     14      2     13      0      7      1      0      9      3      1      6     11     20      5      4     11      2      5     14      9      8      1      6     25      3     19      7      5      1      8      9      3      0      0      3     13      0      4      0      0      0      0      0      0      0      3      0      0      0      0      0      0      0      0      0      0      0      0      0      0      0      0      0      0      0      0      0      0      0      0      0      0      0
      0      0      0      0      0      0      0      1      0      0      0      0      0      0      0      8      0      0      0      0      2      0      3      0      0      4      0      0      1      0      0      2      0      0      0      0      2      1      0     15      6      0     13      0      7      4      2      7     20      9      9      0      2      1      0      7      5      0      0      4      5      2      0      1      0      0      0      4      0      0      0      0      0      0      0      0      0      0      0      0      0      0      0      0      0      0      0      0      0      0      0      0      0      0      0      0      0      0      0      0
      0      0      0      0      0      0      0      0      0      1      0      0      0      0      0      0      0      0      1      0      0      1      2      6      0      0      0      0      0      0      4      1      0      0      1      0      0      1      0      4      0      0      3     11      6      0      2      6      1      4      9      2      1      0     12      1      6      0      0      3      0      5      0      2      4     17      0      2      0      0      0      0      0      0      4      0      0      0      0      0      0      0      0      0      0      0      0      0      0      0      0      0      0      0      0      0      0      0      0      0
      0      0      0      0      0      0      0      0      0      0      0      0      0      0      0      0      0      0      0      0      0      0      0      0      0      9      0      2     10      0      4      2      0      1      9      0     20      0      0      8      0     12      1      3      2     15     15      0      5      7      1      2      1      0     22      9      0      8      2      6     14      0      0      1      0      0     13      6      0      0      0      0      0      0      0      0      0      0      0      0      0      0      0      0      0      0      0      0      0      0      0      0      0      0      0      0      0      0      0      0
      0      0      0      0      0      0      0      0      0      0      0      0      0      0      0      0      0      0      0      0      0      0      3      0      0      0      0      2      0      1      2      7      0      0      0      0      0      2      0      0     11      9      2      0      0      6      8     17      0     11      9      0     14      0      0      9      0      3      3      0      1     11      5      0      0      0      3      0      6      0      0      0      0      0      0      0      0      0      0      0      0      0      0      0      0      0      0      0      0      0      0      0      0      0      0      0      0      0      0      0
      0      0      0      0      0      0      0      0      0      0      0      0      0      0      0      0      0      0      0      2      0      0      1      0      0      0     22      0      2      0      1      0      0      2      0      5      0      0      0      0      0      7      2      6      6      3      0      0      6     10      4     12      1      2      7      1      2      3      2      9     10      0      0      0      0      0      0      0      0      0      0      0      0      0      0      0      0      0      0      0      0      0      0      0      0      0      0      0      0      0      0      0      0      0      0      0      0      0      0      0
      0      0      0      0      0      0      0      0      0      0      0      0      0      0      0      0      0      0      0      0      0      0      0      0      0      1      0      0      0      0      1      0      0      0      0      4      1      0      6      0      6      5      0      4      4      2      0      3      0     13      0      4      1      0      4      1      0      0      0      0      0      2      8      0      2      0      0      0      0      0      0      0      0      0      0      2      0      0      0      0      0      0      0      0      0      0      0      0      0      0      0      0      0      0      0      0      0      0      0      0
      0      0      0      0      0      0      0      0      0      0      0      0      0      0      0      0      0      1      0      0      0      0      0      0      0      0      2      0      1      0     12      0      0      0      0      2      0      0      0      0      3      0      0      4      1      0      7      0      5      0      0      7      5      0      0      4      8      3      7      0      0      0      1      0      0      0      0      0      0      0      0      0      0      0      0      0      0      0      0      0      0      0      0      0      0      0      0      0      0      0      0      0      0      0      0      0      0      0      0      0
      0      0      0      0      0      0      0      0      0      0      0      0      0      0      0      0      9      0      0      0      0      0      0      0      0      0      0      0      0      2      0      3      2      4      0      0      0      0      0      0      4      0      0      0      2      6      1      2      2      3      0      0     10      0     21      7      0      0      0      0      0      0      0      0      0      0      0      0      0      0      0      0      0      0      0      0      0      0      0      0      0      0      0      0      0      0      0      0      0      0      0      0      0      0      0      0      0      0      0      0
      0      0      0      0      0      0      0      0      0      0      0      0      0      0      0      0      0      0      0      0      0      0      0      0      0      0      5      0      0      0      0      0      0      0      0      0      3      0      1      2      2      3      0      0     13      0      2      8      0      2      7      1      2      1      2      3      1      0      0      4      0      0      4      0      0      0      0      0      0      0      0      0      0      0      0      0      0      0      0      0      0      0      0      0      0      0      0      0      0      0      0      0      0      0      0      0      0      0      0      0
      0      0      0      0      0      0      0      0      0      0      0      0      0      0      0      0      0      0      0      0      0      0      0      0      0      0      0      0      0      0      0      0      0      0      0      0      3      0      0      0     10      0      0      0      0      0      0      0      0      0      0      3      7      2      0      0      0      0      0      0      0      0      0      0      0      0      0      0      0      0      0      0      0      0      0      0      0      0      0      0      0      0      0      0      0      0      0      0      0      0      0      0      0      0      0      0      0      0      0      0
      0      0      0      0      0      0      0      0      0      0      0      0      0      0      0      0      2      0      0      0      0      0      0      0      0      0      0      0      0      0      0      0      0      0      0      0     10      0      0      8      0     21      0      0      3      4      0      0      0      0      5      4      0      3      3      0      3      0      1      0      4      0      0      0      0      0      0      0      0      6      0      0      0      0      0      0      0      0      0      0      0      0      0      0      0      0      0      0      0      0      0      0      0      0      0      0      0      0      0      0
      0      0      0      0      0      0      0      0      0      0      0      0      0      0      0      0      0      0      0      0     11      0      0      0      0      0      0      0      0      0      0      0      1      0      0     24      0      0      0      0      0      0      3      7      2      0      0      0      0      0     16      4      0     11      0      0      1      0      0      0      0      0      0      0      0      0      0      0      0      0      0      0      0      0      0      0      0      0      0      0      0      0      0      0      0      0      0      0      0      0      0      0      0      0      0      0      0      0      0      0
      0      0      0      0      0      0      0      0      0      0      0      0      0      0      0      0      0      0      0      0      0      0      0      2      0      0      0      0      0      0      0      0      0      0      0      0      1      0      2      0      5      1      0      2      0      0     22      0      0      6      2      0      4      0      1      3      0      0      0      0      1      0      0      0      0      0      0      0      0      0      0      0      0      0      0      0      0      0      0      0      0      0      0      0      0      0      0      0      0      0      0      0      0      0      0      0      0      0      0      0
      0      0      0      0      0      0      0      0      0      0      0      0      0      0      0      0      0      0      0      0      0      0      0      0      0      0      0      0      0      0      0      0      0      0      0      0      0      0      0      0      5      0      0      0      0      0      9      0      5      0      2      0      4      0      7      0      0      0      0      0      0      0      0      0      0      2      0      0      0      0      0      0      0      0      0      0      0      0      0      0      0      0      0      0      0      0      0      0      0      0      0      0      0      0      0      0      0      0      0      0
      0      0      0      0      0      0      0      0      0      0      0      0      0      0      0      0      0      0      0      0      0      0      0      0      0      0      0      0      0      0      0      0      0      0      7      0      3      0      0      0      0      0      0      0      0      0      0      0      0      0      3     14      0      0      1      3      0      0      0      0      0      0      0      0      0      0      0      0      0      0      0      0      0      0      0      0      0      0      0      0      0      0      0      0      0      0      0      0      0      0      0      0      0      0      0      0      0      0      0      0
      0      0      0      0      0      0      0      0      0      0      0      0      0      0      0      0      0      0      0      0      0      0      0      0      0      0      0      0      0      0      0      0      9      0      0      0      0      0      0      1      0      0      0      0      0      0      0      0      0      0      0      2      6      1      2      0      0      0      0      0      0      0      2      0      0      0      0      0      0      0      0      0      0      0      0      0      0      0      0      0      0      0      0      0      0      0      0      0      0      0      0      0      0      0      0      0      0      0      0      0
      0      0      0      0      0      0      0      0      0      0      0      0      0      0      0      0      0      0      0      0      0      0      0      0      0      0      0      0      0      0      0      0      0      0      0      0      0      0      0      0      0      0      0      0      0      0      0      1     11      0      0      0      2      0      0      0      0      0      0      0      0      0      0      0      0      0      0      0      0      0      0      0      0      0      0      0      0      0      0      0      0      0      0      0      0      0      0      0      0      0      0      0      0      0      0      0      0      0      0      0
      0      0      0      0      0      0      0      0      0      0      0      0      0      0      0      0      0      0      0      0      0      0      0      0      0      0      0      0      0      0      0      0      0      0      0      0      0      0      0      0      0      1      0      0      1      2      0      0      1      4      4      0      0      0      0      0      0      0      0      0      0      0      0      0      0      0      0      0      0      0      0      0      0      0      0      0      0      0      0      0      0      0      0      0      0      0      0      0      0      0      0      0      0      0      0      0      0      0      0      0
      0      0      0      0      0      0      0      0      0      0      0      0      0      0      0      0      0      0      0      0      0      0      0      0      0      0      0      0      0      0      0      0      0      0      0     11      0      0      0      0      0      0      0      0      0      0      2      0      1      0      0      0      0      0      0      0      0      0      0      0      0      0      0      0      0      0      0      0      0      0      0      0      0      0      0      0      0      0      0      0      0      0      0      0      0      0      0      0      0      0      0      0      0      0      0      0      0      0      0      0
      0      0      0      0      0      0      0      0      0      0      0      0      0      0      0      0      0      0      0      0      0      0      0      0      0      0      0      0      0      0      0      0      0      0      0      0      0      0      0      0      0      0      0      0      0      0      0      0      0      1      0      0      0      0      0      0      0      0      0      0      0      0      0      0      0      0      0      0      0      0      0      0      0      0      0      0      0      0      0      0      0      0      0      0      0      0      0      0      0      0      0      0      0      0      0      0      0      0      0      0
      0      0      0      0      0      0      0      0      0      0      0      0      0      0      0      0      0      0      0      0      0      0      0      0      0      0      0      0      0      0      0      0      0      0      0      0      0      0      0      0      0      0      0      0      0      0      0      0      0      0      0      0      0      0      0      0      0      0      0      0      0      0      0      0      0      0      0      0      0      0      0      0      0      0      0      0      0      0      0      0      0      0      0      0      0      0      0      0      0      0      0      0      0      0      0      0      0      0      0      0
