\ 
\ Covariance Function Histogram Table
\ 
\ X Parameter: Time of Transit
\ X Abbrev   : TC
\ X Units    : BJD
\ X Items    : 100         
\ 
\ Y Parameter: A Priori Transit Prob
\ Y Abbrev   : PTG
\ Y Units    : none
\ Y Items    : 100         
\ 
|col000|col001|col002|col003|col004|col005|col006|col007|col008|col009|col010|col011|col012|col013|col014|col015|col016|col017|col018|col019|col020|col021|col022|col023|col024|col025|col026|col027|col028|col029|col030|col031|col032|col033|col034|col035|col036|col037|col038|col039|col040|col041|col042|col043|col044|col045|col046|col047|col048|col049|col050|col051|col052|col053|col054|col055|col056|col057|col058|col059|col060|col061|col062|col063|col064|col065|col066|col067|col068|col069|col070|col071|col072|col073|col074|col075|col076|col077|col078|col079|col080|col081|col082|col083|col084|col085|col086|col087|col088|col089|col090|col091|col092|col093|col094|col095|col096|col097|col098|col099|
|int   |int   |int   |int   |int   |int   |int   |int   |int   |int   |int   |int   |int   |int   |int   |int   |int   |int   |int   |int   |int   |int   |int   |int   |int   |int   |int   |int   |int   |int   |int   |int   |int   |int   |int   |int   |int   |int   |int   |int   |int   |int   |int   |int   |int   |int   |int   |int   |int   |int   |int   |int   |int   |int   |int   |int   |int   |int   |int   |int   |int   |int   |int   |int   |int   |int   |int   |int   |int   |int   |int   |int   |int   |int   |int   |int   |int   |int   |int   |int   |int   |int   |int   |int   |int   |int   |int   |int   |int   |int   |int   |int   |int   |int   |int   |int   |int   |int   |int   |int   |
      0      0      0      0      0      0      0      0      0      0      0      0      0      0      0      0      0      0      0      0      0      0      0      0      0      0      0      0      0      0      0      0      0      0      0      0      0      0      0      0      0      0      0      0      0      0      0      0      0      0      0      0      0      0      0      0      0      0      0      0      0      0      0      0      0      0      0      0      0      0      0      0      0      0      0      0      0      0      0      0      0      0      0      0      0      0      0      2      0      0      0      0      0      0      0      0      0      0      0      0
      0      0      0      0      0      0      0      0      0      0      0      0      0      0      0      0      0      0      0      0      0      0      0      0      0      0      0      0      0      0      0      0      0      0      0      0      0      0      0      0      0      0      0      0      0      0      0      0      0      0      0      0      0      0      0      0      0      0      0      0      0      0      0      0      0      0      0      0      0      0      0      0      0      0      0      0      0      0      0      0      0      0      0      0      0      0      0      0      0      0      0      0      0      0      0      0      0      0      0      0
      0      0      0      0      0      0      0      0      0      0      0      0      0      0      0      0      0      0      0      0      0      0      0      0      0      0      0      0      0      0      0      0      0      0      0      0      0      0      0      0      0      0      0      0      0      0      0      0      0      0      0      0      0      0      0      0      0      0      0      0      0      0      0      0      0      0      0      0      0      0      0      0      0      0      0      0      0      0      0      0      0      0      0      0      0      0      0      0      0      0      0      0      0      0      0      0      0      0      0      0
      0      0      0      0      0      0      0      0      0      0      0      0      0      0      0      0      0      0      0      0      0      0      0      0      0      0      0      0      0      0      0      0      0      0      0      0      0      0      0      0      0      0      0      0      0      0      0      0      0      9      1      0      0      0      0      0      0      0      0      0      0      0      0      0      0      0      0      0      0      0      0      0      0      0      0      0      0      0      0      0      0      0      0      0      0      0      0      0      0      0      0      0      0      0      0      0      0      0      0      0
      0      0      0      0      0      0      0      0      0      0      0      0      0      0      0      0      0      0      0      0      0      0      0      0      0      0      0      0      0      0      0      0      0      0      0      0      0      0      0      0      0      0      0      0      0      9      0      0      0      0      0      2      0      0      0      0      0      0      0      0      0      0      0      0      0      0      0      0      0      0      0      0      0      0      0      0      0      0      0      0      0      0      0      0      0      0      0      0      0      0      0      0      0      0      0      0      0      0      0      0
      0      0      0      0      0      0      0      0      0      0      0      0      0      0      0      0      0      0      0      0      0      0      0      0      0      0      0      0      0      0      0      0      0      0      0      0      0      0      0      0      0      0      0      0      0      0      0      0      0      0      0      0      0      8      0      0      0      0      0      0      0      0      0      0      0      0      0      0      0      0      0      0      0      0      0      0      0      0      0      0      0      0      0      0      0      0      0      0      0      0      0      0      0      0      0      0      0      0      0      0
      0      0      0      0      0      0      0      0      0      0      0      0      0      0      0      0      0      0      0      0      0      0      0      0      0      0      0      0      0      0      0      0      0      0      0      0      0      0      0      0      0      0      0      0      0      0      0      0      0      0      0      0      0      0      0      0      0      0      0      0      0      0      0      0      0      0      0      0      0      0      0      0      0      0      0      0      0      0      0      0      0      0      0      0      0      0      0      0      0      0      0      0      0      0      0      0      0      0      0      0
      0      0      0      0      0      0      0      0      0      0      0      0      0      0      0      0      0      0      0      0      0      0      0      0      0      0      0      0      0      0      0      0      0      0      0      0      0      0      0      0      0      0      0      0      0      0      0      0      0      1      0      1      0      0      0      0      0      0      0      0      0      0      0      0      0      0      0      0      0      0      0      0      0      0      0      0      0      0      0      0      0      0      0      0      0      0      0      0      0      0      0      0      0      0      0      0      0      0      0      0
      0      0      0      0      0      0      0      0      0      0      0      0      0      0      0      0      0      0      0      0      0      0      0      0      0      0      0      0      0      0      0      0      0      0      0      0      0      0      0      0      0      0      0      0      0      0      2      0      1      0      0      0      0      0      0      0      0      0      0      0      0      9      1      0      0      0      0      0      0      0      2      0      0      0      0      0      0      0      0      0      0      0      0      0      0      0      0      0      0      0      0      0      0      0      0      0      0      0      0      0
      0      0      0      0      0      0      0      0      0      0      0      0      0      0      0      0      0      0      0      0      0      0      0      0      0      0      0      0      0      0      0      0      0      0      0      0      0      0      0      0      0      0      0      0      0      0      0      0      0      0      0      0      0      2      0      0      0      0      1      0      0      0      0      0      0      0      0      0      0      0      1      0      0      0      0      0      0      0      0      0      0      0      0      3      0      0      0      0      0      0      0      0      0      0      0      0      0      0      0      0
      0      0      0      0      0      0      0      0      0      0      0      0      0      0      0      0      0      0      0      0      0      0      0      0      0      0      0      0      0      0      0      0      0      0      0      0      0      0      0      0      0      0      0      0      0      0      0      0     15      0      0      0      0      0     16      0      0      0      0      1      0      0      0      0      0      0      7      0      0      0      0      0      0      0      0      0      0      0      0      0      0      0      0      0      0      0      0      0      0      0      0      0      0      0      0      0      0      0      0      0
      0      0      0      0      0      0      0      0      0      0      0      0      0      0      0      0      0      0      0      0      0      0      0      0      0      0      0      0      0      0      0      0      0      0      0      0      0      0      0      0      0      0      0      0      0      0      0      0      0      0      0      2      0      0      0      0      0      0      0      7      0      0     14      0      0      0      7      0      0      0      0      0      0      0      0      2      0      0      0      0      0      0      0      0      0      0      0      0      4      0      0      0      0      0      0      0      0      0      0      0
      0      0      0      0      0      0      0      0      0      0      0      0      0      0      0      0      0      0      0      0      0      0      0      0      0      0      0      0      0      0      0      0      0      0      0      0      0      0      0      2      0      0      0      0      0      0      0      0      0      1      0      0      0      0      0      0      0      0      0      4      0      0      0      3      0      0      0      9      4     11      0      2      0      0      0      0      0      0      0      2      0      0      0      0      0      0      0      0      0      0      0      0      0      0      0      0      0      0      0      0
      0      0      0      0      0      0      0      0      0      0      0      0      0      0      0      0      0      0      0      0      0      0      0      0      0      0      0      0      0      0      0      0      0      0      0      0      0      0      0      0      0      0      0      0      0      0      0      0      0      0      0      0      0      0      0      0      0      0      0      0      0      0      0      0     10      0      0      0      0      0      0      1      1      0      0      0      0      0      0      0      0      0      0      0      7      0      0      0      1      0      0      0      0      0      0      0      0      0      0      0
      0      0      0      0      0      0      0      0      0      0      0      0      0      0      0      0      0      0      0      0      0      0      0      0      0      0      0      0      0      0      0      0      0      0      0      0      0      0      0      0      0      0      0      0      0      0      8      0      2      0      0      0      2      0      0     11      4      0      2      2      0      0      0      1      0      0      0      0      0      0      5      0      0      0      0      0      2      0      1      0      0      0      0      0      7      0      0      0      0      0      0      0      0      0      0      0      0      0      0      0
      0      0      0      0      0      0      0      0      0      0      0      0      0      0      0      0      0      0      0      0      0      0      0      0      0      0      1      0      0      0      0      0      0      0      0      0      0      0      0      0      2      0      0      0     10      6      0      0      0      0      0      0      0      0      4      0      9      5      2      1      0      0     11      2      0      0      1      0      0      0      3      1      0      1      0      0      0      0      0      0      0      0      0      0      0      0      0      0      0      0      0      0      0      0      0      1      0      0      0      0
      0      0      0      0      0      0      0      0      0      0      0      0      0      0      0      0      0      0      0      0      0      0      0      0      0      0      0      0      0      0      0      0      0      0      0      0      0      0      0      1      0      0      4      1      5      0      0      0      3      0      4      0      9      1      0      0      4      0      0      2      2     11      0      0      0      0      0      0      8      2      0      0      0      0      0      0      0      0      0      0      0      0      0      0      0      0      0      0      0      0      0      0      0      0      0      0      0      0      0      0
      0      0      0      0      0      0      0      0      0      0      0      0      0      0      0      0      0      0      0      0      0      0      0      0      0      0      0      0      0      0      0      0      0      0      0      0      0      0      3      1      0      0      1      4      0      0      0      2      2      0      2      0      0      9      0      6     14      0      2      0      0     14      1      0      6      0      0      0      2      0      0      2      0      1      0      0      0      0      0      0      3      0      0      0      0      0      0      0      0      0      0      0      0      0      0      0      0      0      0      0
      0      0      0      0      0      0      0      0      0      0      0      0      0      0      0      0      0      0      0      0      0      0      0      0      0      0      0      0      0      1      0      0      0      0      1      0      1      0      3      0      4      0      1      2      0      0      9      0      0      0      7      0      0     11      3      0      0      5      4      0      0      0      3      1      0      0     12      3      0      0     26      0      0      0      0      3      4      0      0      0      0      0      0      0      0      0      0      0      0      0      0      0      0      0      0      0      0      0      0      0
      0      0      0      0      0      0      0      0      0      0      0      0      0      0      0      0      0      0      0      0      0      0      0      0      0      0      0      0      0      0      0      0      0      0      0      0      1      0      1      1      4      2      0      0      0      1      2     17      0      3      6      4      6      1      7      4      1     31     14     14      3     18      4      5      2      0      0      2      0      0      1      0      0      5      0      2      0      2      0      0      0      0      0      0      0      0      2      0      3      0      0      0      0      0      7      0      0      0      0      0
      0      0      0      0      0      0      0      0      0      0      0      0      0      0      0      0      0      0      0      0      0      0      0      0      0      0      0      0      1      0      2      2      0      0      0      0      0      3      1      3      0      0      1      4      0      3     19      7      9      0      0      0      1      0     11      2      0      0     10      6     23     19     11      0      5      0      1      0      6      3      0      9      1     11      3      0      3      0      0      0      0      0      0      0      0      1      0      0      0      0      0      0      0      2      0      0      0      0      0      0
      0      0      0      0      0      0      0      0      0      0      0      0      0      0      0      0      0      0      0      0      0      0      0      0      0      4      0      0      0      0      0      0      0      3      9      8      2      0      0      8     11     10     15      5      5     22     15      8     12      1      0      1      6      3     12      1      6     24      0      4      0      2      1      0      2      4      1      0      0      5      3      5      4      1      0      7      0      0      0      0      3      4      0      0      0      6      0      0      0      0      0      0      0      0      0      0      0      0      0      0
      0      0      0      0      0      0      0      0      0      0      0      0      0      0      0      0      0      0      0      0      0      0      0      0      0      0      0      0      0      0      0      2      1     23      0      0      4     12      0     10      1     12      2      3      0     11      0      8      2      0     11      3      2      1      5      2     18     13      1      4      1      3      1     27      0     10     17     10      1      0      3     10      0      0      0      0      0      3      0      0      0      0      0      1      0      6      0      0      0      0      0      0      0      0      0      0      0      0      0      0
      0      0      0      0      0      0      0      0      0      0      0      0      0      0      0      0      0      7      0      0      0      0      0      0      0      0      0      0      0      0      0      0      0      0      0      0      0      5      8      4      2      0      7     15      6     21      4      4      7      9      6      0      0      7     11      7      4      9      0     10      1      6      8      8     16     27      0      1      7      7      9      0      0      0      1      3      0     10      0      0      7      0      0      0      3      1      0      0      0      8      0      0     15      0      0      0      0      0      0      0
      0      0      0      0      0      0      0      0      0      0      0      0      0      0      0      0      0      0      0      0      0      0      0      0      0      0      3      0      0      4      0      6      0     12      3      0      1      3      6     20      3     26      2     10     16      3      6     14     28      8     10     12     11      3      0      1     16      0     17      1     23      2      0     12      1      9      0      7      8      5      0      3      0      6      0      1      0      0      0      0      1      0      0      6      0      0      0      0      0      0      0      0      6      0      0      0      0      0      0      0
      0      0      0      0      0      0      0      0      0      0      0      0      0      0      0      0      0      0      0      0      0      0      0      0      0      0      4      0      7      0      0      0      0     16      3      0      8      6      2      7      6      4      5     19     10     14      0     13      4      6      8     16      7     26     15     17      8     15     15     13     12     14      7      0      0      0      1     10      6     17      2      8      0      9      0      4      4     10      0      2      0      0      0      0      0      1      2      0      0      0      7      0      0      0      0      0      0      0      0      0
      0      0      0      0      0      0      0      0      0      0      0      0      0      0      0      0      0      0      0     14      0      0      0      1      0      0      4      8      3      4      2      9      0      0     17      3      6      3      9      0      0     32     12     10     18      6     10     26      6     12     38      0     15     42     24     22     10     38     19     19     46      6     13     10     14     19      2      1     14      5     24     10      0      9      8      8      5      0      6      0      0      4      0      0      0      0      0      0      0      0      0      0      0      0      0      0      0      0      0      0
      0      0      0      0      0      0      0      0      0      0      0      0      0      0      0      0      0      0      2      0      0      0      0      0      0      7      1      0      0      0      2      7      1      8      7      5      9     11      9     13     17     11     19     23     10     17     24     11      9     26     31      7     22     14     11     23     33     11     13     14     18     31     13      1     18      9      3     23      6      5      0      9      7      7     21      0      2      0      0      4      0      0     20      5      2     14      0      0      0      0      0      0      0      0      0      0      0      0      0      0
      0      0      0      0      0      0      0      0      0      0      0      0      0      0      0      0      0      0      0      0      3      0      0      0      0      0      2      1      0      5      3      3      2      7     15     12      7      4      6      5      6      0      9     12     12     30     19     29     21     14     28     17     56      2     59     11     33     16     13     51     25     17     10      3     22     10     24     18     19     11     32      7      9     10      5      1      8      0      0      0      0      3      0      0      0      6      2      2      0      0      2      0      0      1      0      0      0      0      0      0
      0      0      0      0      0      0      0      0      0      0      0      0      0      0      0      0      0      0      0      0      0      0      0      3      0      0      0      0      3      9      0      1      0      7     19      4      5     25      9      7      4     23     21     20     28     30      5     15     28     27     44     42     42     20     28      8     15     50     27     12     19      5     16     31      8     14      9     16     17      1     25      0     11      8      0      0      0      0      0      0      0      0      0      0      0      0      0      0      0      0      0      0      1      0      0      3      0      0      0      0
      0      0      0      0      0      0      0      0      0      0      0      0      0      0      0      0      0      0      0      0      1      0      0      0      8      0      0      0      8      4      4      0     18      9      2     11     13      3     15     28     14     35     23     33     18      4     25     15     37     12     15     22     29     36     30     12     48     43     29     10     10     20     10     20     17      5     33      7     35      9      6     30      7      0      2      0      0      0      7      1      0      0      0      0      2      7      0      0      0      7      9      0      0      0      0      0      0      0      0      0
      0      0      0      0      0      0      0      0      0      0      0      0      0      0      0      0      0      0      0      8      0      0      0      3      0      5      0      5     11     11      1      2      2      1     14     12      8     18     17     34     56     19     14     51     25     23     31     66     40     87     27     48     42     30     31     32     20     42     18     10      9     52     17      9     34     10     13     22     21     18      2     15     11     10      7      0      3      1      0      1      6      4      0      0      0      5      0      0      0      0      7      0      0      0      0      0      0      0      0      0
      0      0      0      0      0      0      0      0      0      0      0      0      0      9      0      3      0      0      7      0      2      0      0      0      3      3      0      9      2     11      3     12     31      5     23     16     29     41     15      8     13     23     44     39      5     47     62     61     44     27     49     41     36     43     40     40     60     51     25     26     14     62      1     22     26     40     13     15     27      8      9     24      5     12      1     13      9     18      7     36      7      6      0      2      0      1      0      0      2      0      0      0      0      0      0      0      0      0      0      0
      0      0      0      0      0      0      0      0      0      0      0      0      0      0      0      0      0      0      0      0      0      0      0      0      0      2      4      0      8      5     10      7      2     19     14      7     20     58     17     17     34     22     31     14     56     43     24     70     36     85     52     74     23     54     29     53     36     33     43     62     33      9     50     18     29     32     18     13     13      6     10      7      1      2      5     13     15      1      0     13      3      6      0      0      0      0      0      2      2      0      0      8      0      0      0      0      0      0      0      0
      0      0      0      0      0      0      0      0      0      0      0      0      0      0      0      0      0      1      2      0      4      0      0      3      1     15      0     13     10      6     17     13     19      3     15      6      8     35     13     22     24     52     41     50     26     50     44     56     53     39     35     88     61     52     49     24     77     10      9     43     36     15     21     42     43     19     11     23     27     32     16      4      6      5      1      6     16     19      0      4      2      0      6      0      0      0      0      0      0      0     15      0      0      0      0      0      0      0      0      0
      0      0      0      0      0      0      0      0      0      0      0      0      0      0      1      2      4      0      0      2      0      0      3      0      0      0      0     10      9     14      9     18     17     13      4     24      7     30      7     35     55     25     21     52     21     59     60     37     27     51     17     27     62     15     41     25     67     47     25     23     70     40     24     25     39     28     17     64     32     42      5     20      9      4      5      1     17      3      2      6      5      4      0      8      0      1      1      0      0      0      2      0      0      4      0      0      0      0      0      0
      0      0      0      0      0      0      0      0      0      0      0      0      0      0      0      0      4      0      0      0      4      0      0      2      0      1      0     27     32     12     31     17     24     25     29     34     61     17     44     59     33     37     58     31     50     59     14     69     60     43     73     26     75     70     39     39     36     33     60     26     39     45     35     24     37     28     34     15      8      7     22      2      2     30     30      1      9      6      0      2      0      2      6      0      9     24      0      0      0      0      0      0      2      0      3      0      0      0      0      0
      0      0      0      0      0      0      0      0      0      0      0      0      0      0      0      0      0      0      0     10      1      5      5     20      7      0      9      8      7     11     12     30      9     20     16     29     49     24     56     58     51     29     37     31     73     48     49     98     52     57     70     57     67    124     68     70     53     65     21    110     18     39     28     43     17     28     44     62     38     16      2      9     33      7     12      0      4     18      2      3      2      3      4      4      0     19      9      8      0      0      0      0      0      0      0      0      0      0      0      0
      0      0      0      0      0      0      0      0      0      0      0      0      0      0      0      0      6      0      0      2      0      1     18      3     14      0     17      3     43      8     11     35     17     67     15     64     16     49     25     49     42     38    106     57     69     86     59     64     29     68     67     48     56     69     47     49     80     65     44     81     57     57     39     53     24     48     39     60     31      9      2     17     12     30     17      6      2     11      8      1      9      2      1      0      2      0      0      0      0      0      4      1      0      0      0      0      0      0      0      0
      0      0      0      0      0      0      0      0      0      0      0      0      0      0      2      0      2      0      0      1      0      1      3      0      7      6      3      0      9     53     11     18     15     28     80     31     46     36     74     42     49     85     78     40     33     53     49     65    103     41     30     72     73     83     97     66     39     73     50     56     32     46     34     15     61     20     17     25      9     26     22     19     14      3     12      6      4     13      0      1      0      0      4      0      0      0      0      0      1      0      0      1      0      0      0      0      0      0      0      0
      0      0      0      0      0      0      0      0      0      0      0      0      0      0      1      0      0      3      0      0      0     12      3      2      0      5      8      3      5     12     14     13     14     16     26     58     54     11     83     53     62    131     40     81     95    104     73     76    105     70     68     53     43     68     45     90     85     68     29     36     64     36     21     70     56     20     67      7     18     11     11     23      9     11      2     26     22      0      5     19      0      0      0      0      0      3      0      0      3      4      0      0      1      0      2      0      0      0      0      0
      0      0      0      0      0      0      0      0      0      0      1      0      0      0      0      0      3      0      0      0      0      5      0     11      2     17     13     26     15      1     35     19     20     13     45     45     58     48     60     56     84     34     93     65     61     44    125     97     60     86     99     77     65    148     94     25     61     20     62     84     98      9     45     29     27     15     35     12     25      7     10     15      3      3      2     12      1      0      7      0      2      0      0     11      0      0      0      2      0      0      4      0      0      0      0      0      0      0      0      0
      0      0      0      0      0      0      0      0      0      0      0      0      2      0      0      0      0      0      6      2      2      1     10      0     24     13      9      0     15     26     39     31     23    101     41     12     47     53     45    149     54     79     81     68     93     42     88     98     77     94     67     65     46     80     48     38     88     96     58     48     63     48     78     25     79     72      4     34      5     17     27     19     17     21      3     15     15      5     14      3      0      0      1      1      1      6      0      3      0      3      1      0      0      0      0      0      0      0      1      0
      0      0      0      0      0      0      0      0      0      0      0      0      0      0      0      0      5      1      5      0      1      0      3      1      3      5      5      6      3     16      4     40     24     28     41     91     40     69     53     62     44     88    112     78     79     81    110    114     95     93     94     82     49     65     97     89     56     39     66     21     45     47     29     25     69     41     29     17     39      8      3      9      2      9      3      5      6      8     10      6      3      2      6      0      1      0      7      0      0      0      0      0      1      0      0      0      0      0      0      0
      0      0      0      0      0      0      0      0      0      0      0      0      0      0      0      0      0      3      0      7      7     18      7      5      4      4     10     14     24     23     25     22     21     70     27     75     81     67    105     42     73    111     60     99    123    167    106     66     85    105     65     69     83     70    123     47     88     32     42     38     35     25     59     37     17     67     26     10      7     20      4     27      7      7     16     16      9      0      0      3      9      4      0      0      0      0      0      0      4      0      6      0      0      1      0      0      0      0      0      0
      0      0      0      0      0      0      0      0      0      0      0      0      0      0      0      4      0      0      4      0      0      1      9      8      0     13     13     15     18     39     42     19     27     65     61     45    105     54     82     75     82     88     54     89     78    127     86     87    107     95     98     60     42     72     93     58     55     81     24     54     37     92     35     18     15     15     50     46     16     23      7     19     23     12      0      0      1     21     10      0     20      8      0      0      0      0      0      0      3      1      0      0      0      0      0      0      0      0      0      0
      0      0      0      0      0      0      0      0      0      0      0      0      0      0      0      0      0      4      0      6     11      1     15     11     16     10     11     21     12     39     36     40     48     31     46     56     44     73     47     77     85    119     88    154    110     68     84    112    129     85     64     92     45     65    122     82     53     44     48     67     27     64     36     16     51     22     20      5     16     18     19     25      4      6      7     16      6      0      7      2      1      5      0      0      9      1      0      0      0      0      0      0      0      3      0      0      0      0      0      0
      0      0      0      0      0      0      0      0      0      0      0      0      0      0      0      0      0      2      2      4     12      3      1      5      7     27     21     18     30     19     31     41     48     47     37     97     30     96    100    100     78    135     74    113     76     52     83    116    112     66    113     79     50     42     50     73     57     47     45     48     26     64     54     28     33     19     19     47     28      7     37     18     19      0     16      8      8      8      0      0      0      1      4      6      0      0     10      0      0      3      0      0      2      0      0      0      0      0      0      0
      0      0      0      0      0      0      0      0      0      0      0      1      0      0      0      0      0      1      1      0     14      2      0     22      3      8     22     16     26     44     12     36     19     50     59     80     89    128     79     70     91     79     87    100     48    100     55    116     49    155    112     77     38     98     64     52     73     40     33     28     61     36     31      9     31     51     18     12     28     45     13     15      6      3      0      2      1      1      6     14      0      8      0      4      8      0      2      7      0      0      0      0      0      0      0      0      0      0      0      0
      0      0      0      0      0      0      0      0      0      0      0      0      0      6      0      0      0      0      0      2      1     15     15     10     19     37      5     14      8     30     42     54     56     31     60     44     21     93     46     81    130    117    138     89    116     68    115    169     75    135     87    103     97     61    147     67     69     28     44     40     32     61     62     26     22     58     21     16     21     15     28      1     13     16     10      9      0      2      4      0      4      0      0      0      0      0      0      0      1      0      0      0      0      0      0      0      0      0      0      0
      0      0      0      0      0      0      5      0      0      0      0      0      0      0      1      0      0      0     11      3      7     16      2      4      7     34     35      4     17     16     42     55     41     54     50     69     74    101    137     79     93     49    105     77     82     74     93     47     97     77     93     98     69     66     77     34     80     52     31     50     51     45     48     34     25     44      4     23      8     15     15     15     28     11      4      7      0      1      9      0      4      3      0      0      0      0      0      0      0      0      0      0      0      0      0      0      0      0      0      0
      0      0      0      0      0      0      0      0      0      0      0      0      0      1      0     14     17      6      0      1     13      2      9      3      3     21     38     32     20     48     46     51     48     77     20     70    111     73     41     92     37     90    121     52    136    143     85     84    148    111     67     96    128     42     61     49     38     70     55     30     37     66     34     36     17     32      8     14      9     38     21     40     14      6      4      0      3      8      3      1      9      3      0      0      0      0      0      0      0      0      2      0      0      0      0      0      0      0      0      0
      0      0      0      0      0      0      0      0      0      0      0      0      0      0      0      1      0      1      7      0      1      1      9     10     30      0     29     27     47     45     23     13     20     51     84     81     68     96     73     68     65     93     81     90     91    123    110     67     80     61     90    126    103     66    107     94     55     64     33     38     66     51     26     22      9      9      2      6     20     12     43      8     10      1     11      2      0      0      3      0      0      2      4      0      0      2      5      0      0      0      0      0      0      0      0      0      0      0      0      0
      0      0      0      0      0      0      0      0      0      0      0      0      0      0      0      0      0      0      0      0      6      9     22      7     13     52     32     35     32     14     46     36     55     24     86     27     67    131     43     47    105     57     52     71     75     79     99     63    109     55     96     94     58     71     38     60     23     66     29     62     45     83     13     30      9     10      6      2      0     15     20      8      2      9      9      5      6      1      0      2      0      0      0      0      0      1      0      0      0      0      0      0      0      0      0      0      0      0      0      0
      0      0      0      0      0      0      0      0      0      0      0      0      0      0      0      0      2      0      7      2     10      8     29      6      1      8      9     26      4     36     54     61     59     90     92     72     87     96    120     67    113     80     75     29     50     96     78     62     48    116     55     26     66     53     59     52     48     39     15     51     57     35     17     40     14      5      7      7      2     11      8     16      0     16      2      0     11      0      0     14      1      1      0      0      1      0      0      0      0      0      0      0      0      0      0      0      0      0      0      0
      0      0      0      0      0      0      0      0      0      0      0      0      0      1      0      0      0      3      1      7      7      5      5     14      7     25     40     18     29     32     36     48     30     45     57     39     80    104     39     76    126     60     65     70     71    114    103     93     44     91     48     72     84     68     64     39     31     13     15     38     27     37     26     26     17     26      2      0     39      4      8      8      0      5      4      4      0      7      3      9      6      0      4      0      0      1      0      0      0      0      0      0      0      0      0      0      0      0      0      0
      0      0      0      0      0      0      0      0      0      0      0      0      1      0      0      0      7      5      0     12      1     10     20     29     37     12      7     11     22     57     41     50     31     46     39     63     72     65     94     61     46     47    178     66    121     65     58    133     36     67     51     65     70     79     44     35     53     93     52     47     17     20     22     10     13     18      6     25     19      4      5      8      2      3      1      4      1      1      0      0      1      0      0      0      0      0      0      0      0      0      0      0      0      0      0      0      0      0      0      0
      0      0      0      0      0      0      0      0      0      0      0      0      0      0      5      3      0      0      1      2      7     10     11     11      7     24     32     47     31     50     36     46     41     53     88     95     68     52    134     36     78     50     97    103     62     47     67     29     33     63     46     79     43     43     56     22     32     39     59     21     31     28     24     13      9     12     13      6      6      0     15     15      3      0     17      3      3      0      0      0      0      0      0      0      0      0      0      0      0      0      0      0      0      0      0      0      0      0      0      0
      0      0      0      0      0      0      0      0      0     14      3      0      0      0      0      0      2      8      0      0      1     13     24     25     13     10     71     11     34     21     64     40     58     42     70     59     28     79     63    109     67     54     79     55     65     58     76     76     83     44    100     48     63     70     53     41     15     34     15      9     25     20     21     14      5      2      9     14      3     20     14      3      0      4      5      3      0      0      4      0      0      0      0      0      0      0      0      0      0      0      0      0      0      0      0      0      0      0      0      0
      0      0      0      0      0      0      0      0      0      0      0      0      0      3      2      6      0      0      1      1      0     14      3     16     10      7     22     10     40     39     39     30     18     46     41     39     21     66     57    102     25     64     51     49     61     51     47     50     36     61     45     55     11     16     39     48     37     32     57     16      6     21     13     14      3     23      9      1      0      4      3      6      7      4      1      6      0      2      0      0      0      0      0      0      0      0      0      0      0      0      0      0      0      0      0      0      0      0      0      0
      0      0      0      0      0      0      0      0      2      0      0      0      0      0      0      2      0      7      0      0      8     15     13      2     16      8     22     29     25     51     25     45     26     36    103     31     44     62     58     55     62     72     56     88     55     63     62     78     55     59     33     69     41     46     40     32     28     17     27     28     39     18      5     12     45      3      4      4      0      1      2      0      0      0      2      5      5      8      0      0      0      0      1      0      0      0      0      0      0      0      0      0      0      0      0      0      0      0      0      0
      0      0      0      0      0      0      0      3      0      0      0      1     11      0      0      2      0      3      4      9     10      5     10     10     13     27     21     14     22     18     62     57      7     59     45     58     51     64     45     66     37     49     65     38     65     74     26     62     49     29     18     39     60     42     59     12     25     50      2     27     20     13     21     26     12      7      1     15      0      4      0      2      5      0      0      0      0      0      0      3      0      0      0      0      0      0      0      0      0      0      0      0      0      0      0      0      0      0      0      0
      0      0      0      0      0      0      0      0      0      0      0      0      1      6      1      6      0      1      1      0      6     14      6      2     14     18     18     31     15     46     37     46     59     47     35     34     66     69     13     52     74     33     64     79     46     64     52     50     43     27     15     41     39     61      7      2     28     21      8     17      2      8      2     15      2      0     24     14      3      0      2      0      3      0      0      0      3      0      0      0      1      0      0      0      0      1      0      0      0      0      0      0      0      0      0      0      0      0      0      0
      0      0      0      0      0      0      0      0      0      1      0      0      0      0      0      1      1      6      2      0      3     12      5     21     20      2      9     10     21     33     27     33     20     44     17     40     58     60     47     53     26     17     56     73     23     27     40     34     51     40     24     24     43     21     25     23     17     28     11     20      4      0      5      2     28      0      1      5      0      1      0      3      0      0      0      0      0      0      5      0      0      0      0      0      0      0      0      0      0      0      0      0      0      0      0      0      0      0      0      0
      0      0      0      0      0      0      0      0      0      0      0      0      3      0      0      1      9     10      0     25      0      6      4     16      6      3      4     10     22     22     12     50     32     11     92     17     38     19     24     36     47     46     56     30     57     35     32     22     77     31     19     29     10     18     12      5     10     17      2      9     22      0     12     26      6      9      7     10      0      0      1      2      0      0      0      7      0      0      0      0      0      0      0      0      0      0      0      0      0      0      0      0      0      0      0      0      0      0      0      0
      0      0      0      0      0      0      0      0      0      0      0      0      0      1      0      0      2      0      0      0      9     12     25      2     14     14     11      9     22     29     14     31     39     33     26     36     30     24     33     40     72     62     35     37     34     51     30     35     34     47     14     15     19     47     10     20     24      4      4      7     13     16      4     27      0      7      5      1      0      2      0      3      0      0      0      5      1      0      0      0      0      0      0      0      0      0      0      0      0      0      0      0      0      0      0      0      0      0      0      0
      0      0      0      0      0      0      0      0      0      0      0      0      0      0      0      0      1     11     12      3      2      2      7      8      3     18     18     13     14     32      7      6     26     26     21     40     57      9     45     41     35     42     45     52     33     23     30      7     25     11     18     49     16      6     39     14      4      9     15      3      1      3      9      2      7      5      3      3      0      0      0      0      0      0      0      0      0      2      0      0      0      0      0      0      0      0      0      0      0      0      0      0      0      0      0      0      0      0      0      0
      0      0      0      0      0      0      0      0      0      0      0      0      0      0      0      0      1      2      0      0      0      0      7     12      8      5     20     15      7      2     22     20     49     19     11     27      8     36     22     20     24     25     43     10     20     29     41     24      8     39      9     13      6     15     12     19      8      2      1     13     12      1      6     10      5      3      5      0      0      2      0      6      0      0      0      0      0      0      0      1      0      0      0      0      0      0      0      0      0      0      0      0      0      0      0      0      0      0      0      0
      0      0      0      0      0      0      0      0      0      0      0      0      0      1      7     10      0      1      0      3     12     22     11      4     19     10      5     33      7     13     24     33     14     34     18     28     22     25     28     27     27     31     33     33     26     45     12     24     12     17     21      2     30      6     10     30      5     12      1     20      2      5      9      0      2      1      5      0      1      0      0      0      0      0      0      0      0      0      0      0      0      0      0      0      0      0      0      0      0      0      0      0      0      0      0      0      0      0      0      0
      0      0      0      0      0      0      0      0      0      2      0      0      0      0      0      0      0      0      8      0      4      7     12      3     10     10      6     13     13     30      9     16     50     10     14     33     29     29     54     22     19     24     19     29      5     27     17     12     18     21      6      7     31     13     16      8     13      2      3      8     20      0      7      0      4      0      4      2      0      5      0      2      1      0      0      0      0      0      0      0      0      0      0      0      0      0      0      0      0      0      0      0      0      0      0      0      0      0      0      0
      0      0      0      0      0      0      0      0      0      0      0      0      0      0      0      0      8      0      0      3      9      9      7      1     14      5     20     17      8      5     22     14     22     24     10     17     17     25     13      8     46     14      9     33     33     17     11     21     12      8     10     12     23     16      8      7      6      1      5      4      3      1      6      0     11      3      2      1      0      0      7      0      0      0      0      0      0      0      0      0      0      0      0      0      0      0      0      0      0      0      0      0      0      0      0      0      0      0      0      0
      0      0      0      0      0      0      0      0      0      0      0      0      0      0      1     16      0      0      1      4      0     33      1      0      0      0     20     11      5      4      9     19     18      2     14     29     20     27     20     10     16     11     23      5     14      6      7     29     17      9     11     13     14      5     11      6      5     10      2      5      0      0      3      0      0      0      0      2     11      0      0      0      0      6      0      0      0      0      0      0      0      0      0      0      0      0      0      0      0      0      0      0      0      0      0      0      0      0      0      0
      0      0      0      0      0      0      0      0      0      0      0      3      0      0      4      0      0      0      0      0      0      2      0      0      7     16      1      9     11     18     17     15     17     15     18     12      8     25     12     20     39     26     13      5      6      2      9     10      2      8      2     19     19      0      1      4      1      0      8      0      0      1      0      6      2      0      3      0      0      4      0      0      0      0      0      0      0      1      0      0      0      0      0      0      0      0      0      0      0      0      0      0      0      0      0      0      0      0      0      0
      0      0      0      0      0      0      0      0      0      0      0      2      0      1      0      0      0      0      0      4     15      2      4      2     10      0     12      5     35     10      5      3      4     15     12     27     25     29      2      9     17     15      2      6      9      4     15     12      7      6      0      4      5      2     10      0      0      8      0      0      0      1      0      0      0      0      0      0      1      0      0      0      0      0      0      0      0      0      0      0      0      0      0      0      0      0      0      0      0      0      0      0      0      0      0      0      0      0      0      0
      0      0      0      0      0      0      0      0      0      0      0      0      1      2      3      0      0      2      0      6      0      3      1      6      2      1      8      1     21     14      5      6     32      0      7     26      2     20      7     19     12      7     10      6      1      2      1     16      0      7      1     15     19      9      6      0      6      8      0      0     10      0      0      0      9      0      2      0      0      0      0      0      2      0      0      0      0      0      0      0      0      0      0      0      0      0      0      0      0      0      0      0      0      0      0      0      0      0      0      0
      0      0      0      0      0      0      0      0      0      0      7      0      0      0      0      0      0      0      0      3      0      0      3      0      0      2      6      7      0     10     19      5     11      8     22      6      2     16     30      1      2      0      5      5      2      1      6      7     13     11      5      1      0      6      0      3      5      0      0      0      0      6      0      6      0      1      1      0      0      0      0      0      0      0      0      0      0      0      0      0      0      0      0      0      0      0      0      0      0      0      0      0      0      0      0      0      0      0      0      0
      0      0      0      0      0      0      0      0      0      0      0      0      3      0      0      0      0      0      0      0      0      0      8      0      3      4      8      5     13      5     18      4      6      2      5     12     12      3      9     18      3      8      1      0      5      2     13      3      5      6      1      0      4      1     13      2      8      0      4      0      0      4      2      0      0      1      4      0      0      0      0      0      0      0      0      0      0      0      0      0      0      0      0      0      0      0      0      0      0      0      0      0      0      0      0      0      0      0      0      0
      0      0      0      0      0      0      0      0      0      0      0      2      7      0      0      0      0      0      0      0      3      0      0      0      2      2      0      0      3     14      6      0      3      0      9      8      6      6      3      5     14     16     14     24      1     11     15      5      0      0      1      3      4      8      3      3      1      3      5      5      1      0      6      0      1      0      0      0      0      0      1      0      0      0      0      0      0      0      0      0      0      0      0      0      0      0      0      0      0      0      0      0      0      0      0      0      0      0      0      0
      0      0      0      0      0      0      0      0      0      0      0      1      0      0      3      3      1      1      0      4      0      2      1      6      4     11      3     17      2      2     16      1      9     23      0     17      0      6      3      2      7      7      0      2     14      9      0     11      6      0      0      5      7      4     18      8      0      0      6      0      0      3      0      0     11      0      0      0      0      0      0      0      0      5      0      0      0      2      0      0      0      0      0      0      0      0      0      0      0      0      0      0      0      0      0      0      0      0      0      0
      0      0      0      0      0      0      0      0      0      0      0      0      0      0      0      0      0      0      0      5      0      0      0      8      5      5      6      0      5      4      3     22      3      3      2      8      4      3      0      2     17      1      8     10      1      5      5      2      1      3      0      0      0      1      0      0      1      2      0      2      0      0      0      0      0      0      0      0      0      0      0      0      0      0      0      0      0      0      0      0      0      0      0      0      0      0      0      0      0      0      0      0      0      0      0      0      0      0      0      0
      0      0      0      0      0      0      0      0      0      0      0      0      0      0      0      0      3      0      0      0      0      0      0      4      0      6      0      3      0      2      0      8      2      2      1      7      0      6      5      5      6      6      0      1      7      6      2      3      0      0      2      4      2      4      0      1     15      0      1      0      0      0      0      0      0      0      9      0      0      0      0      0      0      0      0      0      0      0      0      0      0      0      0      0      0      0      0      0      0      0      0      0      0      0      0      0      0      0      0      0
      0      0      0      0      0      0      0      0      0      0      0      0      0      0      0      0      0      0      0      2      0      8      0      0      3     10     27      7     20      0      0      0     12      5     14      0      2     18      1      0      4      1      1      6      9      1      4      0      0      0      1      0      3      5      8      5      3     11      3      1      5      5      0      0      1      4      0      0      0      0      0      0      0      0      0      0      0      0      0      0      0      0      0      0      0      0      0      0      0      0      0      0      0      0      0      0      0      0      0      0
      0      0      0      0      0      0      0      0      0      0      0      0      0      0      0      0      0      0      0      0      0      1      3      0      7      6      2      0      7      1      1      0      8      1      8      0     17      0      0      2      4      0     10     10      2      2      2      0     14      7      0      0      0      6      9      8      0      0      0      0      5      0      1      0      0      0      1      0      0      0      0      0      0      0      0      0      0      0      0      0      0      0      0      0      0      0      0      0      0      0      0      0      0      0      0      0      0      0      0      0
      0      0      0      0      0      0      0      0      0      0      0      0      0      0      0      0      3      2      0      0      0      0      0      0      0      2      0      0      1      1     25      6      6      2      0      3      2      9      4      7      1      0      0      0      0      3      1     11      1     14      2     11      0      2      4      0      0      2      0      2      0      0      1      0      0      0      0      0      0      0      0      0      0      0      0      0      0      0      0      0      0      0      0      0      0      0      0      0      0      0      0      0      0      0      0      0      0      0      0      0
      0      0      0      0      0      0      0      0      0      0      0      0      0      0      0      0      0      0      0      0      0      0      0      0      0      1      0      0      0      0      2      4      0      0     11      3     13      4      1      4      0      0      1      4      4      1      2      0      0      4      0      0      0      1      0      2      0      0      8      0      0      0      2      0      2      0      0      0      0      0      0      0      0      0      0      0      0      0      0      0      0      0      0      0      0      0      0      0      0      0      0      0      0      0      0      0      0      0      0      0
      0      0      0      0      0      0      0      0      0      0      0      0      0      0      0      0      0      0      0      0      0      0      0      0      0      0      0      0      1      5      3      0     12      3      0      0      0      2      3      1      2      0      7      0      0      0      0      0     10      9      2      3      0      0      0      0      0      0      5      0      5      0      0      0      0      0      0      0      0      0      0      0      0      0      0      0      0      0      0      0      0      0      0      0      0      0      0      0      0      0      0      0      0      0      0      0      0      0      0      0
      0      0      0      0      0      0      0      0      0      0      0      0      1      0      0      0      0      0      0      0      0      0      0      3      2      1      0      0      2      4      0     10      2      2      0      0      0      5      0      7      8     12      0      0      6      0      0      0      1      1      0      0      0      6      5      0      0      0      0      0      0      0      0      0      0      0      0      0      0      0      0      0      0      0      0      0      0      0      0      0      0      0      0      0      0      0      0      0      0      0      0      0      0      0      0      0      0      0      0      0
      0      0      0      0      0      0      0      0      0      0      0      0      0      0      0      0      0      2      0      0      3      0      0      0      0      3      0      2      1      1      0      0      3      0      0      1      7      0      0      0      6      0      2      3      2     18      3      3      2      1      0      1      0      0      0      0      2      0      0      0      0      0      0      0      0      0      0      0      0      0      0      0      0      0      0      0      0      0      0      0      0      0      0      0      0      0      0      0      0      0      0      0      0      0      0      0      0      0      0      0
      0      0      0      0      0      0      0      0      0      0      0      0      0      0      0      0      0      0      0      0      0      0      0      0      0      0      0      0      0      0      0     10      0      0      1      0      0      0      0      0      4      0      0      0      0      3      0      1      4      0      0      0      1      1      0      0      0      0      0      0      0      0      0      0      0      0      0      0      0      0      0      0      0      0      0      0      0      0      0      0      0      0      0      0      0      0      0      0      0      0      0      0      0      0      0      0      0      0      0      0
      0      0      0      0      0      0      0      0      0      0      0      0      0      0      0      0      0      0      0      0      0      0      0      0      0      0      0      0      0      8      1      0      0      9      0      3      0     12     10      0     16      3      0      0      0      0      0      2      4      3      0      0      0      0      0      0      0      0      0      0      0      0      0      6      0      0      0      0      0      0      0      0      0      0      0      0      0      0      0      0      0      0      0      0      0      0      0      0      0      0      0      0      0      0      0      0      0      0      0      0
      0      0      0      0      0      0      0      0      0      0      0      0      0      0      0      0      0      0      0      0      0      0      0      0      0      0      0      0     14      0      0      0      0      0      0      0      0      0      0      0     16      1      0      8     26      0      0      0      4      0      1      0      0      0      0      3      3      0      0      4      0      0      0      0      0      0      0      0      0      0      0      0      0      0      0      0      0      0      0      0      0      0      0      0      0      0      0      0      0      0      0      0      0      0      0      0      0      0      0      0
      0      0      0      0      0      0      0      0      0      0      0      0      0      0      0      0      0      0      0      0      0      0      0      0      0      0      0      0      0      0      0      0      1      3      3      0      0      0      2      4      0      8      1      2      0      4      0      0      0      0      0      7      0      2      0      0      1      0      0      0     14      0      0      0      0      0      0      0      0      0      0      0      0      0      0      0      0      0      0      0      0      0      0      0      0      0      0      0      0      0      0      0      0      0      0      0      0      0      0      0
      0      0      0      0      0      0      0      0      0      0      0      0      0      0      0      0      0      0      0      0      9      0      0      0      0      0      0      0      0      0      0      0      0      0      0      0      0      5      0      5      0      2      0      0      0      0      0      0      0      4      0      5      0      0      2      0      0      0      0      0      2      0      0      0      0      0      0      0      0      0      0      0      0      0      0      0      0      0      0      0      0      0      0      0      0      0      0      0      0      0      0      0      0      0      0      0      0      0      0      0
      0      0      0      0      0      0      0      0      0      0      0      0      0      0      0      0      0      0      0      0      0      0      0      0      0      0      0      0      0      0      0      0      0      0      0      0      7      0      3      0      0      0      0      3      0      0      0      3      0      0      0      1      0      4      0     10      0      0      0      0      0      0      0      0      0      0      0      0      0      0      0      0      0      0      0      0      0      0      0      0      0      0      0      0      0      0      0      0      0      0      0      0      0      0      0      0      0      0      0      0
      0      0      0      0      0      0      0      0      0      0      0      0      0      0      0      0      0      0      0      0      0      0      0      0      0      0      0      0      0      0      0      0      0      0      1      0      9      0      0      0      0      0      3      0      0      0      0      0      1      2      0      0      0      0      2      0      0      5      0      0      0      0      0      0      0      0      0      0      0      0      0      0      0      0      0      0      0      0      0      0      0      0      0      0      0      0      0      0      0      0      0      0      0      0      0      0      0      0      0      0
      0      0      0      0      0      0      0      0      0      0      0      0      0      0      0      0      0      0      0      0      0      0      0      0      0      0      0      0      0      0      0      0      0      1      0      2      0      0      0      0      0      0      0      0      0      0      0      0      0      1      0     10      0      0      0      0      0      0      0      0      0      0      0      0      0      0      0      0      0      0      0      0      0      0      0      0      0      0      0      0      0      0      0      0      0      0      0      0      0      0      0      0      0      0      0      0      0      0      0      0
      0      0      0      0      0      0      0      0      0      0      0      0      0      0      0      0      0      0      0      0      0      0      0      0      0      0      0      0      0      0      0      0      0      0      0      0      0      0      0      0      0      1      0      0      0      4      0      4      0      0      4      0      0      0      0      0      0      0      0      0      0      0      0      0      0      0      0      0      0      0      0      0      0      0      0      0      0      0      0      0      0      0      0      0      0      0      0      0      0      0      0      0      0      0      0      0      0      0      0      0
      0      0      0      0      0      0      0      0      0      0      0      0      0      0      0      0      0      0      0      0      0      0      0      0      0      0      0      0      0      0      0      0      0      0      0      0     11      2      0      0      0      0      0      0      0      0      0      0      1      0      0      0      0      0      0      0      0      0      0      0      0      0      0      0      0      0      0      0      0      0      0      0      0      0      0      0      0      0      0      0      0      0      0      0      0      0      0      0      0      0      0      0      0      0      0      0      0      0      0      0
      0      0      0      0      0      0      0      0      0      0      0      0      0      0      0      0      0      0      0      0      0      0      0      0      0      0      0      0      0      0      0      0      0      0      0      0      0      0      0      0      0      0      1      0      0      0      0      0      0      0      0      0      0      0      0      0      0      0      0      0      0      0      0      0      0      0      0      0      0      0      0      0      0      0      0      0      0      0      0      0      0      0      0      0      0      0      0      0      0      0      0      0      0      0      0      0      0      0      0      0
      0      0      0      0      0      0      0      0      0      0      0      0      0      0      0      0      0      0      0      0      0      0      0      0      0      0      0      0      0      0      0      0      0      0      0      0      0      0      0      0      0      0      0      0      0      0      0      0      0      0      0      0      0      0      0      0      0      0      0      0      0      0      0      0      0      0      0      0      0      0      0      0      0      0      0      0      0      0      0      0      0      0      0      0      0      0      0      0      0      0      0      0      0      0      0      0      0      0      0      0
