\ 
\ Covariance Function Histogram Table
\ 
\ X Parameter: Time of Transit
\ X Abbrev   : TC
\ X Units    : BJD
\ X Items    : 100         
\ 
\ Y Parameter: Stellar Radius
\ Y Abbrev   : R*
\ Y Units    : Rsun
\ Y Items    : 100         
\ 
|col000|col001|col002|col003|col004|col005|col006|col007|col008|col009|col010|col011|col012|col013|col014|col015|col016|col017|col018|col019|col020|col021|col022|col023|col024|col025|col026|col027|col028|col029|col030|col031|col032|col033|col034|col035|col036|col037|col038|col039|col040|col041|col042|col043|col044|col045|col046|col047|col048|col049|col050|col051|col052|col053|col054|col055|col056|col057|col058|col059|col060|col061|col062|col063|col064|col065|col066|col067|col068|col069|col070|col071|col072|col073|col074|col075|col076|col077|col078|col079|col080|col081|col082|col083|col084|col085|col086|col087|col088|col089|col090|col091|col092|col093|col094|col095|col096|col097|col098|col099|
|int   |int   |int   |int   |int   |int   |int   |int   |int   |int   |int   |int   |int   |int   |int   |int   |int   |int   |int   |int   |int   |int   |int   |int   |int   |int   |int   |int   |int   |int   |int   |int   |int   |int   |int   |int   |int   |int   |int   |int   |int   |int   |int   |int   |int   |int   |int   |int   |int   |int   |int   |int   |int   |int   |int   |int   |int   |int   |int   |int   |int   |int   |int   |int   |int   |int   |int   |int   |int   |int   |int   |int   |int   |int   |int   |int   |int   |int   |int   |int   |int   |int   |int   |int   |int   |int   |int   |int   |int   |int   |int   |int   |int   |int   |int   |int   |int   |int   |int   |int   |
      0      0      0      0      0      0      0      0      0      0      0      0      0      0      0      0      0      0      0      0      0      0      0      0      0      0      0      0      0      0      0      0      0      0      0      0      0      0      0      0      0      0      0      0      0      0      0      0      0      0      0      0      0      0      0      0      0      0      0      0      0      0      0      0      0      0      2      0      0      0      0      0      0      0      0      0      0      0      0      0      0      0      0      0      0      0      0      0      0      0      0      0      0      0      0      0      0      0      0      0
      0      0      0      0      0      0      0      0      0      0      0      0      0      0      0      0      0      0      0      0      0      0      0      0      0      0      0      0      0      0      0      0      0      0      0      0      0      0      0      0      0      0      0      0      0      0      0      0      0      0      0      0      0      0      0      0      0      0      0      0      0      0      0      0      0      0      0      0      0      0      0      0      0      0      0      0      0      0      0      0      0      0      0      0      0      0      0      0      0      0      0      0      0      0      0      0      0      0      0      0
      0      0      0      0      0      0      0      0      0      0      0      0      0      0      0      0      0      0      0      0      0      0      0      0      0      0      0      0      0      0      0      0      0      0      0      0      0      0      0      0      0      0      0      0      0      0      0      0      0      0      0      0      0      0      0      0      0      0      0      0      0      0      0      0      0      0      0      0      0      0      0      0      0      0      0      0      0      0      0      0      0      0      0      0      0      0      0      0      0      0      0      0      0      0      0      0      0      0      0      0
      0      0      0      0      0      0      0      0      0      0      0      0      0      0      0      0      0      0      0      0      0      0      0      0      0      0      0      9      0      0      0      0      0      0      0      0      0      0      0      0      0      0      0      0      0      0      0      0      0      1      0      0      0      0      0      0      0      0      0      0      0      0      0      0      0      0      0      0      0      0      0      0      0      0      0      0      0      0      0      0      0      0      0      0      0      0      0      0      0      0      0      0      0      0      0      0      0      0      0      0
      0      0      0      0      0      0      0      0      0      0      0      0      0      0      0      0      0      0      0      0      0      0      0      0      0      0      0      0      0      0      0      0      0      0      0      0      0      0      0      0      0      0      0      0      0      0      9      0      0      0      0      0      2      0      0      0      0      0      0      0      0      0      0      0      0      0      0      0      0      0      0      0      0      0      0      0      0      0      0      0      0      0      0      0      0      0      0      0      0      0      0      0      0      0      0      0      0      0      0      0
      0      0      0      0      0      0      0      0      0      0      0      0      0      0      0      0      0      0      0      0      0      0      0      0      0      0      0      0      0      0      0      0      0      0      0      8      0      0      0      0      0      0      0      0      0      0      0      0      0      0      0      0      0      0      0      0      0      0      0      0      0      0      0      0      0      0      0      0      0      0      0      0      0      0      0      0      0      0      0      0      0      0      0      0      0      0      0      0      0      0      0      0      0      0      0      0      0      0      0      0
      0      0      0      0      0      0      0      0      0      0      0      0      0      0      0      0      0      0      0      0      0      0      0      0      0      0      0      0      0      0      0      0      0      0      0      0      0      0      0      0      0      0      0      0      0      0      0      0      0      0      0      0      0      0      0      0      0      0      0      0      0      0      0      0      0      0      0      0      0      0      0      0      0      0      0      0      0      0      0      0      0      0      0      0      0      0      0      0      0      0      0      0      0      0      0      0      0      0      0      0
      0      0      0      0      0      0      0      0      0      0      0      0      0      0      0      0      0      0      0      0      0      0      0      0      0      0      0      0      0      0      0      0      0      0      0      0      1      0      0      0      0      0      0      0      0      0      0      1      0      0      0      0      0      0      0      0      0      0      0      0      0      0      0      0      0      0      0      0      0      0      0      0      0      0      0      0      0      0      0      0      0      0      0      0      0      0      0      0      0      0      0      0      0      0      0      0      0      0      0      0
      0      0      0      0      0      0      0      0      0      0      0      0      0      0      0      0      0      0      0      0      0      0      0      0      0      0      0      0      0      0      0      0      0      0      0      0      0      0      0      0      0      0      0      3      0      0      0      0      2      0      0      0      9      0      0      0      0      0      0      0      0      0      0      0      0      0      0      0      0      1      0      0      0      0      0      0      0      0      0      0      0      0      0      0      0      0      0      0      0      0      0      0      0      0      0      0      0      0      0      0
      0      0      0      0      0      0      0      0      0      0      0      0      0      0      0      0      0      0      0      0      0      0      0      0      0      0      0      0      0      0      0      0      0      0      0      0      0      0      0      0      0      0      0      1      0      0      2      0      0      0      0      0      0      0      0      0      0      0      0      0      0      0      1      0      3      0      0      0      0      0      0      0      0      0      0      0      0      0      0      0      0      0      0      0      0      0      0      0      0      0      0      0      0      0      0      0      0      0      0      0
      0      0      0      0      0      0      0      0      0      0      0      0      0      0      0      0      0      0      0      0      0      0      0      0      0      0      0      0      0      0      0      0      0      0      0      0      9      7      1      0      0      0      0      0      0      0      0      4     15      3      0      0      0      0      0      0      0      0      0      0      0      0      0      0      0      0      0      0      0      0      0      0      0      0      0      0      0      0      0      0      0      0      0      0      0      0      0      0      0      0      0      0      0      0      0      0      0      0      0      0
      0      0      0      0      0      0      0      0      0      0      0      0      0      0      0      0      0      0      0      0      0      0      0      0      0      0      0      0      0      0      0      0      0      0      0      0      0      7      0      0     12      0      0      0      0      0      4      0      2      0      0      0      0      0      0      0      0      2      2      0      0      0      0      0      0      0      0      0      0      0      0      0      0      0      0      0      0      0      7      0      0      0      0      0      0      0      0      0      0      0      0      0      0      0      0      0      0      0      0      0
      0      0      0      0      0      0      0      0      0      0      0      0      0      0      0      0      0      0      0      0      0      0      0      0      0      0      0      0      0      0      0      0      0      0      0      0      0      0      0      0      0      0      0      1      0      0      0      0      2      0     20      4      4      0      3      0      0      0      0      2      0      0      0      0      0      2      0      0      0      0      0      0      0      0      0      0      0      0      0      0      0      0      0      0      0      0      0      0      0      0      0      0      0      0      0      0      0      0      0      0
      0      0      0      0      0      0      0      0      0      0      0      0      0      0      0      0      0      0      0      0      0      0      0      0      0      0      0      0      0      0      0      0      0      0      0      0      0      0      0     10      0      1      0      0      0      0      0      0      0      0      0      0      0      7      0      0      0      0      0      0      0      0      1      0      0      0      0      0      0      0      0      0      0      0      0      0      1      0      0      0      0      0      0      0      0      0      0      0      0      0      0      0      0      0      0      0      0      0      0      0
      0      0      0      0      0      0      0      0      0      0      0      0      0      0      0      0      0      0      0      0      0      0      0      0      0      0      0      0      0      0      0      0      0     11      0      0      0      8      0      2      0      2      0      0      0      0      5      0      0      0      0      0      0      0      0      0      0      2      0      2      0      0      0      0      1      0      0      0      0      0      6      0      8      0      0      0      0      0      0      0      0      0      0      0      0      0      0      0      0      0      0      0      0      0      0      0      0      0      0      0
      0      0      0      0      0      0      0      0      0      0      0      0      0      0      0      0      0      0      0      0      0      0      0      0      0      0      0      1      0      0      4      2      0      0      0      0      0      1      0      0      0      0     18      0      0      6      0      0      1      2      0      0      1      4      1      2     10      0      5      0      0      0      0      0      0      0      1      1      0      0      0      0      0      0      0      0      0      0      0      0      0      0      0      0      0      0      0      0      0      0      0      0      0      0      0      0      0      0      0      0
      0      0      0      0      0      0      0      0      0      0      0      0      0      0      0      0      0      0      0      0      0      0      0      1      0      0      0      0      0      0      0      5      0      0      0      6      0      0      0      4      0      0      7      0      2      0      0      0      3     10      4      1      0      0      0      0      4      0      2      1      0      0      0      0      0      0      0      0      0      0      7      0      0      0      0      0      0      0      0      0      0      0      0      0      0      0      0      0      0      0      0      0      0      0      0      0      0      0      0      0
      0      0      0      0      0      0      0      0      0      0      0      0      0      0      0      0      0      0      0      0      0      0      0      0      0      0      2      0      0      0      0      0      0      3      0      0      0      1      4      3      2      7      2      2      0      0      0      0      7      6     15      0      1     10      0      4      0      0      4      0      0      0      0      0      0      0      0      0      0      0      2      0      0      0      0      0      0      0      0      0      0      0      0      0      0      0      0      0      0      0      0      0      0      0      0      0      0      0      0      0
      0      0      0      0      0      0      0      0      0      0      0      0      0      0      0      0      0      0      0      0      0      0      0      0      1      0      0      0      0      0      0      2      3      0      2      3      4      0      4      0      1      1      5      0      1      0     16      0      0      0     10      4      8     11      7      5      3      0      3      0      0      3      0      4      0      0      3      0      0      0      0      0      0      0      0      0      0      0      0      0      0      0      0      0      0      0      0      0      0      0      0      0      0      0      0      0      0      0      0      0
      0      0      0      0      0      0      0      0      0      0      0      0      0      0      0      0      0      0      0      0      0      0      0      0      0      0      0      0      0      1      0      7      0      6      0     10      0      3     11      0      1      6     11     15      0      2      5      6      3     19     11      3      0      6      0      0      2      1      4     14      2      4      0      1      0      5      0      0      3      0      0      0      2      0      0      7      0      5      0      0      0      0      0      0      0      0      0      0      0      0      0      0      0      0      0      0      0      0      0      0
      0      0      0      0      0      0      0      0      0      0      0      0      0      0      0      0      0      0      2      2      0      0      0      0      0      1      0      0      0      4      1      0      0      2      0      0      2      9      5      2      0      7      3      0      6      3      4      0      2     22      5     10      6      3     21      1      1     10      0     21      2      1      0      6      0      0      0      0      0      0      5      0      0     13      1      0      0      0      0      0      0      0      0      0      0      0      0      0      0      0      0      0      0      0      0      0      0      0      0      0
      0      0      0      0      0      0      0      0      0      0      0      0      0      0      0      0      0      0     11      0      0      0      0      0      2      0      4      7      0      0      0      0      5      9      0      0     14      9      0      6     15      0      0      7      2     10      3      7     33      0     23     13     10      1     13      5      4     10      2      0      5      0      0      0      0      0      0      3      0      0      0      4      0      6      0      0      0      0      0      0      0      0      0      0      0      0      0      0      0      0      0      0      0      0      0      0      0      0      0      0
      0      0      0      0      0      0      0      0      0      0      0      0      0      0      0      0      3      0      0     20      0      0      0      0      0      2      0      0      9     12      0      8      0      0      0      5      8      3     12     11      4     20      4      2      8      8     10      0      8      3     12      6      1      2      1      0     16     15      0      1      5      0      0      0      6      2      6      7      4      0      0      0      0      0      0      0      0      0      0      0      0      0      0      0      0      0      0      0      0      0      0      0      0      0      0      0      0      0      0      0
      0      0      0      0      0      0      0      0      0      0      7      0      4      0      0      0      0      0      0      0      0      0      0      0      0      6      0      8      0      0      0      0      0      0      1     10      2     33      4     14      7      6      0     21     16      3      0      0      2     18     12     15      3      1      9      5      0      1      0     14      4      9     11      1      0      0      0      0      7      0      0      3      6      0      0      0      0      0      0      0      0      1     15      4      0      0      0      8      0      1      0      0      0      0      0      0      0      0      0      0
      0      0      0      0      0      0      0      0      0      0      0      0      0      0      0      0      0      0     10      0      2      4      1      8      0      5      7     12      0      0      6      0      0      5      0      2     14     35     13      9      4     12      3     31     10     14      7     33      9     11      0      0      7      0      9      1      1      0      0      0      5      3      6     13      4      2      0      5      2      4      0      0      0      0      0      0      0      6      0      0      0      0      0      0      0      0      0      0      0      0      0      0      0      0      0      0      0      0      0      0
      0      0      0      0      0      0      0      0      0      0      0      0      0      0      0      0      0      0      0      0      0      7      0      0      0      0      1      0      1      0      7     14      4      6      0     11      8     18     18      5     11     15      4     12     23      4      4      5     18     21      0     26     19      9      8      0     13      8     29      4      6      8      0     14      4      7      0      3      6      0      2      1      2      0      0      2      0      0      0      2      0      0      0      0      0      0      0      0      0      0      0      0      0      0      0      0      0      0      0      0
      0      0      0      0      0      0      0      0      0      0      0      0      0      0      0      0      0      0      0      0      0      0      2      0     14      0      1      4     11     10      9     10     25      0     10     14     17     13     13     17      2      1     14      1      4      6      7     24      0     56     15     48     12     16     18     39      8     55     11     16      8     34      2     14      6      2     14      7     17      0      8      0      2      0      5      2      0      2      0      0      0      0      0      0      0      0      0      0      0      0      0      0      0      0      0      0      0      0      0      0
      0      0      0      0      0      0      0      0      0      0      0      0      0      0      0      0      0      0      0      0      2      2      2      3      3      2     14      3      2      4      4     17     10     22     13      9      3     25     29     12      4      2     31     10     44     37     16     23     14     37     10     15      3     24      5      9      0     14     20     30      3      0      4      0     14      0      7      1     24      0      0      8      2      3      9      1      0      0     12     20      0      0      0      0      0      0      0      7      0      2      0      0      0      0      0      0      0      0      0      0
      0      0      0      0      0      0      0      0      0      0      0      0      2      0      0      0      0      1      0      0      2      3      6      0      4      5      6      2     17      8      6      4     11     29      1     18     18     10      0      6      9     30     27     18      7     16     12     35     18     11     16     55      7     19     52      8     23     22     15     51     11     39     17     24      8      4      1      1      0      0      0      2      2      1      0     19      1      7      0      1      0      0      0      0      0     10      2      0      0      0      0      0      0      0      0      0      0      0      0      0
      0      0      0      0      0      0      0      0      0      0      0      0      0      0      0      0      0     12      0      0      0      0      2      0      0      3      3      7      7     17      8      8      9      9     31      2      3     28     14     23     11     19     32     22     35     13     13     37     33     18     30      5     55     25     12     30     13     16     18     11     22      4      0     20      3     26      5      2      2      0      7     10     29      0      0      0      1      0      0      0      0      0      0      0      0      0      0      0      0      0      0      0      0      0      0      0      0      0      0      0
      0      0      0      0      0      0      0      0      0      0      0      0      0      0      0      4      0      1      0      1      6      0      4      0      0      0      2      0     13      0     13      1     26      9      2     16      6     17     20     27     10     16     25     13     46     26     24     34     28     27     29     40      3     44     17     20     24     11     16     27     29      3     19      4      8     11      9     12      5     10     20      7      0     10     15      9      0      4     10      0      0      3      0      1     14      0      0      0      0      0      0      0      0      7      0      0      0      0      0      0
      0      0      0      0      0      8      0      0      0      0      5      0      0      0      0      0      0      3      0     11     11      0      6      6      1      9      8     14      5     10     12     19      2     24     40     51     18      8     43     16     20     37     58     36     16     55     20     41     41     49     18     49     18     23     10     39     33     12     22     20     10     37     12      9      0     12      5     10     16     19      8     15      1      9      0      5      2      0      0      0      5      0     11      0      0      0      0      7      0      0      1      0      0      0      0      0      0      0      0      0
      2      0      0      0      0      0      0      0      0      1      0      0      1      0      0      0      0      0     16      0      0      0      0      1     20     11      7      9     13     15     21     24      6     39     28     11     69     17     35     43     18     52     37     17     51     70     33     38     35     39     89     66     25     31     34     42     49     23     18     38     13     12     12     11     21     38      6     21      4      1      4      3     23      9      4      0      3      0      0      0      7      0      0      0      0      0      0      0      2      0      0      0      0      0      0      0      0      0      0      0
      0      0      0      0      0      0      0      0      0      0      0      0      1      0      0      0      0      0      0     12      9      0      5      4      4     16      0      0      9     15     19     22     20      0     29     25     46     25     41     18     32     15     32     49     28     48     47     45     33     38     70     47     93     37     73     14     64     10      3     28     27     16     39     16      6     34     13      3      5     18      8     11      0     15      2     12      0      8      2      1      0      2      0      0      0      0      1      0      0      0      0      0      0      0      0      0      0      8      0      0
      0      0      0      0      0      0      0      0      0      0      0      0      0     11      0      0      2      0      8      6      0      0      3      0      5     26      3      0     19      7     14     14     25     20     22      7     19      7     31     63     21     31     76     18     28     40     35     55     39     50     46     49     60     42     44     13     34     24    102     33     46     24     16     34      5     11     48     23      3     20      5     10      6     19     10      2      4      8      2      0      8      1      0      0      1      0      0      0      0      0      0      0      0      0      0      0      0      0      0      0
      0      0      0      1      0      0      0      0      0      0      0      0      0      1      0      0      0      0      0      0      3      2      6     12      2      2      6     27     24      9      2      8     21      9     45     21     14     18     24     22     10     30     43     43     40     42     44     49     35     38     60     42     71     73     62     35     18     34     24     70     13     11     97     32     34      9     14     11     23      4      9      1     11      8      0      3      0      0      1      6      1      9      3      0      1      0      1      0      0      0      0      0      0      0      0      0      0      0      0      0
      0      0      0      0      0      0      0      0      0      0      0      0      0      0      0      0      9      0      5      0      0     21     44      5     13     10     10     11     20      7     16      9     38     95     44     49     39     33      5     11    100     38     42     50     71     31     51     34     42     12     44    110     65     36     46     61     47     62     29     39     32     34     12     11     14     11      7     13     19      0     28     28      9     11      3     14     16      1      0      0      3      0      0      7      0      0      0      0      0      0      0      0      0      0      0      0      0      0      0      0
      0      0      0      0      0      0      0      0      0      0      0      0      0      0      1      0      0      3      0      5     12      0      8      0     20     20      0     16     21     23      7     35     11     25     60     20     46     41     57     17     78     74     37     44     91     49     69     64     53     97     39     33     53    123     63     77     63     40     32     62     34     51     18     22     41     19     28     22      4      6      6     29     25      6      9      0      9     20     12      9      0      3      5      2      9      5      0      0      5      0      0      0      0      0      0      0      0      0      0      0
      0      0      0      6      0      0      0      0      0      0      0      0      0      5      0      2      2      2     11     13      3     29      0      2     36     13     13     10     16     10     16     59     10     24     11     26      7     69     61     50    105     55     47     74     90     59     44     37     37     67     60     59     61     58     57     40    110     63    105     18     34     59     30     26     41     70     13     20     16     11      2     34      5     17     22     21      4      8      6      7     11      6      0      6      6      1      0      0      0      0      0      1      0      0      0      0      0      0      0      0
      0      0      0      0      0      0      0      0      0      0      0      0      1      0      0      9      0      9      0      0      1      0      0      6      4      5     17      8     20     17     27     12     47     25     24     25     26     46     63     54     72     63     48     55     76     61     64     76     46     53     78     40    104     50     61     45     41     93     45     63     39     50     48     54     16     33     12     39     22     13     16     11      6     12      3      0     12     12      0      0      0      3      5      0      1      0      0      0      0      1      0      0      0      0      0      0      0      0      0      0
      0      0      0      0      0      0      0      0      1      0      9      0      0      0      1      0      5      0      4      4      1     11     22      6      2      2      4     15      6     19     31     36     40     37     33     55     57     52     27     81    120     50     48     49     97    107     59     41     99     86     65     44     64     94     39     89     44     57     34     33     71     22     30     60     43     45     30     28     21     13     10     11      7     20      4     21      4      3      0      1      0      0      0      0      2      0      0      0      0      0      0      0      0      3      0      0      0      0      0      0
      0      0      0      0      0      0      3      0      0      0      0      0      6      0      0      0      1     10      1      0      9      0     12      5      3     11     13      5     43     31     46     27     32     11     22     37     54     48     65     59     46     71     29    101     54     68     52    111     43     32     93     70     45     84     84     92     73     37     86     56     58     48     65     11     83     28     16     12     36     12      4     10      1      6     20      2      3     18     10      8     10      9      0      0      0      5      0      1      0      0      0      0      0      0      0      0      0      0      0      0
      0      7      0      0      0      0      0      0      0      0      1      0      0      0     13      0      1      0      0      2      7      2      0     13      8     21     13     17     20     21     17     13     15     24     51     60     39     73     65     77     43     74    110     50     95     51     93    107     44    129     47     68    111     72     83     51     68     62     46     83     63     80     26     44     38     67     53     58     23     22      5     17     10      7      8      7     16      0      5      2      6      0      7      5      0      1      0      0      0      1      1      0      0      0      0      0      0      1      0      0
      0      0      0      0      0      0      0      0      0      0      0      0      1      2      0      0      8      2      5      3      1      2      1      4     14     30     18     15      5     15     13     22     33     49     40     66     27     34     45     72     69     85     58     64     55    107     90    104     48     89     72    110    118     28     36     47     81     59     42     45     45     46     85     19     52     59     24     15     15     27     30     16     34     13     17     14     10     11      0      7      8      3      1      0      0      0      3      0      0      0      0      0      0      0      0      0      0      0      0      0
      0      0      0      0      0      0      3      0      2      0      0      0      2      0      1      0      3      2      6      2      2      0      7      8     22      3      1     15     29     23     39     28     27     21     44     55     69     61     39     68     37     53    140     83     65     58     89    104     96    164     76     73     58     95     68     68    123     77     71     20     90     41     49     30     72     12     18     12     21      3     34     30     26     21     17      8     13      7      0      8      5      9      1      1      0      2      2      0      1      0      0      0      0      0      0      0      0      0      0      0
      0      0      0      0      0      0      0      0      0      0      0      0      0      0      0      0      0      3      0     14      7     16      0     16     16      2     24     23     23     38     15      9     13     50     56     25     78     26     64     88     52     70     53     64     98     96    103     76     60     38     99    113     92    121     59     84     58     70     68     79     47     61     50     55     31     36     14     21     33     31     19     36     48      2     15      3      9      0      3      6      4     14      3      0      1      0      0      0      0      0      0      0      0      0      0      0      0      0      0      0
      0      0      0      0      0      0      0      0      0      0      6      0      0      0      0      4      5      9      7      5      0      5      1     10     33     14     26     38     31     25     24     28     33     23     59     82     63     48     55     71     49     60     97     56     42     99    118     96     91    105     56     79    111    100     95     39     91     42     60     52     67     80     29     38     28     40     12     45     13     32     28      8     15      7     11     36      8      0      4      5      0      0      1      4      2      0      0      0      0      0      1      0      0      0      0      0      0      0      0      0
      0      0      0      0      0      0      0      0      0      0      1      0      0      0      0      0      0      9      1      0      6      8      3      5     18     17     19     13     17     36     28     26     34     53     35     60     69     51     55     64     87    115    121     97     93     87     92     64     48     98     73     89     56     51     49     57     98     50     39     96     55     33     41     61     53     38     18     22     26     25     17     11     39      2     17      7     29      3     24     21      0      0      0      0      5      2      5      0      0      0     10      0      0      0      0      0      0      0      0      0
      0      0      0      0      0      0      0      0      0      0      0      0      5      2      0      0      2      0      1      0     13      0     12      0     20     11      9     28     13     18     27     27     58     11     66     61     47     47     65     84    129     49     96    106    104     63    110     37     74     72     35     86     87     81     63     32     80     70     90     49     48     31     94     19     42     39     67     26     25     22     28     10     10     11     21      3      1      8      0     10      6     11      2      1      7      0      0      0      2      0      0      0      0      0      0      0      0      0      5      0
      0      0      0      0      0      0      0      0      0      0      0      0      0      1     20      0      3      1      1      0      1      4      4     10      2     13     15     13     21      6     26     22     52     30     46     68     38     67     57     69     83     58     90    128     78     95    115     99     95     59     72    117    117     79    111     73     87     65     59     80     57     75     70     27     56     39     56     22     11     40     36     15     13      8     25      7     17      7     25      8      0      4      0      1      6      0      2      0      0      0     24      0      0      0      0      0      0      0      0      0
      0      0      0      0      0      5      0      0      0      0      0      0      1      0      0      1      2      0      0      6     10      3      4      6     20      8      1     20     31     23     55     30     48     33     44     57     18     43     71     44     57     45     69     68    163     61    109    119     44    127     64    124     80     65     80     45     64     83     58     76     60     29     35     59     12     72     36     24     39      6     12     16     14     12     32      9      2      0      0      7      2      0     31      0      0      0      4      4      0      0      0      0      0      0      0      0      0      0      0      0
      0      0      0      0      0      0      0      0      0      0      0      3      0      3      0      0      6      0      3      0      5      4      4      6      2     14     28      7     33     18     15     48     21     41     37     54     68     56     61     56     53     71    107     60     95     71    154    154    124    104     99    103     61    122     49     71     97     53     64     59     39     27     33    107     43     74     14     49     10     43     24     18     20      5      1      9     12      7      7      0      2      0      0      0      0      0      3      0      0      0      0      0      0      0      0      0      0      0      0      0
      0      0      0      0      0      0      0      0      0      0      2      0      0     11      0      1      1      0      3      0      7      5      1      8      9      0      6     18     50     29     49     34     34     34     47     68     68     36     42     62     62     46     65     59     94     72     92    133     62     56    103     81    130     71     60     91     69     74     74     62     54     29     35     51     67     68     43     26     55     22     21     21      4      9     10     19      6      2      0      0      0      4      2      0      0      0      3      0      0      0      2      2      0      0      0      0      0      0      0      0
      0      0      0      0      2      0      0      0      0      0      0      0      0      0      0      0      4      0      3      9      2      0      4      0     16     14      6     25      6     20     25     41     15     42     42     37     44     60     79     64     50     60     99     44     85     61     93     87     59     40     81     80     43     62     66     61     67     75    142     64     39     51     56     41     44     29     31     11     25     17     20     15      2     20      8      5      0      4      6      2      2      0      8      0      1      0      0      0      0      0      0      0      0      0      6      0      0      0      0      0
      0      0      0      0      0      0      0      0      0      0      0      0      0      0      0      2      0      6      0      0      9      4      3     20     13      7     18      2     32      4     11     26     54     35     13     32     60     31     59     48     90    111     73     99    162     64     57     97     71     31     51    109     38     95     75     75     54     82     33     58     37     24     34     15     26     47     44     33     24     10      6     16     11     12      8      2     13      3      0     11     17      1      0      0      0      2      6      0      0      1      0      0      5      0      0      0      0      0      0      0
      0      0      0      0      0      0      0      0      0      0      0      0      0      0      0      0      5      0      0      0      3      0     10      8     29      5      3     13     27     16     16     35     15     33     55     32     55     58     36     59     40     74     52    115     50     57     99     80     72     59     74    176     58     39     49     57     91     67     46     57     60     39     41     28     33     22     30     17     26     12      9      6      2      8     11     10      6      0      0      2     15      0      5      0      0      0      1      0      0      0      0      0      0      6      0      4      2      0      0      0
      0      0      0      0      0      0      0      0      0      0      0      0      0      0      0      0      0      0      7      0      2     20      8      5      9     34      0     15     38     15      8     22     56     37     29     39     56     52     47     39     35     62    124     54     61    112     45     29     53     76     40     75     65     80     65     73     96    120    127     33     46      6     54     59     21     58     32      5     34     22     15      4      5     15      6      2      5      6      0     10      6      0      0      1      4      0      0      0      0      0      0      0      0      0      0      0      0      0      0      0
      0      0      0      0      0      0      0      0      0      0      0      0      0      0      0      4      0      0      0      0     10      0      6      6      6      6      4     22     21     12     43     34     17     23      3     30     28     33     58     91     78     54     89    103     61     40    101     75     68     61     93     31     76     50    102     36     48     58     49     44     24     49     32     31     21     25     24     27     37     12      7      5      9      9     11     16      7     25      3      0      0      0      3      1      0      0      2      0      0      0      0      3      0      0      0      0      0      0      0      0
      0      0      0      0      0      0      0      0      3      0      0      1      0      0      0      3      0      0      0      6      2      0     10     12     24     24     42     16     21     17     51     41     12     17     47     12     46     13     54     45     72     71     43     87     61     60     45     66     70     44     93     87     97     44     81     85     32     68     20     42     36     59     17     33     27     14     28     20     23     21     29      4     11      0      9      2      0      3      0      0      0      0      2      0      0      0      5      0      0      3      0      0      0      0      0      0      0      0      0      0
      0      0      0      0      0      0      0      0      0      0      0      0      0      2      3      0      2      0      5      1      0      2      1     17      3      1      8     14     13      2     16     28     13      6     20     32     31      6     23     41     39     71     40     41     48     53     68     65     92     67     37     64     33     35     80     65     19     42     48     55     13     22     16     27      8     28     15     24     13      7     15      3      4     19      7      5      1      6      3      0     10      0      3      6      0      0      0      0      0      0      0      0      0      0      0      0      0      0      0      0
      0      0      0      0      0      0      0      0      0      0      0      2      0      0      0      2      0      0      0      1     10     12      4      4      1     11      2      0      8      6      3     14     24     10     33     33     16     50     61     23     60     54     77     55     34     54     51     90     41     65     73     59     36     90     62     74     38     51     38     72     29     50     57     20     15     44      6     22     39      6      5      6     14      4      2      2      4      5      8      5      3      0      0      0      0      0      0      0      0      0      0      0      0      0      0      0      0      0      0      0
      0      0      0      0      0      0      0      0      0      0      0      2      1      0      6      3      0      2      0      3      8      0      0      1      8      0     16     25     10     13     21     35      6     37     34     31     34     21     52     42     40     40     35     49     27     31     72     41     70     72     29     35     58     73     31     12     43     75     34     48     31     28     37     23     26     25     18     31     14      7      9     12     10     19      2      7     11      4      0      0      0      1      1     11      0      0      0      0      1      0      0      0      0      0      0      0      0      0      0      0
      0      0      0      0      0      0      0      0      0      0      0      0      0      0      1      0      0      0      0      2      1      7      3      0      7      8      4      3     17     11     23     16     28     16     17     35     33     15     24     23     10     51     63     50     57     42     34     52     83     96     72     40     46     50     43     25     62     49     12     55     26     35     22     24      8     26      9      9      2      7      8      2      7      3      7      0      4      5      0      0      0      0      0      0      2      1      0      1      0      1      0      0      0      0      0      0      0      0      0      0
      0      0      0      0      0      0      0      0      0      0      0      0      0      0      0      1      0      2      1      3      2      0      6      9     18      5     11      4      5      8     21     12     26     27     20      6     18     12     34     33      9     32     57     37     44     26     33     54     31     54     19     29     39     60     42     29     57     46     16     17     12     31     19     10     30     27      5      6      4      7     21      4      2      6      3     12      3      0      0      0      0      0      0      0      0      0      1      0      0      5      0      0      0      0      0      0      0      0      0      0
      0      0      0      0      0      0      0      0      0      0      0      3      0      0      0      0      0      1      2      0      0      0      0      8      0      3      0     15     15     25      8      5      5      7     13     16     22      6     30     10     66     36     34     40     34     18     44     33     50     50     22     16     61     43     28     56     19     33     49     30     12     19     12      5     18      5     16     11     25     11      0      7     19      4      3      5      4      2      1      0      0      1      0      0      2      0      0      0      0      0      0      0      0      0      0      0      0      0      0      0
      0      0      0      0      0      0      0      0      0      0      0      0      2      0      0      3      0      0      0      0      1      0      9      0      0      2      4     10      8      5      9      8     14      5      5     41     19     23     18     27      8     44     29     23     28     44     66     38     35     58     49     31     45     27     26     21     31     23     40     22     63     16      9     19     12     10     12     27      4      9     19      9      3      2      0      8      2     16      0      0      0      0      0      0      0      0      0      0      0      0      0      0      0      0      0      0      0      0      0      0
      0      0      0      0      0      0      0      0      0      0      0      0      0      0      0      0      0      0      0      4      0      6      0      1      5      4      0      1      6      6     11      0     14     19     23     18     14      6     20     14     23     18     19     21     22     29     18     25     39     27     65     42     38     47     29     13     12     14     26     43      5     32     28     21      2     14     28     10      8     14      7      5      0      3      2      0      0      0      0      0      0      0      4      0      8      0      0      0      0      0      0      0      0      0      0      0      0      0      0      0
      0      0      0      0      0      0      0      0      0      0      0      0      0      0      0      0      0      0      1      1      0      0      0      2      7      2      6      0      3      2      5      2      1      7     21     23     11     16     13     19     36     27     16     26     16      7     17      7     54     10     11     29     15     28     34     21     25     13      6     19      8     16     20     20     22     16     15      6     12      4      3      2      1      2      0     13      1      0      3      0      0      1      0      0      0      0      1      0      0      0      0      0      0      0      0      0      0      0      0      0
      0      0      0      0      0      0      0      0      0      0      0      0      0      7      0      2      0      3      7      3      4      1      0      0      3     10     15      3     22      1      1     13     16      8     21      6     40     12     22     24     36      8     19     19     24     20     24      7     18     35     48     37     21     27     34     27      9     32     35     11     13      7      5      0      9      4      7      2     15      6      2      0     14      3      0      5      0      0      0      0      0      0      5      0      0      0      0      1      0      0      0      0      0      0      0      0      0      0      0      0
      0      0      0      0      0      0      0      0      0      0      0      0      0      0      0      0      1      7      0      2      7      0      5      0      1      0      0      1      6     13      1     10     11     10     19      3     23     26      7     11     30     36     31     34     33     14     10     14     34     35     31     20     10     11      7     18     13      2      8      7     20     22     19     29     11      6     14      3      1     17      0      0      0      0      4      2      5      0      0     11      0      0      0      0      0      0      1      0      0      0      0      0      0      0      0      0      0      0      0      0
      0      0      0      0      0      0      0      0      0      0      0      3      0      0      0      0      0      0      0      0      0      0      2      0      6      0      2      6      4      1     15      0     16      1     15     21     40      5     25      3     25      8      6     25      1     10     36     41     10     24     58      8     41      1     16      5      9     23      8      2      5     13      1      4      6      3      5      1     11      0      0      1      4     10      0      0      0     17      0      0      2      2      1      0      0      0      0      0      0      0      0      0      0      0      0      0      0      0      0      0
      0      0      0      0      0      0      0      0      0      0      0     15      0      0      0      4      1      1     12      2      0      0      0      0      0      0      5      0      2      3     17      3      7     10      4      3      9     19      8      3     21     10     26      7      8     18     11      7      3     35     20     18     22     30      4     16     14     11      0      6      6     13     10      2      8      6      0      5      4      3      9      1      5      0      3      2      0      0      0      0      0      0      5      2      0      0      0      0      0      0      0      0      5      0      1      0      0      0      0      0
      0      0      0      0      0      0      0      0      0      0      0      0      4      0      0      0      0      3      0      0      0      0      0      0      0      1      0      0      1     12      9      5      5      1     12     15      2      4     26     16      3     12     21     19     35     32      8      4      9     19     16      6      8      3      4      8     10     31      3      0      8     15      6      0      0     10      0      0      1      0      4      0      0      3      1      0      0      1      0      0      0      3      0      0      0      0      0      0      0      1      0      0      0      0      0      0      1      0      0      0
      0      0      0      0      0      0      0      0      0      0      0      0      0      0      0      0      1      2      0      0      0      2      0      0      2      8      2      1      6      8      2      2      1      5      8     16      3      9      9     15     10     19      9     14     14     19     14      3     15      4     19      9      3     22      4      7     15     11      6      8      2      5      4      0      1      6      0      0      0      0      0      0      0      4      0      8      0      0      0      0      0      0      0      0      0      0      0      0      0      0      0      0      0      0      0      0      0      0      0      0
      0      0      0      0      0      0      0      0      0      0      0      1      2      0      0      0      0      0      2      0      0      3      1      2      0      2      0      0      0      9      4     10      4     12      0      5      2      6     11      9     13     16      5     15     25      5     11      4      1      1     12      9      0      6     10      7      8     21      0      6     11      5      0      0     15      2     12     11      0      2      7      1      4      2      2      0      0      0      0      0      0      0      0      0      0      0      0      0      5      0      0      2      0      3      0      0      0      0      0      0
      0      0      0      0      0      0      0      0      0      3      0      0      0      4      0      0      0      0      0      0      0      0      0      0      0      0      0      3      0      2      3      4      7      0      3      0      3     18     11      0      4      6     10      4      0     21      3     13     29      0      9      0      0      8      2     13      9      2      6      6     15      3      4      1      0      0      3      2      0      1      0      0      6      0      1      1      0      0      0      0      0      1      0      0      0      0      0      0      0      0      0      0      0      0      0      0      0      0      0      0
      0      0      0      0      0      0      0      0      0      0      0      0      0      0      0      0      0      0      0      0      0      1      0      2      0      0      8      0      1      3     10      7      3      1      0     12      2      7      2      8      7      7      7      7     13      7     10      7      5      2     10     10      1      4      1      6     10      2      0      2      0      0      3      9      3      0      2      3      1      0      2     13      6      0      0      0      0      0      0      0      1      0      0      0      0      0      0      0      0      0      0      0      0      0      0      0      0      0      0      0
      0      0      0      0      0      0      0      0      0      0      0      0      0      0      0      0      0      0      0      0      0      7      0      3      0      2      1      0      0      2      0      3      0      1      4      0      1      9      0      0      9      1      8      8      7     13      2     12     13      2     13      6     17      3     15      0      0     15      0      6      6      3      3      1      2      9      2      2      0      1      0      0      0      0      6      0      2      3      0      0      0      1      0      0      0      0      0      0      0      0      0      0      0      0      0      0      0      0      0      0
      0      0      0      0      0      0      0      0      0      0      0      0      0      0      0      0      0      0      1      0      0      0      3      4      3      4      5      0      1      0      7      5      0      1      3      7      0      1     12      0      3      0      2      0     18     16     15      2      4      7     15     12      3     20      6      1      8      3     19      0      7      0      0      0      5      0      0      6      5      5      4      0      0      0      0      0      0      0      0      0      0     13      0      0      0      0      0      0      0      0      0      0      2      0      0      5      0      0      0      0
      0      0      0      0      0      0      0      0      0      0      0      0      0      0      0      0      0      0      0      0      0      0      0      1      6      2      4      1      0      6      0      5      0      0      5      6      4      3      1      3      6      3     12     16      2      3      7      0      8      8      2      0      0      1      2      0      1      2      1      7      1      2      0      3      7      0      2      1      0      0      0      1      0      0      0      0      0      0      0      0      0      0      0      2      0      0      0      0      0      0      0      0      0      0      0      0      0      0      0      0
      0      0      0      0      0      0      0      0      0      0      0      0      0      0      0      0      0      0      2      0      0      1      3      1      0      0      0      5      0      0      2      0      0      0      8      4      0      4     10      0      2      8      4      0      0      6      0      0     11      4      0      1      6      1      8      0      0      2      0      1      0      3      1      7      0      8      1      0      4      0      0      3      1      0      1      0      0      0      0      0      0      0      0      0      0      0      0      0      0      0      0      0      0      0      0      0      0      0      0      0
      0      0      0      0      0      0      0      0      0      0      0      0      0      0      0      0      0      0      0      0      0      0      0      0      1      4      0      1      0      2      7     20      8      7      0      3      0      1      1      4      6     16     21      0      0      1      0      1      5      9      7      0      9     11      1      4      3      0      0      0     18      4      0      7      0      1      0      4      0      8      0      9      0      0      0      0      0      0      0      0      0      6      0      0      0      0      0      0      0      0      0      0      0      0      0      0      0      0      0      0
      0      0      0      0      0      0      0      0      0      0      0      0      0      0      0      0      0      0      0      0      0      0      0      0      0      2      7      0      0      0      4      3      7      5      1      4      0     10      2      1      3      0      0      2      3      0      7      3      6     10      0     10      0      3      0      3      0      1      0     10      2      0      0      0      1      0     11      7      0      2      3      0      0      7      3      0      0      0      0      0      0      2      0      0      0      0      0      0      0      0      0      0      0      0      0      0      0      0      0      0
      0      0      0      0      0      0      0      0      0      0      0      0      0      0      0      0      0      0      0      2      0      0      0      0      0      0      0      0      0      4      1      0      0      0      0      2      0      7      0      2      0      3      8      0     13      2      4      2      2      5      0      5      0      0     22      2      2      4      0      9      9      0      0      3      0      0      3      2      0      3      0      1      2      0      4      0      0      0      0      0      0      0      0      0      0      0      0      0      0      0      0      0      0      0      0      0      0      0      0      0
      0      0      0      0      0      0      0      0      0      0      0      0      0      0      0      0      0      0      0      0      0      0      0      0      0      0      0      0      0      0      0      0      0      0      0      1      2      0      0      0      4     13      6      3      6      5      1      0      0      6      1      0      0      4      0      0      0      0      8      1      0      3      0      0      1      0      2      0      2      0      5      0      0      0      0      0      0      0      0      0      0      0      0      0      0      0      0      0      0      0      0      0      0      0      0      0      0      0      0      0
      0      0      0      0      0      0      0      0      0      0      0      0      0      0      0      0      0      0      0      0      0      0      0      0      0      0      0      0      0      0      0      0      0      0      0      0      4      0      0      0      3      1      0      3      0     12      0      1      0      1      2      0      7      0      7      1      5      3      2      1      5      1      0      0      0      4      0      0      0      0      0      5      0      0      0      5      0      0      0      0      0      0      0      0      0      0      0      0      0      0      0      0      0      0      0      0      0      0      0      0
      0      0      0      0      0      0      0      0      0      0      0      0      0      0      0      0      0      0      2      0      0      0      0      0      2      0      0      0      4      1      0      0      0      3      0      1      0      0      0      0      0      0      2      1      0      0      2     12      0      2      1     13      1      0      0      1      0      0      9      4     11      2      0      0      0      3      0      0      1      0      0      0      0      0      0      0      0      0      0      0      0      0      0      0      0      0      0      0      0      0      0      0      0      0      0      0      0      0      0      0
      0      0      0      0      0      0      0      0      0      0      0      0      0      0      0      0      0      0      0      0      0      0      0      0      0      0      0      0      0      0      0      0      0      7      0      3      4      1      2      2      1      2      0      6      3      0      0      0      0      0      2      2      1      0      0      2      2      1      1      0      0      3      1      0      7     11      0      0      0      0      0      0      0      0      0      0      0      0      0      0      0      2      0      0      0      0      0      0      0      0      0      0      0      0      0      0      0      0      0      0
      0      0      0      0      0      0      0      0      0      0      0      0      0      0      0      0      0      0      0      0      0      0      0      0      0      0      0      0      0      0      0      0      0      0      0      0      0      0      0      0     10      0      0      0      0      0      2      0      0      1      0      0      0      1      0      0      1      3      0      0      4      0      0      0      0      0      2      0      1      0      0      0      0      0      0      0      0      0      0      0      0      0      0      0      0      0      0      0      0      0      0      0      0      0      0      0      0      0      0      0
      0      0      0      0      0      0      0      0      0      0      0      0      0      0      0      0      0      0      0      0      0      0      0      0      0      0      0      0      0      0      0      1      0      8      0      0      4      0      0      0      0      4      0      0      0      0      5      3      1      1      5      0      2      0      0     15      0      0      0      0     13      0      2      0      7      0      0      0      0      0      6      0      0      0      0      0      0      0      0      0      0      0      0      0      0      0      0      0      0      0      0      0      0      0      0      0      0      0      0      0
      0      0      0      0      0      0      0      0      0      0      0      0      0      0      0      0      0      0      0      0      0      0      0      0      0      0      0      0      0      0      0      0      0      0      0      3      0      0      0      0      0      0      0      0     16      0      1     11      0      0      0      0      0      0      0      1      0      0      1      0      0      0      9      4     24      0      0      3      0      0      0      3      0      0      4      0      0      0      0      0      0      0      0      0      0      0      0      0      0      0      0      0      0      0      0      0      0      0      0      0
      0      0      0      0      0      0      0      0      0      0      0      0      0      0      0      0      0      0      0      0      0      0      0      0      0      0      0      0      0      0      0      0      0      0      0      1      0      0      0      1      3      3      0      0      0      2      0      0      8      0      2      2      1      0      0      0      0      0      0      0      4      2      0      2      0      0      2      0      0      0      5      0      0      0      0      0      0      0      0      0      0     14      0      0      0      0      0      0      0      0      0      0      0      0      0      0      0      0      0      0
      0      0      0      0      0      0      0      0      0      0      0      0      0      9      0      0      0      0      0      0      0      0      0      0      0      0      0      0      0      0      0      0      0      0      0      0      0      0      0      0      2      0      0      0      0      0      5      0      5      0      0      0      0      0      0      5      0      6      0      0      0      0      0      0      0      0      0      0      2      0      0      0      0      0      0      0      0      0      0      0      0      0      0      0      0      0      0      0      0      0      0      0      0      0      0      0      0      0      0      0
      0      0      0      0      0      0      0      0      0      0      0      0      0      0      0      0      0      0      0      0      0      0      0      0      0      0      0      0      0      0      0      0      0      0      0      0      0      0      3      0      0      0      0      0      0      0      0      3      0      0      0      0      0      0      0     17      0      0      0      0      0      0      4      4      0      0      0      0      0      0      0      0      0      0      0      0      0      0      0      0      0      0      0      0      0      0      0      0      0      0      0      0      0      0      0      0      0      0      0      0
      0      0      0      0      0      0      0      0      0      0      0      0      0      0      0      0      0      0      0      0      0      0      0      0      0      0      0      0      0      0      0      0      0      0      2      0      0      0      0      0      0      0      1      0      0      0      0      0      0      0      0      0      9      1      0      0      2      0      0      0      0      0      0      0      1      0      0      2      5      0      0      0      0      0      0      0      0      0      0      0      0      0      0      0      0      0      0      0      0      0      0      0      0      0      0      0      0      0      0      0
      0      0      0      0      0      0      0      0      0      0      0      0      0      0      0      0      0      0      0      0      0      0      0      0      0      0      0      0      0      0      0      0      0      0      0      0      0      0      0      0      0      1      0      0      0      0      0      0      2      0      0      0      0      0      0      0      0      0     10      0      0      1      0      0      0      0      0      0      0      0      0      0      0      0      0      0      0      0      0      0      0      0      0      0      0      0      0      0      0      0      0      0      0      0      0      0      0      0      0      0
      0      0      0      0      0      0      0      0      0      0      0      0      0      0      0      0      0      0      0      0      0      0      0      0      0      0      0      0      0      0      0      0      0      0      0      0      0      0      0      0      0      0      0      0      0      0      0      0      1      0      0      0      0      3      0      1      0      0      0      0      4      0      0      0      0      0      0      4      0      0      0      0      0      0      0      0      0      0      0      0      0      0      0      0      0      0      0      0      0      0      0      0      0      0      0      0      0      0      0      0
      0      0      0      0      0      0      0      0      0      0      0      0      0      0      0      0      0      0      0      0      0      0      0      0      0      0      0      0      0      0      0      0      0      0      0      0      0      0      0      0      0      0      0      0      0      0      0     11      0      0      0      0      2      0      0      0      0      0      0      0      0      0      1      0      0      0      0      0      0      0      0      0      0      0      0      0      0      0      0      0      0      0      0      0      0      0      0      0      0      0      0      0      0      0      0      0      0      0      0      0
      0      0      0      0      0      0      0      0      0      0      0      0      0      0      0      0      0      0      0      0      0      0      0      0      0      0      0      0      0      0      0      0      0      0      0      0      0      0      0      0      0      0      0      0      0      0      0      0      0      0      0      1      0      0      0      0      0      0      0      0      0      0      0      0      0      0      0      0      0      0      0      0      0      0      0      0      0      0      0      0      0      0      0      0      0      0      0      0      0      0      0      0      0      0      0      0      0      0      0      0
      0      0      0      0      0      0      0      0      0      0      0      0      0      0      0      0      0      0      0      0      0      0      0      0      0      0      0      0      0      0      0      0      0      0      0      0      0      0      0      0      0      0      0      0      0      0      0      0      0      0      0      0      0      0      0      0      0      0      0      0      0      0      0      0      0      0      0      0      0      0      0      0      0      0      0      0      0      0      0      0      0      0      0      0      0      0      0      0      0      0      0      0      0      0      0      0      0      0      0      0
