\ 
\ Covariance Function Histogram Table
\ 
\ X Parameter: Effective Temperature
\ X Abbrev   : Teff
\ X Units    : K
\ X Items    : 100         
\ 
\ Y Parameter: Metallicity
\ Y Abbrev   : FeH
\ Y Units    : none
\ Y Items    : 100         
\ 
|col000|col001|col002|col003|col004|col005|col006|col007|col008|col009|col010|col011|col012|col013|col014|col015|col016|col017|col018|col019|col020|col021|col022|col023|col024|col025|col026|col027|col028|col029|col030|col031|col032|col033|col034|col035|col036|col037|col038|col039|col040|col041|col042|col043|col044|col045|col046|col047|col048|col049|col050|col051|col052|col053|col054|col055|col056|col057|col058|col059|col060|col061|col062|col063|col064|col065|col066|col067|col068|col069|col070|col071|col072|col073|col074|col075|col076|col077|col078|col079|col080|col081|col082|col083|col084|col085|col086|col087|col088|col089|col090|col091|col092|col093|col094|col095|col096|col097|col098|col099|
|int   |int   |int   |int   |int   |int   |int   |int   |int   |int   |int   |int   |int   |int   |int   |int   |int   |int   |int   |int   |int   |int   |int   |int   |int   |int   |int   |int   |int   |int   |int   |int   |int   |int   |int   |int   |int   |int   |int   |int   |int   |int   |int   |int   |int   |int   |int   |int   |int   |int   |int   |int   |int   |int   |int   |int   |int   |int   |int   |int   |int   |int   |int   |int   |int   |int   |int   |int   |int   |int   |int   |int   |int   |int   |int   |int   |int   |int   |int   |int   |int   |int   |int   |int   |int   |int   |int   |int   |int   |int   |int   |int   |int   |int   |int   |int   |int   |int   |int   |int   |
      0      0      0      0      0      0      0      0      0      0      0      0      0      0      0      0      0      0      0      0      0      0      0      0      0      0      0      0      0      0      0      0      0      0      0      0      0      0      0      0      0      0      0      0      0      0      0      0      0      0      0      0      0      0      0      0      0      0      0      0      0      0      0      0      0      0      0      0      0      0      0      0      0      0      0      0      0      0      0      0      0      0      0      0      0      0      0      0      0      0      0      0      0      0      0      0      0      0      0      0
      0      0      0      0      0      0      0      0      0      0      0      0      0      0      0      0      0      0      0      0      0      0      0      0      0      0      0      0      0      0      0      0      0      0      0      0      0      0      0      0      0      0      0      0      0      2      0      0      0      0      0      6      0      0      0      0      0      0      0      0      0      0      0      0      0      0      0      0      0      0      0      0      0      0      0      0      0      0      0      0      0      0      0      0      0      0      0      0      0      0      0      0      0      0      0      0      0      0      0      0
      0      0      0      0      0      0      0      0      0      0      0      0      0      0      0      0      0      0      0      0      0      0      0      0      0      0      0      0      0      0      0      0      0      0      0      0      0      0      0      0      0      0      0      0      0      0      0      0      0      0      0      0      0      0      0      1      0      0      0      0      0      0      0      0      0      0      0      0      0      0      0      0      0      0      0      0      0      0      0      0      0      0      0      0      0      0      0      0      0      0      0      0      0      0      0      0      0      0      0      0
      0      0      0      0      0      0      0      0      0      0      0      0      0      0      0      0      0      0      0      0      0      0      0      0      0      0      0      0      0      0      0      0      0      0      0      0      1      0      0      0      0      0      0      0      0      0      0      0      0      0      0      0      0      0      0      0      0      0      0      0      0      0      0      0      0      0      0      0      0      0      0      0      0      0      0      0      0      0      0      0      0      0      0      0      0      0      0      0      0      0      0      0      0      0      0      0      0      0      0      0
      0      0      0      0      0      0      0      0      0      0      0      0      0      0      0      0      0      0      0      0      0      0      0      0      0      0      0      0      0      0      0      0      0      0      0      0      0      0      0      0      5      0      0      0      0      0      0      0      0      0      0      0      0      0      2      0      0      0      0      0      0      0      0      0      0      0      0      0      0      0      0      0      0      0      0      0      0      0      0      0      0      0      0      0      0      0      0      0      0      0      0      0      0      0      0      0      0      0      0      0
      0      0      0      0      0      0      0      0      0      0      0      0      0      0      0      0      0      0      0      0      0      0      0      0      0      0      0      0      0      0      0      0      0      0      8      0      0      0      0      0      0      2      0      0      0      0      0      0      0      0      0      0      0      0      0      0      0      0      0      0      0      0      0      0      0      0      0      0      0      0      0      0      0      1      0      0      0      0      0      0      0      0      0      0      0      0      0      0      0      0      0      0      0      0      0      0      0      0      0      0
      0      0      0      0      0      0      0      0      0      0      0      0      0      0      0      0      0      0      0      0      0      0      0      0      0      0      0      0      0      0      0      0      0      0      0      0      0      0      0      0      0      0      3      0     11      0      0      3      0      0      0      0      0      0      0      0      0      0      0      0      0      0      0      0      0      0      0      0      0      0      0      0      0      0      0      0      0      0      0      0      0      0      0      0      0      0      0      0      0      0      0      0      0      0      0      0      0      0      0      0
      0      0      0      0      0      0      0      0      0      0      0      0      0      0      0      0      0      0      0      0      0      0      0      0      0      0      0      0      0      0      0      0      0      0      0      0      0      0      0      0      0      0      1      0      0      0      0      0      0      0      0      0      0      0      0      0      0      1      0      0      0      0      0      0      0      0      0      0      0      0      0      0      0      0      0      0      0      0      0      0      0      0      0      0      0      0      0      0      0      0      0      0      0      0      0      0      0      0      0      0
      0      0      0      0      0      0      0      0      0      0      0      0      0      0      0      0      0      0      0      0      0      0      0      0      0      0      0      0      0      0      0      0      2      0      0      1      0      1      0      0      1      0      0      0      0      0      0      0      0      2      0      0      0      0      0      0      0      0      1      0      0      0      0      0      0      8      0      0      0      0      0      0      0      0      0      0      0      0      0      0      0      0      0      0      0      0      0      0      0      0      0      0      0      0      0      0      0      0      0      0
      0      0      0      0      0      0      0      0      0      0      0      0      0      0      0      0      0      0      0      0      0      0      0      0      0      0      0      0      0      0      0      0      0      0      0      0      0      0      0      0      0     12      0      0      0      0      0      0      0      0      0      3      0      0      0      0      3      0      0      0      0      0      0      0      0      1      0      0      0      0      0      7      0      0      0      0      0      0      0      0      0      0      0      0      7      0      0      0      0      0      0      0      0      0      0      0      0      0      0      0
      0      0      0      0      0      0      0      0      0      0      0      0      0      0      0      0      0      0      0      0      0      0      0      0      0      0      0      0      0      0      5      0      0      0      0      0      0      0      0      0      0      0      0      0      1      0      3      3      1      0      0      0      0      0      0      0      0      0      0      0      0      0      0      0      0      0      0      3      0      0      0      0      0      0      0      0      0      0      0      0      0      0      0      0      0      0      0      0      0      0      0      0      0      0      0      0      0      0      0      0
      0      0      0      0      0      0      0      0      0      0      0      0      0      0      0      0      0      0      0      0      0      0      0      0      0      0      0      0      0      0      0      0      0      2      1      0      0      0      0      6      0      0      0      0      0      0      0      0      0      0      1      0      0      0      0      0      0      0      0      0      0      0      0      0      0      0      0      0      0      0      0      0      0      0      0      0      0      0      0      0      0      0      0      0      0      0      0      0      0      0      0      0      0      0      0      0      0      0      0      0
      0      0      0      0      0      0      0      0      0      0      0      0      0      0      0      0      0      0      0      0      0      0      0      0      0      0      0      0      0      0      0      0      3      0      0      0      0      0      1      0      4      0      8      0      0      0      0      6      6      0      0      0      0      7      0      1      0     20      0      0      8      0      0      2      0      0      0      0      6      0      0      0      7      0      0      0      0      0      0      0      0      0      0      0      0      0      0      0      0      0      0      0      0      0      0      0      0      0      0      0
      0      0      0      0      0      0      0      0      0      0      0      0      0      0      0      0      0      0      0      0      0      0      0      0      0      0      0      0      0      0      0      1      0      0      0      0      0      0      0      0      0      0      1      0      0      2     13      0      0      0      0      0      0      0      0      8      0      0      0      0      0      0      0      0      0      0      1      0      0      0      0      0      0      0      0      0      0      0      4      0      0      0      0      0      0      0      0      0      0      0      0      0      0      0      0      0      0      0      0      0
      0      0      0      0      0      0      0      0      0      0      0      0      0      0      0      0      0      0      0      0      0      0      0      0      0      0      0      0      0      0      0      0      0      0      0      0      0      0      0      9      0      0      0      1      3      0      0     11      5      0      4      5      2      0      0      0      2      3      0      5      0      0      0      0      0      0      0      0      0      0      0      1      0      0      0      0      0      0      0      0      0      0      0      0      0      0      0      0      0      0      0      0      0      0      0      0      0      0      0      0
      0      0      0      0      0      0      0      0      0      0      0      0      0      0      0      0      0      0      0      0      0      0      0      0      4      0      0      0      0      0      0      0      0      0      0      0      3      0      0      0      4      0      0      0      0      0      4      0     11      0      0      2      0      6      5      0      0      5      8      0      0      2      0      5      0      0      0      0      6      0      0      0      0      0      0      0      0      0      0      0      0      0      0      0      0      0      0      0      0      0      0      0      0      0      0      0      0      0      0      0
      0      0      0      0      0      0      0      0      0      0      0      0      0      0      0      0      0      0      0      0      5      0      0      0      0      0      0      0      0      0      0      0      4      0      3      0      6      1      0      0      0      0      0      4      0      0      3      0      1      0      0      2      7      0      1      4      0      0      5      3      0      6      0      1      0      0      0      0      3      0      1      0      1      0      0      1      0      0      0      0      0      0      0      0      0      0      0      0      0      0      0      0      0      0      0      0      0      0      0      0
      0      0      0      0      0      0      0      0      0      0      0      0      0      0      0      0      0      0      0      0      0      0     11      0      0      0      0      0      1      0      7     12      7     16      5      0     14      0      0      0      0      1      0      0      2      8     15      1      0      1      0      0      0      6      0      0      0      1      0      0      0      4      5      1      0      0      0      0      4      9      0      1      0      0      0      0      2      0      0      3      0      0      0      0      0      0      0      0      0      0      0      0      0      0      0      0      0      0      0      0
      0      0      0      0      0      0      0      0      0      0      0      0      0      0      0      0      0      0      0      0      0      0      1      0      0      0      0      0      0      0      0      0      0      0      2      0      0      0      1      7      0      0      0      5      7      0      1      0      8      5      0      3      7      4      0      8      0      6      2      8      0      1      0      1     10      4      0      0      0      7      0      0      0      0      0      0      0      0      0      0      0      0      0      0      0      0      0      0      0      0      0      0      0      0      0      0      0      0      0      0
      0      0      0      0      0      0      0      0      0      0      0      0      0      0      0      1      0      0      0      0      0      0      3      4      3      0      4      0      2      0      0      0      0      2      0      9      0     11      0      8      0      2      3     11      0      0      6      8      6      3      0      0      1      3     11      3      1      9      3      4      4      4      0      1      4      0      0      0      1      0      0      9      0      0      0      0      0      0      0      0      0      0      0      0      0      0      0      0      0      0      0      0      0      0      0      0      0      0      0      0
      0      0      0      0      0      0      0      0      0      0      0      0      0      0      0      0      0      0      0      0      0      0      0      5      6      0      0      0      0      1      1      0      1      0      0      0      4      5      4      7      0      0      0      4      0      0      0      1     20      0      0     11      1      5      7      2      5      7      2      5      7      2      0      0      4      0      4      0      0      5      2     15      0      0      0      0      0      0      0      0      1      0      0      0      0      0      0      0      0      0      0      0      0      0      0      0      0      0      0      0
      0      0      0      0      0      0      0      0      0      0      0      0      0      0      1      0      0      0      0      0      1      0      0      0      0      0     15      0      0      2      0      3      5      1      2      5      6     12      7      8      2      4      6      4      4      2      8      3     13      1      5     11      1     13     10      6      3     12      1     16     16      0     24      1      0      5      4      0      0      0      0      0      6      0      0      0      0      0      0      0      0      0      0      0      0      0      0      0      0      0      0      0      0      0      0      0      0      0      0      0
      0      0      0      0      0      0      0      0      0      0      0      0      0      0      0      0      0      0      0      0      0     13      0      0      0      0      0      6      0      0      4      0      0      0      0      0      0      0      9     22     19      3      8      0      8     12      9      0      5     10      8      3      0      4      7      0      3      0     13      1      9      1      8      3      6     12      5      3      0      8      0      1      0      0      0      0      1      0      4      0      0      0      0      0      0      0      0      0      0      0      0      0      0      0      0      0      0      0      0      0
      0      0      0      0      0      0      0      0      0      0      0      0      0      0      0      0      0      0      0      0      0      1      0      0      0      0      0      0      0      1      1      0      1      0      2      9      5      6      7      4      3      3      5      4     12      5      7     16      9     17      3     14      0      1      1      5      3      3      1      0      8      1     21      8      0      8      0     11      0     15      0      2      0      4      0      0     19      0      0      0      4     11      0      0      0      0      0      0      0      0      0      0      0      0      0      0      0      0      0      0
      0      0      0      0      0      0      0      0      0      0      0      0      0      2      2      0      0      0      0      3      0      2      0      0      8      0      0      0      4      0      3     19     13      3      0      0      7      4      9     20      0     23      4      4      6     30     12     11      0     11     10     22      2     11      3      7     14      5      6     13      0      4      0      6      1      4      3      2      3      3      1      0      0      0      0      0      0      0      5      0      0      0      0      0      0      0      0      0      0      0      0      0      0      0      0      0      0      0      0      0
      0      0      0      0      0      0      0      0      0      0      0      0      0      0      0      0      0      3      0      0      0      0      0      0      0      0      1      0      4      0      5     18      0      0      8      0     18      1      5     25     18     11      7     15      3     12      2     13      4     14      6      4      3      6     12      7     10      3      5      6      5      8      5      3     12      0      6      0      7      3      0      2      0      0      0      9      0      1      0      0      0      0      0      0      0      0      0      0      0      0      0      0      0      0      0      0      0      0      0      0
      0      0      0      0      0      0      0      0      0      0      0      0      0      0      0      0      0      0      0      0      0      1      0      0      0      8      1      5      9      1      6     13      6      5      1      7      0     15     22      2     23     10      0     26     26     17     17      3      4     18     37      2     15     11     15      9     35      0      7     18      4      7      6      2     10      8     12      0      1      6      3      4      1      0     11     12      1      0      0      0      0      0      0      0      0      0      0      0      0      0      0      0      0      0      0      0      0      0      0      0
      0      0      0      0      0      0      0      0      0      0      0      0      0      0      0      0      0      0      1      0      0      0      0      0      2      1      5      2      0      5      4      0     12     15     30      7     30     21     22      3     19     13     11     21      2     22      7      3     23     14      5     49     12     17     15     26     10     14     30     18     28      2     23      7      3      5      8      4      3      0      0      2      2      1      0      2      0      0      3      0      4      8      0      0      0      0      0      0      0      0      6      0      0      0      0      0      0      0      0      0
      0      0      0      0      0      0      0      0      0      0      0      0      0      0      0      0      0      0      0      0      0     13      0      2      0      0      2     20      7      0      1      5      1      4      4     23      9     10      1     13      3     29     32     20      9      7      6     29     34     24      8     14     25     28     59     16     14     12     19      5     11     34      7      3     13      7      4      9      3      5      0      8      6      0     16      0      0      8      0      4      0      0      0      1      0      0      0      0      0      0      0      0      0      0      0      0      0      0      0      0
      0      0      0      0      0      0      0      0      0      0      0      0      0      0      0      0      0      0      0     20      0      0      0      3      0      9      3      3      0      6      1     11      9      1      7     15     11     14     18     12     14      9     17     42     19      9     41     22     16     15     25     15     11     21     30     24     18     26      9     15     11     21     19     14     16     13      5     11      0      4      6      5      1      3      6      2      2      0      0      1      0      0      0      0      0      0      0      0      0      0      0      1      0      0      0      0      0      0      0      0
      0      0      0      0      0      0      0      0      0      0      0      0      0      0      0      0      0      0      0      0      4      0      1      0      0      8     11      1      4     16      0      3     17     11      1     29     22      6     34     12     36      6     17     12     24     13     25     49     20     36     27     12     18     30     27     50      8     36     21     20     22      7     10     17      3      3      7     10      5      3     16      4      4      5      0      0      0      3      0      0      0      2      2      0      0      0      0      0      0      0      0      0      0      0      0      0      0      0      0      0
      0      0      0      0      0      0      0      0      4      0      0      0      0      0      0      4      0      2      0      0      0      0      0      0      0      3      1      0      0     21      4      4      2     13      2     12     72     19     24     20     34      8     15      3      9     20     61     35     37     39     53     46     20     35      9     20     18      4     39     15     23     25      4      4     10     12     14     21     12      8      7      7      5      0      3      0      0      0     15      3      0      0      0      0      0      0      0      0      0      0      0      0      0      0      0      0      0      0      0      0
      0      0      0      0      0      0      0      0      0      0      0      2      0      0      0      0      0      0      0      0      1      0      0      3      4      3      0     13      2      9      6     38      7     31      9     37     14     41      3     18     32     31     52     38     37     37     30     34     28     29     44     24     20     60      7     15     21     33     21     31     23     16     24     21     11      8     21     15     17      1      1     16      0      3      2      1      8      0      0      0      1      0      0      0      0      0      0      0      2      0      0      0      0      0      0      0      0      0      0      0
      0      0      0      0      0      0      0      0      0     12      0      0      0      0      0      0      7      0      0      5     11      0      0      4      1      1     24      0     10      8     25      8     12      3     11     28     32     10      8     57     16     56     21     11     27     17     26     43     42     28     50     65     25     37     49      2     24     24     24      0     33     15     12     29     19     18     28     12      9      2     20      7      7     10     13      1      5      1      0     10      1      0      1      8      0      0      0      0      0      0      0      2      0      0      0      0      0      0      0      0
      0      0      0      0      0      0      0      0      0      0      0      0      0      0      0      0      6      0      6      4      0      1     18      6      0      0      2      3      2      2     14      9     26      3      4     25     26     40     17     25     17     11     58     34     37     22     31     42     41     66     21     63     53     16     23     39     42     31     33     38     35     21     22     23     25      5     23     16     26     10     18      2      3      1      2      1      2      0      0      0      0      0      1      7      0      0      0      0      0      0      0      0      0      0      0      0      0      0      0      0
      0      0      0      0      0      0      0      0      4      0      0      0      0      0      0      0      0      0      0      7      0      1      2      5      6      0     15     25     24     24     38     30     31     22     15      4      7     31     36     26     34     61     36     35     33     26     52     48     48     72     30     40     29     29     50     28     39     77     25     15     45     20     19     25     13     25     11     23     18     32     22      4     19     11      7      4     14      1      0     10      0      1      0      0      0      0      0      0      0      0      0      0      0      0      0      0      0      0      0      0
      0      0      0      0      0      0      0      0      0      0      0      0      0      0      3      0      0      7      5      0      0      0     14      0      9      0      3      8      6     33     26      6      4     15     27     10     13     33     28     28     38     35     11     37     38     73     60     25     34     83     53     51     32     81     62     36     57     81     29     26     25     42     66     43     23     12     19     12     27      7      4      0     10     13      2      5      7      3      0      3      0      0      2      3      2      1      1      0      2      0      0      0      0      0      0      0      0      0      0      0
      0      0      0      0      0      0      0      0      0      0      0      0      0      0      0      0      1      0      4      1      0     11      4      8      7      2     13      5      0     34     51      4     18     34     29     35     28     10     29     22     26     46     17     67     50     32     45     83     30     70     44     41     41     76     30     30     40     53     53     54     35     37     33     29     20     21     21      9     11     22     10      4      0     14      5      5      0      4      6      0      0     10      3      0      0      1      0      0      0      5      4      0      0      0      0      0      0      0      0      0
      0      0      0      0      0      0      0      0      0      3      0      0      3      0      0      0      0      0      2      4      7      2     13      3      0     28     15      0     11     12     40     12     29     23     20     32     29     25     14     20     36      6     58     30     70     19     28     28     49     66     36     61     32     89     76     80     63     37     35     24     55     28     23     20     32     27     10     21     19     21     13      0      8      9     18      1      2     12      1      0      3      0      0      1      0      3      1      1      0      0      0      0      0      0      0      0      0      0      0      0
      0      0      0      0      0      0      0      0      2      0      0      0      0      0      0      0      9      5      0      0      3      0     12      2      8      1      6      4     13     17     18      8     26     12     13     24     49     28     37     43     34     25     54     53     73     76     59     59     52     54     37     64     40     52     90     75     22     17     78     50     73     17     29     27     54     22     25     39     13      3     47      3     17     13     10      7     11     18      5      5      0      7      0      0      0      0      0      0      0      0      0      0      0      0      0      0      0      0      0      0
      0      0      0      0      0      0      0      0      0      0      0      0      0      0      0      0      0      0     10      0      3      1      3      1      6      1      5     10      2     23     25     24     30     16     30     15     71     50     32     25     64     37     48     64     60     23     77     57     60     60     33     28     31     49     63     67     73     48    105     50     40     40     45     39     42     33      7      5      5     13      6     45     21     16      7     15      0     27      9      4      0      0      0      1      0      0      0      0      0      0      0      0      0      0      0      0      0      6      0      0
      0      0      0      0      0      0      0      0      0      0      0      0      0      0      0      0      4      9      0      0      5      7      3      4      4     10      7     29     32     28     25     32     17     21     32     36     68     37     33     51     47     58     79     31     40     55     79     84     77     77     89     49     65    124     40     90     69     47     78     70     86     62     44     29     28     31      5      8     10     19     11     15     25     22     23      6      0      9      7      0      5      0      3      0      0      0      0      1      0      0      2      0      0      0      0      0      0      0      0      0
      0      0      0      0      0      6      0      0      0      0      7      1      0      0      0      0      0      2      0      1     10      5      1      6     11      1      3      1     27     19      9     16     30     29     51     13     58     70     47     66     20     38     75     73    104     65     78     99     68     83     77     53    106    131     76     95     51     75     63     60     36     22     62     46     38     40     30     21     18      7     23      4     38      2      3      5      5      3      0      7      0      0      3      0      0      0      0      0      0      0      0      0      0      0      0      0      0      0      0      0
      0      0      0      0      0      0      0      0      0      0      0      0      0      0      0      8      2      3      1      7     13      6      1     14     12      5     30     42     33     52     24     36     24     21     72     18     39     69     87     36     56     21     68     49     75     52     41     96     69     69     75     70     75    107     56     95     88     27     45     61     40     27     38     45     17     62     37     12     22     44     21      7     25     31      6      7      7      9      2      6      0      1      0      0      1      0      1      0      0      0      0      0      0      0      0      0      0      0      0      0
      0      0      0      0      0      0      0      0      0      0      0      0      0      0      0      0      0      0      6      2      2      1      9     10      7      4     10     12     16     14      4     20     27     19     23     35     31     76     59     71     56     94     35     70    128     63     63    117     81     72     70    110    127     95    111     62     65    101     74     49     46     53     76     35     21     81     59     37     28     19      5     17     13     12     17      6      5      7      4      0      3      4      0      0      0      0      3      0      0      0      0      0      0      0      0      0      0      0      0      0
      0      0      0      0      0      0      0      0      0      1      0      1      0      0      5      0      6      0      0      6      3      0     18      9      7      8      9     14     23      6     33     12     18     61     49     28     28     30     34     31    124     42     80     41     50     79    139     69     83     38     77     99     88     44     74     73     74     91     53    129     66     36     83     41     44     49     33      3     16     33     24      6     10     22     30     17      4     26      1      4      0      7      6      2      2      0      0      0      0      4      0      0      0      0      0      0      0      0      0      0
      0      0      0      0      0      0      2      0      0      0      0      0      0      1      0      0      0      1      1      0     12      8      6      9      0     33     22      4     10     22     13     39     41     66     23     22     46     66     40     41     56     85     53     75     71    114     49    114     63     94     86     77     68    103     42     44     59     99    130     85     35     36     34     31     38     38     56     22     27     37     19     59     35     20     11      6     12      3     13      9      4      0      4      4      0      0      0      0      0      0      0      0      0      0      0      0      0      0      0      0
      0      0      0      0      0      0      0      0      0      0      0      0      0      0      1      0      3      2      0      2      5      0      8      0      3     11      2     16     40     39      7     23     22     49     36     40     34     35     84     61     24     54     55    149     64     62     90     70     89     79     83    143    109    112     55     95     83     76    117     45     63     43     69    107     46     27     82     37     41     12     26     18     29      5      6      9      7      0      1     12      0      0      2      0      1      4      0      0      0      0      0      0      0      0      0      5      0      0      0      0
      0      0      0      0      0      0      0      5      0      0      0      0      5      0      0      0      0      1      3     12      8      4      6      5     10      8     15     37     15     25     28     28     51     17     47     36     47     86     84    112    100     87     89     23     85     86     53     59     91    108     79     82     34     98    115    109     57     46     52     65     94     73     46     59     62     58     67     12      7     41     22      5     16     24      9     15     10      9      0      8      0      3      0      4      0      0      1      0      1      0      0      0      0      0      0      0      0      0      0      0
      0      0      0      0      0      0      0      0      0      0      3      0      0      7      0      3      4      3      0      4      0     13     15      1      7     20     10      7     13     13     16     16     85     24     46     36     71     73     81     42     98     70     47    125     39     94     64     95     94    142     97     75    134     92     87     46     76     59     91     74     96     26     39     60     30     25     29     30     18      5     33     13     23     17      5     27      0     13      2      0      7     10     12      3      1      0      0      1      0      0      0      0      0      0      0      0      0      0      0      0
      0      0      0      0      1      0      0      0      0      0      0      0      4      1      2      0      0      0      0      2      7      0     13      9      0     19     27      9     23     20     16     71     16     32     10     50     72     60     75     55     61     33     68     54    100    135     57    121    101     80     72     66     63     90     54     88     52     53     71     78     42     70     38     31     64     75      3     31     22     30     13     22      8     13      5     12      2      2      2      1      1      0      0      0      0      0      1      0      0      0      0      0      0      0      0      0      0      0      0      0
      0      0      0      0      0      0      0      1      0      0      0      0      0      0      2     20      2      0      8      5     13      4      2      0      8     11      8      6     21     24     22     12     30     27     54     35     42     60     62     44     85     52    123     78     91     83     92     77     80     89     79     87    144     96     71     76     76     43     71     76     57     44     63     64     33     22     35     30     36     18     23     11     22     12     13     23     23      0     11      0      8      4      0      6      0      5      0      0      0      0      0      0      0      0      0      0      0      0      0      0
      0      0      0      0      0      0      0      0      0      6      8      0      0      0      0      0      2      2      8      0      7      0      0     10     13      5      9     24     15     23     16     34     26     37     44     45     32     34     63     92    124     40     50    121     61     72     69     61     78     73     82    136     87     60    117    111     42     79     65    125     69     59     24     50     68     61     44     72     32     42     16     13     17     31     31     21      6      0      5     12      0      4      0      0      0      0      2      0      7      0      0      1      0      0      0      0      0      0      0      0
      0      0      0      0      0      2      0      0      0      0      0      0      1      0      5      1      0      2      4     12      0      7      8      3      8      9     24      4     41     21     54     21     12     39     54     58     36     58     52     65     85    100     72     74    107     90     61     53    100     96     85     82     87    155     78     60     91     39     88     56     86     86     30     47     78     57     37     18     11     31     31     11      8     10      4     18     13      5      4      4      1     11      0      0      3      0      0      0      4      0      0      0      0      0      0      0      0      0      0      0
      0      0      0      0      0      0      0      0      0      0      0      0      0      3      2      1      8      4      0      0      0      6      1      6      0      1     14      2     25     14     27     12     53     42     29     65     19     38     58     54     81     79     57    123     75     87     84     92     67    105    121     85     63     55     64     34    100     63     31     76    106     47     32     41     21     52     40      5     21     32     23     14     10     20      4      2     14     12     10      4      0      5      0      0      3      0      4      4      0      3      0      0      0      0      0      0      0      0      0      0
      0      0      0      0      0      0      0      0      0      0      2      0      0      0      1      3     14     13      0      5      1      0      6      4     18      8     10     15     16     13     39     53     40     36     20     77     73     22     48     45    102     57     48     85     84     56     79     80     53    122     36     83     94     44     90     69     83     52     74     81     69     55     44     45     49     40     48     21     12     35     19     23     17     28     15      5      8      0     12      2      3      0      3      7      0      1      0      3      0      3      0      0      0      0      0      0      0      0      0      0
      0      0      0      0      0      0      0      0      0      0      0      0      0      0      0      0      2      0      0     33      0      0      0     10     31      9     29     21     13      1      8     17     20     35     34     28     50     45     53     44     50     24     68     38     53    101     96     73     95     57     76     94     65    103    113     85     96     54     57    103    105     24     45     12     41     32     48     32     40     34     42     30     17     13     13      2     18      1     17      6      0      1      3     11      0      1      0      0      2      0      0      0      0      0      0      0      0      0      0      0
      0      0      0      0      0      0      0      0      0      0      0      0     14      0      0     18      2      0      3      3      5      3      1     13      0      7      7      3      6     29     18     24     21     44     35     33     36     42     31     54     61     65     60    102     86     46     73     85     71     74    102    106     53    113     79     39     68     83     85     83     36     49     73     33     37     46     11     15      3     96     21      5     14      3      2      2     15      0     16      0      1      3      0      0      1      0      0      0      0      0      0      0      0      0      0      0      0      0      0      0
      0      0      0      0      0      0      0      0      0      0      4      0      0      0      0      0     27      0      0      0      1      2      2     17      5      0     10      2     14      8     10     10     20     53     43     20     23     83     37     84     36     31     41     55     69     88     58    114    111    101    104     67    118     88     43     90     43     41     55     50     78     33     46     67     48     25     20     36      9     73      0     19     14      7      0     23      3      1      4      3      2      0      0      3      0      0      4      0      4      0      4      1      0      0      0      0      0      0      0      0
      0      0      0      0      0      0      0      0      0      0      0      0      0      0      7      0      0      0      4      0     14      3      0      5      6     26      9      4     14     25     20     20      7     16     24     73     17     32     28     68     87     43     47     58     35     86     41     64     75     96     63     43     86     82     87     42     68     93     79     90     64     32     67     52      8     26     56     31     38      4     12      4      6     30      3     14     12      0      0      6      3      0      0      0      1      8      5      0      0      0      0      0      0      0      0      0      0      0      0      0
      0      0      0      0      0      0      0      0      0      0      0      0      0      0      0      0      0      0      3      1      0      0      5      0      5      0      7     11     17      5      9     14      8      5     37     76     16     14     41     29     89     41     40     28    115     75     38    114     41     48    102     46     65     86     47     46    111     36     32     35     48     16     80     40     15      5     32     21     16     10     36     32     16      6      0     27      8     14      5      2      0      2      1      0      0      0      0      0      0      0      0      1      0      0      0      0      0      0      1      0
      0      0      0      0      0      0      0      0      0      0      0      0      0      0      0      5      0      0      0      0      0     15      6      0      0     10      7      0      6      1     54     18     24     33     26      9     33     33     33     39     28     19     24     22     57     37     26     49     66     82     38     78     99     52     47     82     60     59     49     68     20     28     33     56     10     49     30     44     17     23     69      6      7      2     19     15     10      0      4      0      3      9      5      0      1      0      5      0      1      2      0      0      0      0      0      0      0      0      0      0
      0      0      0      0      0      0      0      0      0      1      0      0      0      0      0      0      0      0      0      3     10      6      0      0      4      1      1      6      7     12     13     28      6      8     12     30     58     28     18     28     31     70     66     70     15     56     52     42     36     42     68     62     42     47     55     54     40     39     18     70     39     30     14     34     47     15      4     34     21     15     19     11     16      0      6     11      0      0      5     11      0      0      6      0      0      0      0      4      0      0      0      0      0      0      0      0      0      0      0      0
      0      0      0      0      0      0      0      0      0      0      0      6      1      0      6      0      0      4      0      2      7      8      0      2     32      2      5      6      2      4     15     21      5     28     15     40     30     63     24     42     23     17     97     27     26     33     36     59     17     47     49     48     39     53     57     32     12     27     32     49     68     35     24     17     25     25     10     28     11      1      3     23     14      4      2      0      2      6      0      0      2      0      0      0      0      0      0      0      0      0      1      0      0      0      0      0      0      0      0      0
      0      0      0      0      0      0      0      0      0      0      0      0      0      0      0      0      0      0      0      2      1      0     13      4      5      1      4     16      3     31     32     27     36     11     36     51     24     29     22     20     39     41     25     22     27     57     16     47     44     37     42     57     41     37     56     54     40     51     24     25     36     41     38     37     15      9      8     21     19      9     17      7      2     16      2      1     12      0      4      6      2     10      2      0      0      0      3      0      0      9      0      0      0      0      0      0      0      0      0      0
      0      0      0      0      0      0      0      0      0      2      2      0      0      0      1      0      0      0      0      0      0      0      0      1      2     15     24      0      2     13     29     18     11     22     27     31     10     18     14     17     31     18     29     42     75     30     40     20     68     40     80     70     30     38     23     62     54     40     37     33      7     32      7     14     24     13     19     29     17     17      7     14      3      5      1      0      4      0      5      0      1      3      0      0      0      0      0      0      0      0      0      0      0      0      0      0      0      0      0      0
      0      0      0      0      5      0      0      0      0      0      0      0      0      0      0      0      0      0      0      0      0      0      2      4      6      5      0      4      4      3     17      6      1     23      5     27     22     38     18     32     22     30     41     48     45     59     72     52     46     29     54     38     35     33     56     12     21     45     14      4     72     24     35     15     41     12      5     20      5      0     12     16     25     11     21      0      7     12      2      0      0      0      1      0      0      1      0      1      0      0      0      0      0      0      0      0      0      0      0      0
      0      0      0      0      0      0      0      0      0      0      0      0      0      0      0      2      1      6      0      0      1      4      0      1      2      3      3     18      0      8      4     11     19     13      8     10     14     10     24     19     46     37     42     47     47     72     35     42     32     42     88     27     12     25     59      3     21     15     28     31     14      8     11     11     22     27     11     15     35      5     26     14      4      5      3      1      1      0      0      0      0      3     10      0      0      0      1      0      0      4      0      0      0      0      0      0      0      0      0      0
      0      0      0      0      0      0      0      0      0      0      0      0      0      0      0      0      0      0      4      0      1      4      7      0      0     48      5     18     11      0     28      0      8     10     13     20     22     15     21     14     23     14      6     37      8     33     28     29     47     12     27     31     27     32     16     21     21     15     55     22     39     19     14     27      6      6      7      4      2      5     14      5      3      6      5      0      7      0      5      1      0      0     13      0      0      0      0      0      0      0      0      0      0      0      0      0      0      0      0      0
      0      0      0      0      0      0      0      0      0      0      0      0      0      0      0      0      0      4      0      0      0      0      0      0      3     11      1      0     30      4      3     11     18     10     10     21     18      6     19     16     11     20      8     16     33     31     26     12      5     26     59     21     13     14     21     30     30     32     15     55     23     35      9     10     15     27     11     13      4      5      1      9      6      5      0     10      0     11      0      7      0      0      0      0      5      0      0      0      0      0      0      0      0      0      0      0      0      3      0      0
      0      0      0      0      0      0      0      0      0      0      0      0      0      0      0      2      0      0      0      0      0      2      0      8     12      0      1      0      8      8      0     13      5     18      4     20     13     21     34     18     11     26     14      6      1     11     16     47      6     19      5     29     30     25     15      6     38     25     25     17     15     14     15     21      9     12      8     29      8      4      0     11      0      0      0      3      0      2      0      0      0      4      0      0      0      0      0      1      0      0      0      0      0      0      0      0      0      0      0      0
      0      0      0      0      0      0      0      0      0      0      0      0      0      0      0      0      8      0      0      0      0      3      0      1      0      1      0      1      2      2      0      9      0      2      7      7     13      0      2     12     17     42     18     15      7     31     11      2     21     13     12     20      6     23     16     10     38     25      7      7     37      8     12     23      7     23     11     11     16      5      0      1      1      7      6     13      4      0      1      7      0      0      0      0      0      0      0      0      0      0      0      0      0      0      0      0      0      0      0      0
      0      0      0      0      0      0      0      0      0      0      0      0      0      0      4      2      0      0      0      0      0      0      5      5      0      0      0     15      0      0      6      8     17      6     12      2      4      4      2      8     16      4     11     12      9      9     15      5     27     35      6      6     13      5     13     12      6     10      5     13     22      4     14     22     19      1      7     12      1      1      7      4      0      0      9      0      0      0      0      1      7      0      0      0      1      0      0      0      0      0      0      0      0      0      0      0      0      0      0      0
      0      0      0      0      0      0      0      0      0      0      0      0      3      0      4      0      0      0      0      0      0      0      0      9      0      0      0     16      0      0      6     10      6      1      0      6      7      9      8      8      0     14      8     10     10      5     28      7     13      6     34     32      6      7     11      8     21     12      2      7      0      6     13      1      0      8      5      0      0      5      3      2      8      0      0      6      2      0      0      0      0      0      0      0      0      0      0      0      0      0      0      1      0      0      0      0      0      0      0      0
      0      0      0      0      0      0      0      0      0      0      0      0      0      0      0      0      0      0      0      0      0      0     26      0      0      0      0      1      5      2      4      0      0     13      7      5      8      1     10      6      9     18      9      4      9      3      3      5      9      7     17      5      4     23      7      9      2      5      6      5     12      1      9     16      0     11      1     13      4      2      0      0      3      5      4      0      0      0      0      0      0      1      0      4      0      0      0      0      4      0      0      0      0      0      0      0      0      0      0      0
      0      0      0      0      0      0      0      0      0      0      0      0      0      0      0      0      0      0      0      0      0      0      0      0      0      0      0      0      0      0      0      2      0      1      1      2      6      4      0      0      0     11     13     32      2      0      8      5      5      3      7     13      3      2      3     15     16      8      8      8      5     14     12      2      3      1      0      0      2      1     10      6      0      0      0      1      2      2      7      0      0      0      0      0      0      0      0      0      0      0      0      0      0      0      0      0      0      0      0      0
      0      0      0      0      0      0      0      0      0      0      0      0      0      0      0      0      0      0      0      0      0      0      0      5      0      2      3      0      4     11     11      1      0      1      0     16      1      0      5      0      6      4      7      0     23     10      9     20      1     17      7     16     19     11      2      3     17     10      2      2      0      0     16      2      4      8      4      1      2      0      0      2      1      4      0      0      8      0      0      0      0      0      0      0      0      0      0      0      0      0      0      0      0      0      0      0      0      0      0      0
      0      0      0      0      0      0      0      0      0      0      0      0      0      0      0      0      0      0      0      0      0      6      0      0      0      0      5      0      0      0      0     10      5      0      2      1      3      0      4      2     17     15      2      2      6     21      0     22     21      4      3     16     13      7     10     24      3      6      1      2      1     12      8      3      2      0      0      3      0      1      0      0      0      0      2      0      0      0      0      4      0      0      0      0      0      1      0      0      0      0      0      0      0      0      0      0      0      0      0      0
      0      0      0      0      0      0      0      0      0      0      0      0      0      0      0      0      0      0      1      0      0      1      0     17      0      0      3      0      0      0      0      2      0      4      0      0      3      1      0     16      4      0      2      8      9      3     16      2     17      7      4      5     14      0      7      0      3      0      3     10      0     13     17      0      3      8      0     15      0      5      0      2      6      0      0      4      0      0      0      0      0      0      0      0      0      0      0      0      0      0      0      0      0      0      0      0      0      0      0      0
      0      0      0      0      0      0      0      0      0      0      0      0      0      0      0      0      0      0      0      0      0      0      7      0      0      0      0      0      0      3      0      0      0      0      0      0      0      1      2      0     20      2      1      3     18      3      2     10     15      0      7      7      3      0      0      5      1     10      4      9      1      0      6      0      3      8     13      0      0      0      3      0      1      0      0      0      0      0      0      0      0      0      0      0      0      0      4      0      0      0      0      0      0      0      0      0      0      0      0      0
      0      0      0      0      0      0      0      0      0      0      0      0      0      0      0      0      0      0      0      0      0      0      0      0      6      0      0      0     10      0      0      0      0      0      3      0      0      0      4      2      0      5      7      5      0      7      0      4     10     14      3      4      1      2      2      1      1      0      3      0      3      5      6      5      0      2      1      0      0      4      1      4      0      0      0      0      0      6      0      0      0      0      0      0      0      0      0      0      0      0      0      0      0      0      0      0      0      0      0      0
      0      0      0      0      0      0      0      0      0      0      0      0      0      0      0      0      0      0      0      0      0      0      0      0      0      0      0      0      0      0      0      0      5      0      1      0      0     10      0      2      8      0      2      0      0      1      0     10      0      5      1     12      9      7      4      0      4      5      2      0      1      0      2      0      3      0      2      0      0      1      4      0      0      0      0      0      0      3      0      0      0      0      0      0      0      0      0      0      0      0      0      0      0      0      0      0      0      0      0      0
      0      0      0      0      0      0      0      0      0      0      0      0      0      0      0      0      0      0      1      0      0      0      1      0      0      0      0      1      0      0      1      1      0      0      0      0      2      1      0      1      0      0      2      1      4      8      1      0      1      1      0      4      2      0     19      4      0      0      0     11      0      2      0      0      0      0      4      0      2      0      0      0      0      1      0      1      0      0      0      0      0      0      0      0      0      0      0      0      0      0      0      0      0      0      0      0      0      0      0      0
      0      0      0      0      0      0      0      0      0      0      0      0      0      0      9      0      0      0      0      0      0      0      0      0      0      0      0      2      5      0      0      0      0      1      0      1      0      1      0      0      0      1      0      0      7      0      0      0      0      1      0      0      3      0      6      0      0      0      0      4      1      2      2      3      5      0      0      5      0      0      0      0      0      0      0      7      0      0      0      0      0      0      0      0      0      0      0      0      0      0      0      0      0      0      0      0      0      0      0      0
      0      0      0      0      0      0      0      0      0      0      0      0      0      0      0      0      0      0      0      0      0      0      0      0      0      0      0      0      0      0      0      0      0      0      0      0      0      0      0      0      0      0      0      0      0      0      0      2      0      0      0      5      0      0      0      0      0      0      0      0     11      2      0      0      0      0      0     12      0      0      0      0      0      0      0      4      0      0      0      0      0      0      0      0      0      0      0      0      0      0      0      0      0      0      0      0      0      0      0      0
      0      0      0      0      0      0      0      0      0      0      0      0      0      0      0      0      0      0      0      0      0      0      1      0      0      0      0      0      0      0      0      0      0      0      1      0      0      0      0      0      0      0      6      0      1      0      0      2      0      5      5     13      0      5      6      0      0      0      0      0      0      0      0      0      7      0      0      0      0      0      0      0      0      0      0      0      0      0      0      0      0      0      0      0      0      0      0      0      0      0      0      0      0      0      0      0      0      0      0      0
      0      0      0      0      0      0      0      0      0      0      0      0      0      0      0      0      0      0      0      0      0      0      0      0      0      0      0      0      0      0      1      0      0      0      0      2      0      1      0      1      0      0      2      0      0      0      0      0      0      0      0      0      0      0      0      4      5      0      0      0      0      0      2      2      3      3      0      0      0      0      0      0      4      0      0      0      0      2      0      0      0      0      0      0      0      0      0      0      0      0      0      0      0      0      0      0      0      0      0      0
      0      0      0      0      0      0      0      0      0      0      0      0      0      0      0      0      0      0      0      0      0      0      0      0      0      0      0      0      0      0      0      0      0      0      0      0      1      0      0      4      0      0      0      1      0      0      0      0      4      0      0      0      0      0      1      0      0      0      0      0      0      0      0      4      0      0      0      0      0      0      0      0      0      0      0      0      0      0      0      0      0      0      0      0      0      0      0      0      0      0      0      0      0      0      0      0      0      0      0      0
      0      0      0      0      0      0      0      0      0      0      0      0      0      0      0      0      0      0      0      0      0      0      0      0      0      0      0      0      0      0      0      0      0      0      0      0      0      0      0      0      0      0      0      4      0      0      0      0      2      0      0      3      0      0      0      2      0      0      0      0      0      0      0      0      0      0      0     11      0      0      0      0      0      0      0      0      2      0      0      0      0      0      0      0      0      0      0      0      0      0      0      0      0      0      0      0      0      0      0      0
      0      0      0      0      0      0      0      0      0      0      0      0      0      0      0      0      0      0      0      0      0      0      0      0      0      0      0      0      0      0      0      0      0      0      0      0      0      0      0      0      0      1      0      1      0      0      3      0      0      0      0      2      0      0      0      0      0      0      0      0      0      2      0      0      0      0      0      0      0      0      0      0      0      0      0      0      0      0      0      0      0      0      0      0      0      0      0      0      0      0      0      0      0      0      0      0      0      0      0      0
      0      0      0      0      0      0      0      0      0      0      0      0      0      0      0      0      0      0      0      0      0      0      0      0      0      0      0      0      0      0      0      0      0      0      0      0      0      0      0      0      0      0      0      0      0      0      0      0      0      0      3      0      0      0      0      0      0      0      0      0      0      0      0      0      0      0      0      0      0      0      0      0      0      0      0      0      0      0      0      0      0      0      0      0      0      0      0      0      0      0      0      0      0      0      0      0      0      0      0      0
      0      0      0      0      0      0      0      0      0      0      0      0      0      0      0      0      0      0      0      0      0      0      0      0      0      0      0      0      0      0      0      0      0      0      0      0      2      0      0      0      0      0      0      0      0      0      0      0      0      0      0      0      0      0      0      6      2      0      0     22      0      0      0      0      0      0      0      0      0      0      0      0      3      1      0      0      0      0      0      0      0      0      0      0      0      0      0      0      0      0      0      0      0      0      0      0      0      0      0      0
      0      0      0      0      0      0      0      0      0      0      0      0      0      0      0      0      0      0      0      0      0      0      0      0      0      0      0      0      0      0      0      0      0      0      0      0      0      0      0      0      0      0      0      0      4      0      0      0      0      0      0      0      0      0      0      0      1      0      0      0      0      0      0      0      0      0      0      0      0      0      0      0      0      0      0      0      0      0      0      0      0      0      0      0      0      0      0      0      0      0      0      0      0      0      0      0      0      0      0      0
      0      0      0      0      0      0      0      0      0      0      0      0      0      0      0      0      0      0      0      0      0      0      0      0      0      0      0      0      0      0      0      0      0      0      0      0      0      0      0      0      0      0      2      0      0      0      0      0     19      0      0      0      0      0      0      0      0      0      0      0      0      0      0      0      0      0      0      0      0      0      0      0      0      0      0      0      0      0      0      0      0      0      0      0      0      0      0      0      0      0      0      0      0      0      0      0      0      0      0      0
      0      0      0      0      0      0      0      0      0      0      0      0      0      0      0      0      0      0      0      0      0      0      0      0      0      0      0      0      0      0      0      0      0      0      0      0      0      0      0      0      0      0      0      1      0      0      0      0      0      0      0      0      0      0      0      0      0      0      0      0      0      0      0      0      0      0      0      0      0      0      0      0      0      0      0      0      0      0      0      0      0      0      0      0      0      0      0      0      0      0      0      0      0      0      0      0      0      0      0      0
      0      0      0      0      0      0      0      0      0      0      0      0      0      0      0      0      0      0      0      0      0      0      0      0      0      0      0      0      0      0      0      0      0      0      0      0      0      0      0      0      0      0      0      0      0      0      0      0      0      0      0      0      2      0      0      0      0      0      0      0      0      0      0      0      0      0      0      0      0      0      0      0      0      2      0      0      0      0      0      0      0      0      0      0      0      0      0      0      0      0      0      0      0      0      0      0      0      0      0      0
      0      0      0      0      0      0      0      0      0      0      0      0      0      0      0      0      0      0      0      0      0      0      0      0      0      0      0      0      0      0      0      0      0      0      0      0      0      0      0      0      0      1      0      0      0      0      0      0      0      0      0      0      0      0      0      0      0      0      0      0      0      0      0      0      0      0      0      0      0      0      0      0      0      0      0      0      0      0      0      0      0      0      0      0      0      0      0      0      0      0      0      0      0      0      0      0      0      0      0      0
      0      0      0      0      0      0      0      0      0      0      0      0      0      0      0      0      0      0      0      0      0      0      0      0      0      0      0      0      0      0      0      0      0      0      0      0      0      0      0      0      0      0      0      0      0      0      0      0      0      0      0      0      0      0      0      0      2      0      0      0      0      0      0      0      0      0      0      0      0      0      0      0      0      0      0      0      0      0      0      0      0      0      0      0      0      0      0      0      0      0      0      0      0      0      0      0      0      0      0      0
      0      0      0      0      0      0      0      0      0      0      0      0      0      0      0      0      0      0      0      0      0      0      0      0      0      0      0      0      0      0      0      0      0      0      0      0      0      0      0      0      0      0      0      0      0      0      0      0      0      0      0      0      0      0      0      0      0      0      0      0      0      0      0      0      0      0      0      0      0      0      0      0      0      0      0      0      0      0      0      0      0      0      0      0      0      0      0      0      0      0      0      0      0      0      0      0      0      0      0      0
      0      0      0      0      0      0      0      0      0      0      0      0      0      0      0      0      0      0      0      0      0      0      0      0      0      0      0      0      0      0      0      0      0      0      0      0      0      0      0      0      0      0      0      0      0      0      0      0      0      0      0      0      0      0      0      0      0      0      0      0      0      0      0      0      0      0      0      0      0      0      0      0      0      0      0      0      0      0      0      0      0      0      0      0      0      0      0      0      0      0      0      0      0      0      0      0      0      0      0      0
