\ 
\ Covariance Function Histogram Table
\ 
\ X Parameter: Effective Temperature
\ X Abbrev   : Teff
\ X Units    : K
\ X Items    : 100         
\ 
\ Y Parameter: e sine omega
\ Y Abbrev   : esinw
\ Y Units    : none
\ Y Items    : 100         
\ 
|col000|col001|col002|col003|col004|col005|col006|col007|col008|col009|col010|col011|col012|col013|col014|col015|col016|col017|col018|col019|col020|col021|col022|col023|col024|col025|col026|col027|col028|col029|col030|col031|col032|col033|col034|col035|col036|col037|col038|col039|col040|col041|col042|col043|col044|col045|col046|col047|col048|col049|col050|col051|col052|col053|col054|col055|col056|col057|col058|col059|col060|col061|col062|col063|col064|col065|col066|col067|col068|col069|col070|col071|col072|col073|col074|col075|col076|col077|col078|col079|col080|col081|col082|col083|col084|col085|col086|col087|col088|col089|col090|col091|col092|col093|col094|col095|col096|col097|col098|col099|
|int   |int   |int   |int   |int   |int   |int   |int   |int   |int   |int   |int   |int   |int   |int   |int   |int   |int   |int   |int   |int   |int   |int   |int   |int   |int   |int   |int   |int   |int   |int   |int   |int   |int   |int   |int   |int   |int   |int   |int   |int   |int   |int   |int   |int   |int   |int   |int   |int   |int   |int   |int   |int   |int   |int   |int   |int   |int   |int   |int   |int   |int   |int   |int   |int   |int   |int   |int   |int   |int   |int   |int   |int   |int   |int   |int   |int   |int   |int   |int   |int   |int   |int   |int   |int   |int   |int   |int   |int   |int   |int   |int   |int   |int   |int   |int   |int   |int   |int   |int   |
      0      0      0      0      0      0      0      0      0      0      0      0      0      0      0      0      0      0      0      0      0      0      0      0      0      0      0      0      0      0      0      0      0      0      0      0      0      0      0      0      0      0      0      0      0      0      0      0      0      0      0      0      0      0      0      0      0      0      0      0      0      0      0      0      0      0      0      0      0      0      0      0      0      0      0      0      0      0      0      0      0      0      0      0      0      0      0      0      0      0      0      0      0      0      0      0      0      0      0      0
      0      0      0      0      0      0      0      0      0      0      0      0      0      0      0      0      0      0      0      0      0      0      0      0      0      0      0      0      0      0      0      0      0      0      0      0      0      0      0      0      0      2      0      0      0      0      0      0      0      0      0      0      0      0      0      6      0      0      0      0      0      0      0      0      0      0      0      0      0      0      0      0      0      0      0      0      0      0      0      0      0      0      0      0      0      0      0      0      0      0      0      0      0      0      0      0      0      0      0      0
      0      0      0      0      0      0      0      0      0      0      0      0      0      0      0      0      0      0      0      0      0      0      0      0      0      0      0      0      0      0      0      0      0      0      0      0      0      0      0      0      0      0      0      0      0      0      0      0      0      0      0      0      0      0      0      0      0      0      0      0      0      0      0      0      1      0      0      0      0      0      0      0      0      0      0      0      0      0      0      0      0      0      0      0      0      0      0      0      0      0      0      0      0      0      0      0      0      0      0      0
      0      0      0      0      0      0      0      0      0      0      0      0      0      0      0      0      0      0      0      0      0      0      0      0      0      0      0      0      0      0      0      0      0      0      1      0      0      0      0      0      0      0      0      0      0      0      0      0      0      0      0      0      0      0      0      0      0      0      0      0      0      0      0      0      0      0      0      0      0      0      0      0      0      0      0      0      0      0      0      0      0      0      0      0      0      0      0      0      0      0      0      0      0      0      0      0      0      0      0      0
      0      0      0      0      0      0      0      0      0      0      0      0      0      0      0      0      0      0      0      0      0      0      0      0      0      0      0      0      0      0      0      5      0      0      0      0      0      0      0      0      0      0      0      0      0      0      0      0      0      0      0      0      0      0      0      0      0      0      0      0      0      0      0      2      0      0      0      0      0      0      0      0      0      0      0      0      0      0      0      0      0      0      0      0      0      0      0      0      0      0      0      0      0      0      0      0      0      0      0      0
      0      0      0      0      0      0      0      0      0      0      0      0      0      0      0      0      0      0      0      0      0      0      0      0      0      0      0      0      0      0      0      0      0      0      0      0      0      0      0      0      0      0      0      1      0      0      0      0      0      0      0      2      0      0      0      0      8      0      0      0      0      0      0      0      0      0      0      0      0      0      0      0      0      0      0      0      0      0      0      0      0      0      0      0      0      0      0      0      0      0      0      0      0      0      0      0      0      0      0      0
      0      0      0      0      0      0      0      0      0      0      0      0      0      0      0      0      0      0      0      0      0      0      0      0      0      0      0      3      0      0      0      0     11      0      0      0      0      0      0      0      0      0      0      0      0      0      0      0      0      0      0      0      0      0      0      0      0      0      0      0      0      0      0      3      0      0      0      0      0      0      0      0      0      0      0      0      0      0      0      0      0      0      0      0      0      0      0      0      0      0      0      0      0      0      0      0      0      0      0      0
      0      0      0      0      0      0      0      0      0      0      0      0      0      0      0      0      0      0      0      0      1      0      0      0      0      0      0      0      0      0      0      0      0      0      0      0      0      0      0      0      0      0      0      0      0      0      0      0      0      0      0      0      1      0      0      0      0      0      0      0      0      0      0      0      0      0      0      0      0      0      0      0      0      0      0      0      0      0      0      0      0      0      0      0      0      0      0      0      0      0      0      0      0      0      0      0      0      0      0      0
      0      0      0      0      0      0      0      0      0      0      0      0      0      0      0      0      0      0      0      0      0      0      8      0      1      0      0      0      0      0      0      0      0      0      0      0      0      0      0      0      0      0      0      1      2      0      0      0      0      0      0      0      1      0      0      0      0      0      0      0      0      0      0      0      0      2      0      0      1      0      0      0      0      0      0      0      0      0      0      0      0      0      0      0      0      0      0      0      0      0      0      0      0      0      0      0      0      0      0      0
      0      0      0      0      0      0      0      0      0      0      0      0      0      0      0      0      0      0      0      0      0      0      0      0      0      0      0      0      0      0      0      0      0      0      0      0      0      0      0      0      0      0      0      0      7      3      0      0      0      0      0      7      0      0      0      0     12      0      0      0      0      0      0      0      0      0      0      0      1      0      0      3      0      0      0      0      0      0      0      0      0      0      0      0      0      0      0      0      0      0      0      0      0      0      0      0      0      0      0      0
      0      0      0      0      0      0      0      0      0      0      0      0      0      0      0      0      0      0      0      0      0      0      0      0      0      0      0      0      0      0      0      0      0      0      0      0      0      0      0      0      0      0      0      0      0      3      3      0      0      0      0      1      0      0      1      0      0      0      0      0      0      0      0      0      0      0      3      0      0      0      0      0      0      0      0      0      0      0      0      0      0      0      5      0      0      0      0      0      0      0      0      0      0      0      0      0      0      0      0      0
      0      0      0      0      0      0      0      0      0      0      0      0      0      0      0      0      0      0      0      0      0      0      0      0      0      0      0      0      0      0      0      0      0      0      0      0      0      0      0      0      2      0      1      0      0      0      0      0      1      0      0      0      0      0      0      0      0      0      0      6      0      0      0      0      0      0      0      0      0      0      0      0      0      0      0      0      0      0      0      0      0      0      0      0      0      0      0      0      0      0      0      0      0      0      0      0      0      0      0      0
      0      0      0      0      0      0      0      0      0      0      0      0      0      0      0      0      0      0      0      0      0      0      0      0      0      0      0      0      0      0      0      0      0      0      2      0      0      7      0      0      0      0      0      5      0      0      8      0      1      0      0      2      0     21      8      1      7      5      0      0      0      6      0      0      0      0      0      0      0      0      0      0      1      0      0      0      0      0      0      5      0      0      0      0      0      0      0      0      0      0      0      0      0      0      0      0      0      0      0      0
      0      0      0      0      0      0      0      0      0      0      0      0      0      0      0      0      0      0      0      0      0      0      0      0      0      0      0      0      0      0      0      0      0      1      0      0      2      0      0      4      0      0      0      0      2      1      0      0      0      0      0      0      0      0      0      0      0      1      1      0      0      0      0      5     10      0      0      0      0      0      0      3      0      0      0      0      0      0      0      0      0      0      0      0      0      0      0      0      0      0      0      0      0      0      0      0      0      0      0      0
      0      0      0      0      0      0      0      0      0      0      0      0      0      0      0      0      0      0      0      0      0      0      0      0      0      0      0      0      0      0      3      0      0      0      0      0      0      0      0      0      5      1      0      4      0      0     18      0      0      0      0      0      0      0      0      2      0      0      0      0      0      0      6      0      0      5      0      2      0      0      0      5      0      0      0      0      0      0      0      0      0      0      0      0      0      0      0      0      0      0      0      0      0      0      0      0      0      0      0      0
      0      0      0      0      0      0      0      0      0      0      0      0      0      0      0      0      0      0      0      0      0      0      0      0      0      0      0      0      0      0      0      0      0      3      0      0     14      0      0      0      0      0      0      0      0      0      0      0      0      6      2      2      0      0      5      2      9      0      9      0      0      0      0      0      3      0      0      0      6      4      0      0      0      0      0      0      0      0      0      0      0      0      0      0      0      0      0      0      0      0      0      0      0      0      0      0      0      0      0      0
      0      0      0      0      0      0      0      0      0      0      0      0      0      0      0      0      0      0      1      0      0      0      0      0      0      0      0      0      0      0      0      0      4      0      0      0      4      0      0      0      0      3      0      0      0      0      0      5      5      9      0      6      0      3      5      0      0      5      2      0      0      4      0      0      1      0      0      0      0      0      0      1      0      0      0      0      0      0      0      0      0      0      0      3      0      0      0      0      0      0      0      1      0      0      0      0      0      0      0      0
      0      0      0      0      0      0      0      0      0      0      0      0      0      0      0      0      0      0      9      0      0      0      0      0      0      0      0      0      8      0      0      0      4      1      3      0      0      5      0      1      2      0      6      0      4      1      0     14      6     11      0      0     19      6      0      2      1     19      1      5      1      0      0      1      0      0      0      0      0      0      0      0      0      7      0      0      0      0      0      0      0      0      0      0      0      0      0      0      0      0      0      0      0      0      0      0      0      0      0      0
      0      0      0      0      0      0      0      0      0      0      0      0      0      0      0      0      0      0      0      0      0      0      0      0      0      0      6      0      0      0      0      0      0      0      0     10      0      0      0      0      0      7      0      8      7      0      0      0      0      0      1      1      7      0      4      2      1      1      0      7      5      0      0      0     11      0     14      0      0      0      1      0      3      2      0      0      0      0      0      0      0      0      0      0      0      0      0      0      0      0      0      0      0      0      0      0      0      0      0      0
      0      0      0      0      0      0      0      0      0      0      0      0      0      0      0      1      0      0      0      0      0      0      0      0      0      0      0      0      0      2      0      0      1     16      0      4      1      6      0      6      9      0      2      1      3      7      3      0     14      7      6      7      4      1      9      2      2      1      3      0      4      3      1      0      0      3      8      0      0      0      0      0      0      4      2      0      0      1      0      0      0      0      0      0      0      0      0      0      0      0      0      0      0      0      0      0      0      0      0      0
      0      0      0      0      0      0      0      0      0      0      0      0      0      0      0      0      0      0      0      0      0      0      1      0      0      0      0      0      7      0      2     10      5      0      3      6      0     19      7      0      0      6      2      0      3      2      5      0      3      8      2      5      7      0      5      4      8      0      0      5      6      0      6      0      3      0      0      1      2      0      1      0      0      0      0      0      0      0      0      0      0      0      0      0      0      0      0      0      0      0      0      0      0      0      0      0      0      0      0      0
      0      0      0      0      0      0      0      0      0      0      0      0      0      0      0      0      0      0      0      0      0      0      0      0      0      0      7      4      2      0      6      0      2      3      1      2      9      0      0      1     14     17      4      8      7     12      8     13      5      9      6     16      6      1      3      5      5      7      9      0      8     14      4      3      1      0      0      4      5     15      2      0      0      0      0      0      0      0      0      0      0      1      0      0      0      0      0      0      0      0      0      0      0      0      0      0      0      0      0      0
      0      0      0      0      0      0      0      0      0      0      0      0      0      0      0      6      0      0      0      0      0      0      0      0      0      0      0      0      0      0      0      0      1      2      9      4      3     12      2     10      9      5     11      1      2     11      7      0      4      0     13      3     20      0     11     11      2      7     12      4     13      7      5      5      0      0      3      0      0      0      4      0      0      5      0      0      0      0      0      0      0      4      0      0      0      0      0      0      0      0      0      0      0      0      0      0      0      0      0      0
      0      0      0      0      0      0      0      0      0      0      0      0      3      0      0      0      0      0      0      0      0      0      3      0      0      0      0      0      0      5      0      0      1      1      0      1      0      0      2      7      6      6     16     13      6      3      6     11      7      8     33      2      9      2      3      8     11      8      0     17     15      5      0     10      2      8      1      0      0      0      0      1      9      0      4      0      5      3      0      0      0      0      0      0      0      0      0      0      0      0      0      0      0      0      0      0      0      0      0      0
      0      0      0      0      0      0      0      0      0      0      0      0      0      0      2      0      0      0      0      0      2      0      0      0      0      0      0      0      6     10      4      3      4      7      8      2      1      2      5      5      5      0      3     11      7      4      3      7      4     18      4     32     12     12     38      6      6      5      5     23      7      2      6     17      0      8      0      0      0      3     13      0      0      0      1      0      0      0      0      0      0      0      0      0      0      0      0      0      0      0      0      2      0      0      0      0      0      0      0      0
      0      0      0      0      0      0      0      0      0      0      0      0      0      0      0      0      0      0      0      0      0      0      0      0      0      0      0      3     10      0      2      0      4      4     10      2      2      9      3      2      3     10      2      6     14      0      8      5      6      2      9     23      2      9     15      4     13     22      6     21      5      5      5      3     15      2     10      9      9      4      3      8      0      1      0      0      0      0      0      0      0      0      0      0      0      0      0      0      0      0      0      0      0      0      0      0      0      0      0      0
      0      0      0      0      0      0      0      0      0      0      0      0      0      0      0      2      0      0      0      0      1      0      2      1      3      3      0      8      2      0      5      0     24     47      8      5      0      2     13      2     14      9      8      2     10     24     30     10     14     19     10     24     18      8     13     10      5      8      2     13      1     13      2     22      1      7      9      0     15     13     14      0      0      0      0      2      1      0      0      4      0      0      0      0      0      0      0      0      0      0      0      0      0      0      0      0      0      0      0      0
      0      0      0      0      0      0      0      0      0      0      0      0      0      0      0      0      0      0      4      0      1      0      0      0      4      6      0      1      2     14      0      0      4      6     19      7      3      0     10      8     24      0      8     10     16     25     13     24     29     25     14     55     24     36     21     19     16     28      5      4     27     13      3     12      7      0      7     18      6      0     12      4      6      0      0      0      2      0      0      0      0      0      0      0      0      0      0      0      0      0      0      0      0      0      0      0      0      0      0      0
      0      0      0      0      0      0      0      0      0      0      0      0      0      0      2      0      0      0      0      0      0      3      0      0      3      0      0      7      3     16      3      1      6      8      3     11     20     13     23     24      6     22     14      3     44     12      8     13     49     13     35     17     26     18     31     17     19     39     14      0     17     22      3      4      0      1      4     12      2     14      7      1     10      0      0      0      0      0      0      0      0      0      0      0      4      0      0      0      0      0      0      0      0      0      0      0      0      0      0      0
      0      0      0      0      0      0      0      0      0      0      0      0      0      0      0      1      3      0      0      0      0      3      0      0     10      7     13      0      3     11      5      4     10     11      6     17      2     30     13     13     12     17     31     30      0     18      1     38     23     14     14     19     35     43     21     15     30      8      8     43      5      5      5      5      9      8      2      5     40      4      5      0      0      0      0      4      0      3      0      0      0      0      0      0      0      0      0      0      0      0      0      0      0      0      0      0      0      0      0      0
      0      0      0      0      0      0      4      0      0      0      0      0      0      0      0      0      0      0      0      0      1      4      7      0      0      0      6      3      1      0     11     14     18     32     12     14     19     10     15     23     27     14     15     25     18     38     21     23      5     37     30     20      4     24     33     30     16     15     38     18      1      2     23     16      5      6     19      3     19     18      1     13      9      4      0      0      0      5      0      0      0      0      0      0      0      0      0      0      0      1      0      0      0      0      0      0      0      0      0      0
      0      0      0      0      0      0      0      0      0      0      0      0      0      0      0      0      0      0      2      0      0      0      0      0      0      1      0      0     16      0      7      3      5      6     17     33     10     15     29     17      8     27      0     11     18     16     25     44     42     40     39     20     42     63     44     35     38     24     23     32     31      2     13     22      0     11      3      3      1     11      1     11     11      8     15      0      0      0      3      2      0      0      0      0      0      0      0      0      0      0      0      0      0      0      0      0      0      0      0      0
      0      0      0      0      0      0      0      2      0      0      3      0      0      0      0      2      0      6      2      0      0      0      4      6      2      6      0      5      5      0      4     14     22      6      9     24     15      5     26     19     28     22     54     31     47      6     16     50     19     21     60     35     37     35     26     38     38     55     22     73     14     10     14      5     21      7     23      2      6     12      6     15      7      2      0      0      4      2      1      0      1      0      0      3      0      1      0      0      0      0      0      0      0      0      0      0      0      0      0      0
      0      0      0      0      0      0      0      0      0      0      0      0      0      8      0      3      0      0      1      0      0      4      4      6      3      6      9      4      5     10     20     13      4     24      6     20     18     27     51     28     12     31     33     47     35     21     33     32     33     27     42     46     30     17     40     18     29     57     24     15     24     21     22     52     12     16     15     12      4     13      4      8      4      8      0      0      0      3      0      0      6      0      0      0      0      0      0      0      7      0      0      0      0      0      0      0      0      0      0      0
      0      0      0      0      0      0      0      0      0      0      0      0      5     11      8      0      0      0      0     14      0     10      5     10      0      0      5      4      8     10     15      7     18     27     15      8     40     26     81     25     31     18     31     58     28     17     31     46     50     41     46     28     42     40     20     31     19     24     12      5     22     37     18     25     30      4     16     43      7     14      8      0      6      2      1      2      0      2      0      0      0      0      0      0      0      0      0      0      0      0      0      0      0      0      0      1      0      0      0      0
      0      0      0      0      0      0      1      0      0      0      0      0      0      0      0      0      4      5      0      2     25     16      9      0      9     17      2     19      0     11     21      9     51      7     59     24     37     39     15     34     40     22     54     41     31     41     19     53     31     37     60     54     57     37     58     43     20     37     69     16     21      6     36     38     15      2     21     11      3     34      0      2      0     10      3      6      9      0      3      0     24      4      0      0      0      0      0      0      0      0      0      0      0      0      0      0      0      0      0      0
      0      0      0      3      0      0      0      0      0      0      2      0      0      1      0      0      4      3      0      1      0      0      4      8     36     14      9      6      8     19     23      7     19     57     18     29     23     12     56     21     45     52     39     64     26    118     83     61     53     26     43     52     66     41     26     34     20     34     22     21     37     31     11      8     11     15     27     23      4      5      7     11     11     11      0      1      6      0      0      9      0     11      0      0      6      0      0      0      0      0      0      0      0      0      0      0      0      0      0      0
      0      0      0      0      0      0      0      0      2      0      0      0      0      0      0      3      0      8      1      0      7     14      0      9      7      0      0      4     13     17     39     21      9     52      6     52     25     56     45     48     35     14     11     28     25     26     37     59     73     54     42     79     46     63     56     50     77     40     31     34      9     26     36     12      6     22     13     24     29     20     16      1      1      5     11      6     14      0      1      9      3      0      0      2      0      0      3      0      0      0      0      0      0      0      0      0      0      0      0      0
      0      0      0      0      0      0      0      0      0      3      0      0      1      0      0      0      0      4     25      2      2      5      0      9      3      3     18     16      2      2     16      4     18     29     42     21     20     25     44     24     31     24     31     50     76     48     71     26     87     76     69     59     53     48     62     37     51     81     28     31     15     22     43     25     20     10     11     18      9      0      8      7      8      5      8      1      0      2      0      0      0      0      1      3      1      3      0      2      0      0      0      0      0      0      0      0      0      0      0      0
      0      0      0      0      0      0      2      0      0      0      0      0      0      0      6      0      1      0      3      1      2      0      0      2     24      2      7     22     17     20     24      1     13     30     27     37     19     29     61     67     64     66     83     70     58     80     73     58     27     55     65     40     34     51     23     59     38     28     31      8     49     46     18     35     46     19     25     22     63     13     12      1      8     15     24      3      1      0      0     16      0      1      1      2      0      0      0      0      1      0      0      0      0      0      0      0      0      0      0      0
      0      0      0      0      0      0      0      0      3      0      0      0      0      1      0      0      0      0      0      7      0      6      4      4     17      8      2     22     13     16      6     12     12      8     33     15     59     58     57     46     32     64     42     55     92     52     60     52     34     63     85     64     64     60     66     52     50     27     44     41      9     30     31     26     48     26      6     56     16     50     17      6      5      2     15     29     16      5      0      0      1      0      4      0      0      0      0      0      0      0      0      0      0      0      0      0      0      0      0      0
      0      0      0      0      0      0      0      0      0      0      0      1      0      3      1      0      0     15      0      0      9      6      0      1     10     21     27      2     21     13     27     46     18     41      4      6     44     31     45     36     69     66     96     93     38     88     81    103    102     72     83     90    132     89     45     55     81     48     61     36     33     17     29     14      9     41     41     45     16      8     30      3      5      6     12      8      0      0      0      3      0      0     11      0      0      0      0      0      0      0      0      0      2      0      4      0      0      0      0      0
      0      0      0      0      0      0      0      0      0      0      0      0      0      0      0      0      1      0      4      5     11      3      6      3     23      7     42      3     47     12     17     19     17     24     27     43     10     50     48     46     55     74    132     74     68     50     66     51     84    103     64     75     66     87     78     47     84     41     69     44     47     65     65      3     34     49     46     37     32     28     38      1      2      7      4      5      7      3     16      0      3      0      0      5      0      0      0      6     10      0      0      0      0      0      0      0      0      0      0      0
      0      0      0      0      0      0      0      0      0      0      0      0      0      0      0      0      0      0      0      0     22      1      4      5     16      1     34     37     31     12     33     28     41     43     44     39     19     55     76     44     44     80     57     53     76     69     59     75     52     44     48     67     87     58     84     89     54    107     29     55     47     13     54     19     15     43     31     74     34     47     10     12     26     14     32     10     16      5     13     22      0      0      2      3      0      0      0      0      0      0      0      0      0      4      0      0      0      0      0      0
      0      0      0      0      0      0      0      0      0      0      0      0      0      5      0      0      0      3      0      1      0      7      1      6      2      2      9     13     48     20     15     33     22     35     71     86     38     46     51    101     71     90     79     33     81     90     94     49    106     45     86     59     74     88    107     76     45     49     61     59     46     54     76     51     40     88      9     37     76      3      7     14     36      0     11      4      0     17      1      9      4     10      0      2      0      0      0      0      0      0      0      0      0      0      0      0      0      0      0      0
      1      0      0      0      0      0      1      0      0      0      0      6      0     15      0      5      0      1     35     10     12      2     10     16      0     16     11     20      3     27     18     31     29     35     78     58     32     44     40     49     41    114     75     73     74     68    101     66    105     69     63     63     96     46    110     87     47     34     99     93     68     53     68     44     30     12      6     43     10     15      4     12      6     21     13      2      3      1      2      3      8      0      0      0      0      0      0      0      0      0      0      0      3      0      0      0      0      0      0      0
      0      0      0      0      0      0      1      0      0      1      1      0      0      0      0      1     18      2      5     21      1      7      9     17      6     12     39      4     23     38     28     48     55     41     44     44     56     53     56     44     57     59     56     51     32     46    143     57     74     97     73     98     92     98     76     96     68     34     79     64     27     59     38     46     14     79     54     25     22     21     27     17     16      0     25     21     10      0      6      8      1      0      0      3      3      0      0      0      0      1      0      0      0      0      0      0      0      0      0      0
      0      0      0      0      0      0      0      2      0      7      0      0      0      2      0      0      4      5      0      2      2      2      1     32     37      5     24     29      6     21     30     22     40     58     13     40     69     44     65     53     43     70    137    125    153     84     78     62     81     46     83     91     89     98     64     84    112    119     93     70     29     49     67     29     21     59     41     28     20     18     13      3     13      2      7     12      2      6      7      5      0      1      0      0      0      0      0      0      0      0      0      0      0      0      0      0      0      0      0      0
      0      0      0      0      0      0      0      0      0      0      1      0      4      8      0      0      9      5      3      2      3      4     15      7     26     15     13     20     17     33     48     64     70     24     24     59     78     58     54     93     79     84     75     75     87     61     55    122     60     60     97    126     91     56     87     86     54     64     69     52     52     54     74     35     31     32     48     62     22     13     31     28      4     14     21      6      6      3      6      9      1      7      1      2      0      0      0      0      0      0      0      0      0      0      0      0      0      0      0      0
      0      0      0      0      0      0      4      0      0      0      0      0      2      0      1      1      2      0      5      3      7      7      4      1      2     36     13     10     31     48     33     27     25     45     51     48     46     39     14    119     83     49     61     63    111    111    150    129     94     86     84     88     80     96     78     68     46    105     39     39     61     42     70     75     40     35     37     29     23      0     10     45      6     40      1      5      9      0      0      0      3      0      0     19      1      2      0      0      0      0      0      0      0      0      0      0      0      0      0      0
      0      0      0      0      0      0      0      0      0      0      0      1      0      0      4      0      2     10      1      7     13      1     17      4      4      9     31     31     39     35      6     38     51     16     26     15     60     59     46     54     82     48     53     82    108    160     89     47     71     48     58     93     87     61     61     90     38    131     70     69     25     22     46     62     27     18     40     34     24      6      9     23     15     20      6     22     23      8      0      0      6      6      5      6      0      0      0      0      0      0      0      0      0      0      0      0      0      0      0      0
      0      0      0      0      0      0      0      5      0      0      0      0      0      1      0      0      0      2     13      0      2     15     10      8      7     17     36      9     22     45     16     73     35     45     32     37     66     72     75     54     71     88     53    133     55     80     66     88     33     84    100     85     88     94     52     60     83     54     79     81     80     74     40     44     62     26     43     34      7     19     19     11     20     24      1     16      1      2      3      0      0      0      5      0      0      0      0      0      0      0      0      0      0      0      0      0      0      0      0      0
      0      0      0      0      0      0      0      0      0      0      2      0      0      2      0      9      0      0      0      4      2      4     12     14     17     36     21     18     35     17     21     26      7     56     28     61     25    114     42     46     77     95    115     59    129     73    127     81    109     88    147     55    106     90     78     76     56     40     54     42     67     51     32     65     71     39     56     38     11     19      8     21     11     12     18      4     19      4      0     12      0      4     11      0      6      0      0      0      0      0      0      0      0      0      0      0      0      0      0      0
      0      0      0      3      0      0      0      0      0      0      0      0      0      0      6      2      1     11      0      7      4      4      5     24      9      1     16     13     60     61     34     39     67     36     55     49     87     23     40     45     79     92     55    111    112     53     68    101     97     43     70    130     76     59    132     62     63     56     79     58     66     66     80     53     25     37     38     44     32      9     20     10     28     13      7     12      2      8      0      3      1      8      8      0      0      0      0      0      0      0      0      0      0      0      0      0      0      0      0      0
      0      0      0      0      0      0      0      0      9      0      0      0      2      2      0      0      0      0      1      1      5     17      4      9      3     17     40     35     36     12      5     49     27     38     36     51     34     68     63     69     78     73     66     64     37     68     89     72     68     78     91     66    108     56     69     92     86     52     90     45     48     52     46     83     37     20     48     23     13      5      9     27      6      7     10     13      6      0      5      7      0      0      0      0      7      0      0      2      0      0      0      0      0      0      0      0      0      0      0      0
      0      0      0      0      0      1      0      0      0      0      4      0      0      0      2     14      0      1      0      6      3      2     14      6      9     16      3     35      7     18     12     51     44     23     32     76     70     94     21     59     66     66    105     76     44    106     59    103     61     60    103     85     65     57     81     98     73     70     53     97     22     47     15     51     95     17     32     14     46      3     11      6     18     36     14      2      5     10      9      0      1      4      4      0      0      0      5      0      0      0      0      0      0      0      0      0      0      0      0      0
      0      0      0      0      0      0      0      0      0      0      0      0      0      0      0      0      5      1      0      5     14     11     12     10     15     18      2     18     27     71     17     22     42     62     45     28     66     67     56     45     77     84    110     25     95     77     99    104     54     91     61     63     83     93     43     40     94     44     33    106     49     59      5     60     45     17     21     16     32      9     23     17      8      6      9      0      3     11      0      0      6     33      5      5      0      0      0      0      0      0      0      0      0      0      0      0      0      0      0      0
      0      0      0      0      0      0      0      0      0      4      0      0      0      1      0      0      0      1      1      0      2      3      5     10     14     10      8      5     21     84      4     76     25     34     26     45     31     67     82     76     22     55     53     64     57     91    102     51     75    147     89     76     88     59     62     55     51     82     85     72     54     89     33     18     16     10     24     15     26     37      9     21      6      6      9      5      0      6      0      0      6      0      0      0      0      2      5      0      0      0      0      0      0      0      0      0      0      0      0      0
      0      0      0      0      0      0      0      0      0      1      0      0      2      7      6      0      3      0     13      8      4     14      3      0      6      9      8     18     19     11     36     31     30     35     24     31     36     64     62     68     69     80     58     50     32     79    116     82    120     56     50     63     61     77     68     67     83     55     66     55     38     34     35    104     35     34     29     17     22     11     28     31      8      6      0     16      2      0      0      0      0      6     13      0      0      0      0      0      0      0      0      0      0      0      0      0      0      0      0      0
      0      0      0      3      4      0      0      0      0      5      0      4      0      0      0      2      0      5      0      4     17      0      4      2      0     26     13     40     42     11     13     50     12     15     32     48     31     71     55     54     91     75     59     71     65     52     32     81     82     87     93     47     65     63     98     57     22     49     61     59     54     33     44     37     31     28     32     10     16      6      0     22     13     13     19      7      5      0      0      2     23      0      1      0      1      0      0      0      0      0      0      0      0      0      0      0      0      0      0      0
      0      0      0      0      0      0      0      1      0      0      0      0      0      0      4      4      0      0     15      0      0      0      2     19      1      2      0      7     13     19     34     16     27     34     37     38     26     71     44     31     44     39     93     84     82    109     70     73     41     47     41     56     47     25     86    105     32     31     37     40     49     35     15     25     49     30     46      7     10     21     21     12      6     10      0      3      0      3      2      0      0      1      0      0      0      0      0      0      0      0      0      0      0      0      0      0      0      0      0      0
      0      0      0      0      0      0      0      0      0      0      0      0      0      1      0      2      1      0      1      6      0      1      0      7      6      0      8     10      4      5      9     49     23     53     16     17     27     16     41     58     40     69     77     60     51     68     69     59     75     53     29     91     26     67     48     91     26     27     53     49     34     74     48     41     23     27     13     10     35     19      6      3     15      2      8      0      0      0      5      0      1      0      0      7      0      2      0      0      0      0      0      0      0      0      0      0      0      0      0      0
      0      0      0      0      1      0      0      0      0      0      0      1      0      2      0      0      3      0      0      0      0      0      7      3     21     12      5     10      0     16     18      8     28     15     27     51     51     33     32     26     45     60     39     26     40     35     57     42     47     59     85     20     71     64     27     72     28     35     32     11     54     19     21     15     44      6     15     25     47     18      8     15     19      2      8      1      0      3      6      0      0      0      0      1      0      0      0      0      0      0      0      0      0      0      5      0      0      0      0      0
      0      0      0      0      0      0      0      0      0      0      0      0      0      2      0      0      2      0      0      4     14      3      0      1      7      7      0      4     15      9     21     22      5     29     22     26     22     13     49     49     42     24     27     52     67     72     49     86     21     43     99     28     65     37     51     34     47     32     33     47      8     38      9     10     20      1     19      6     16      2      0     12      6      8      0      2      0      1      2      0      6      3      0      0      0      0      0      0      0      0      0      0      0      0      0      0      0      0      0      0
      0      0      0      0      0      0      0      0      0      0      0      0      0      6      0      2      1      8     16      4      0      8      9      2      3      7     13      1      0     22      2      9     38     32     37     31     28     18     47     35     50     44     41     38     49     25     24     37     59     48     99     39     42     41     62     31     18     38     11     34     33     28     61      5     24     20     25     18      4      2      4     25      1      9      0      0      0      4      0      0      4      0      0      0      0      0      0      0      0      0      0      0      0      0      0      0      0      0      0      0
      0      0      0      0      0      0      0      0      0      0      0      0      0      0      0      0      3      0      2     13      4      9      1     15      2      4      4      5     10      6     26     23     11     12     29     14     37     14     19     20     23     38     25     27     30     24    111     44     12     38     35     63     58     34     10     54     33     36     18     42     50     42     33      7     63     27     18      4     28     12      0      7      0      0      0      6      0      0      0      0      0      4      0      2      0      0      0      0      0      0      0      0      0      0      0      0      0      0      0      0
      0      0      0      0      0      0      0      0      0      0      0      0      0      0      0      2      0      1      0     10      2      1      0      6      6      4      1      5      2      1     18      7     38      9      8     16      7     31     20     14     38      9     38     30     29     59     47     42    101     83     63     38     36     36     19     41      9     57      8     12     22     57     55     15     23      4     18     35     11      1     10      5      5      7      8      7      0      4      0      0      0     12      0      1      8      0      0      0      0      0      0      0      0      0      4      0      0      0      0      0
      0      0      0      0      0      0      0      0      3      0      0      0      0      0      0      1      0      0      0      0      0      0     15      5      0     13      0      9      6     15     32      9      4     19     10     15      4     33     55     24     21     20     27     41      8     58     41     32     53     38     32     43     42     43     25     14     46     26      9     44      9      7     41      9     12     40     13      1     23      4     20     14     14      1      0      5      0      6      4      0      0      5      0      0      0      0      0      0      0      0      0      0      0      0      0      0      0      0      0      0
      0      0      0      0      0      0      0      0      1      0      0      0      0      0      4      2      0      0      3      3      2      0      5     14      2      3     24     14      8      1      3      6      5      1     29      3     19     10     26     25     34     25     12     20     22     27     41     32     26     16     34     10     11     35     21     29     21     28     24     20     18     30     40     34      8     16     19      0      2     21     15     16      3      0      5      0      0      4      1      0      0      0      8      0      0      0      0      0      0      0      0      0      0      0      0      0      0      0      0      0
      0      0      0      0      3      0      0      0      0      0      0      0      0      0      4      0      0      0      0      0      0      1      0      3      2      8      9     12     12      3      5      9     19      4     15     15      8     29     42      2     14     14      8     25     34     35     41     36     14     38     19     26     15     22     24     22     64     31      9     27     28     10     17     11     20      2     19     11      0      2      2      4     12      3      0      6      0      2      0      0      0      0      0      0      0      0      0      0      0      0      0      0      0      0      0      0      0      0      0      0
      0      0      0      0      0      0      0      0      0      0      8      0      5      7      0      0      0      0      0      0      6      0      5      0      0      7      0      3     14      9      5     18     18     11      2     12     15     20     13      8     13      1      7     19     13     21     15     68      9     35     40      8     26     34     17     13      6     20      0      4      6     38     25      8     17     23      3      0      4      0      3      4      5     12      0      0      1     11      0      0      0      0      0      0      0      0      0      0      0      0      0      0      0      0      0      0      0      0      0      0
      0      0      0      0      0      0      0      0      0      0      0      0      0      0      0      0      0      0      0     11      0      2      0      3      1      0      0     17      9      0      0      5      2      0      0      1      6     11     22     15      4     11     30     21     13     13     27     51      4     29      5     21     43     16     12     23      7     16     14     14     11     14      5     29      8     11      0      8      3     16      5      5      3      6      0      0      0      0      1      0      0      0      0      0      0      0      0      0      0      0      0      0      0      0      0      0      0      0      0      0
      0      0      0      0      0      0      0      0      0      0      0      0      0      0      0      0      2      0      0      0      0      2      0      0      2      4      0      7      0      7      0      9      0      7     11     11      3     12      2      8      4     18      9     21      6     11     22     15     20     15      5     19      7     31     10     11     13     22      8     14     10      2      5      4     12     33      1      2      0      3      0     12      2      2      0      1      0      0      0      0      0      0      0      7      0      0      0      0      0      0      0      0      0      0      0      0      0      0      0      0
      0      0      0      0      0      0      0      0      0      0      0      5      0      0      0      0      0      2      0      0      0      0      0      0      0      2      2      9      9      3      2      9     15      3      1      6      1      9     18      5     16     12     20      5      3     20      6      4      9      8     32     13      6      5     13     26      9     16      1      8      4      3      5     14      0      3      0      0      4      3      6      8      0      9      1      0      0      1      0      0      0      0      0      0      0      0      0      0      0      0      0      0      0      0      0      0      0      0      0      0
      0      0      0      0      0      0      0      0      0      0      0      0      0      0      0      0      0      0      0      0      1      0      0      3      0      0      0      0      0      0      0      2      0      2      4      7      3      4      0      3      1      7     16     26     11     21      7      7     28     13     35      6     17      4     20     15      2     15      1      5      4      0     11      4      3      0      6      5      0      8      0      6      0      0      0      2      0      0      0      0      0      0      2      0      0      0      0      0      0      0      0      0      0      0      0      0      0      0      0      0
      0      0      0      0      0      0      0      0      0      0      0      0      0      0      2      0      0      3      0      0      0      0      0      0      0      0      0      0      5      0      3      1      5      3      0      0      0      5     28     10      3      1     10      8     13     10      4      3      4      4      4      5     10      5      4      7      5      4     13      1     25      1      2      3      4      0      0      2      9      0      3      0      3     10      0      0      0      0      0      0      0      0      0      0      0      0      0      0      0      0      0      0      1      0      0      0      0      0      0      0
      0      0      0      0      0      0      0      0      0      0      0      0      0      0      3      1      0      5      0      9      0      0      0      0      5      0     10      5      0      0      4      6      8      1      8      1      0      2      0      2      0      0      7     17      1     24     20      7      0     18      8     14      4     22      3      6      3      9      1      0      3      1      4     11     12      8      1      0      0      1     22      0      1      0      0      0      0      0      0      0      0      0      0      0      0      0      0      0      0      0      0      0      0      0      0      0      0      0      0      0
      0      0      0      0      0      0      0      0      0      0      0      0      0      0      0      0      0      0      0      0      0      2      0      0      0      0      0      9      3      0      2     20      2      0      5     14      6     16      1      2     11      4      6      2      0     15     10     10      8     13     14      9      2      0      0      1     16      0     10      2      3      2      9      0      8      0      0      7      1     18      0      1      0      0      5      0      0      0      0      0      0      0      1      0      0      0      0      0      0      0      0      0      0      0      0      0      0      0      0      0
      0      0      0      0      0      0      0      0      0      0      0      0      2      0      0      0      0      0      0      2      0      0      0      0      6      0      0     10      0      0      8      3      1      0      2      0      1      3     19      4      7      2      0      2      4      5     14     10      2      1      5      0     10     32      1      1     23      3      5      9      2      0      9      1      0      6      5      0      0      0      0      0      0      2      0      0      4      0      3      0      0      0      0      0      0      3      0      0      0      3      0      0      0      0      0      0      0      0      0      0
      0      0      0      0      0      0      0      0      0      0      0      0      0      0     13      0      0      0      0      2      2      0      0      0      0      3      0      0      0      1      3      0      5      0      0      4      5      7      0      6      0      2      0      0      6     17      5      0      5      3     18      0      2      0     27      3      3      7      0      0      1      4      3      7      0      0      0      0      8      0      0      0      0      0      0      0      0      0      0      0      0      0      0      0      0      0      0      0      0      0      0      0      0      0      0      0      0      0      0      0
      0      0      0      0      0      5      0      0      0      0      0      0      0      3      0      0      0      0      0      0      0      0      0      3      0      0      0      0      1      4      0      0      7      3      2      0      5      0      2      7      4      5      3      2      4      1      0      4     14      5      0      2      6      6      0      0      2      0      2      2      0      6      0      0      0      6      0      6      2      0      4      3      0      0      0      0      0      0      0      0      0      0      0      0      0      0      0      0      0      0      0      0      0      0      0      0      0      0      0      0
      0      0      0      0      0      0      0      0      0      0      0      0      0      0      0      0      0      0      0      0      0      5      0      0      0      0      0      0      0      0      0      1      0      1      1      0      1      0      0      0      1      2      0      7     11      0      2      0      2      4      3      2      8      0      4      8      0      0      5      1      1      0      8     10      5      6      0      0      0      0      3      0      0      0      2      0      0      0      0      0      0      0      0      0      0      0      0      0      0      0      0      0      0      0      0      0      0      0      0      0
      0      0      0      0      0      0      0      0      0      0      0      0      0      0      0      0      0      0      0      0      1      0      0      0      1      0      0      2      0      1      0      0      0      2      0      4      3      0      0      4      0      4      0      0      0      0      0     11      0      0      1      1      0      0      1      8      6      6      1      0      1      0      1      1      0      0      0      0      4      2      0      0     10      0      0      1      0      0      0      0      0      0      0      0      0      0      0      0      0      0      0      0      0      0      0      0      0      0      0      0
      0      0      0      0      0      0      0      0      0      0      0      1      0      0      0      0      0      0      0      0      0      0      0      0      0      0      0      0      0      4      0      0      0      0      0      0      1      5      1      0      0      0      7      2      0      0      0     12      3      0      0      9      0      2      0      7      0      7      1      0      0      1      1      0      0      0      0      0      0      0      0      0      0      0      0      0      2      0      0      0      0      0      0      0      0      0      0      0      0      0      0      0      0      0      0      0      0      0      0      0
      0      0      0      0      0      0      0      0      0      0      0      0      0      0      0      0      0      0      0      0      0      0      0      0      0      4      0      0      0      0      0      0      0      0      0      0      0      2      0      0      0      0      0      0      0      0      9      2      5      0      0      0      0      0      0     12      0      0      0      0      0      0      0      0      0      0      0      0      0      0      0      0      0      2      0      0      0      0      0      0      0      0      0      0      0      0      0      0      0      0      0      0      0      0      0      0      0      0      0      0
      0      0      0      0      0      0      0      0      0      0      0      0      0      0      0      0      0      0      0      0      0      0      0      0      0      0      1      1      0      0      0      2      4      1      1      0      3      1      0      0      0      0      0      0      0      5      0      0      4      0      0      5      0     12      0      0      0      0      0      0     10      0      0      0      2      0      0      0      0      0      0      0      0      0      0      0      0      0      0      0      0      0      0      0      0      0      0      0      0      0      0      0      0      0      0      0      0      0      0      0
      0      0      0      0      0      0      0      0      0      0      0      0      0      0      0      0      0      0      0      0      0      0      0      0      0      0      0      0      0      0      0      1      0      2      0      1      5      0      0      2      3      0      0      0      0      0      2      0      0      0      0      0      0      0      1      0      0      0      4      0      0      3      0      0      0      0      2      0      2      4      0      0      0      0      0      0      0      0      0      0      0      0      0      0      0      0      0      0      0      0      0      0      0      0      0      0      0      0      0      0
      0      0      0      0      0      0      0      0      0      0      0      0      0      0      0      0      0      3      0      0      0      0      0      0      0      1      0      0      0      0      0      0      0      0      0      0      0      0      0      0      0      0      1      0      0      0      0      0      4      0      0      0      1      0      0      4      0      0      0      0      0      0      0      1      0      0      0      0      0      0      0      0      0      0      0      0      0      0      0      0      0      0      0      0      0      0      0      0      0      0      0      0      0      0      0      0      0      0      0      0
      0      0      0      0      0      0      0      0      0      0      0      0      0      0      2      0      0      0      0      0      0      0      0      0      0      0      3      0      3      0      0      0      0      0      0      1      0      0      0      0      0      0      0      0      2      0      0      0      0      0      2      0      0      0      0      0      0      0      0      0      0     11      0      0      0      0      0      0      0      0      0      0      0      0      0      0      0      0      0      0      0      0      0      0      0      0      0      0      0      0      0      0      0      0      0      0      0      0      0      0
      0      0      0      0      0      0      0      0      0      0      0      0      0      0      0      0      0      0      0      0      0      0      0      0      0      0      0      0      0      1      0      0      1      0      0      0      0      0      0      0      0      0      0      0      0      0      0      0      2      0      3      0      2      0      0      0      0      0      0      0      0      0      0      0      0      0      0      0      0      0      0      0      0      0      0      0      0      0      0      0      0      0      0      0      0      0      0      0      0      0      0      0      0      0      0      0      0      0      0      0
      0      0      0      0      0      0      0      0      0      0      0      0      0      0      0      0      0      0      0      0      0      0      0      0      0      0      0      0      0      0      0      3      0      0      0      0      0      0      0      0      0      0      0      0      0      0      0      0      0      0      0      0      0      0      0      0      0      0      0      0      0      0      0      0      0      0      0      0      0      0      0      0      0      0      0      0      0      0      0      0      0      0      0      0      0      0      0      0      0      0      0      0      0      0      0      0      0      0      0      0
      0      0      0      0      0      0      0      0      0      0      0      0      0      0      0      0      0      0      0      0      0      0      0      0      0      0      0      0      0      0      0      0      0      0      0      0      2      0      0      0      6      0      0      0      0      2      0      0      3      0      0      0     22      1      0      0      0      0      0      0      0      0      0      0      0      0      0      0      0      0      0      0      0      0      0      0      0      0      0      0      0      0      0      0      0      0      0      0      0      0      0      0      0      0      0      0      0      0      0      0
      0      0      0      0      0      0      0      0      0      0      0      0      0      0      0      0      0      0      0      0      0      0      0      0      0      0      0      0      0      1      0      0      0      0      0      0      0      0      0      0      0      0      0      0      0      0      0      0      4      0      0      0      0      0      0      0      0      0      0      0      0      0      0      0      0      0      0      0      0      0      0      0      0      0      0      0      0      0      0      0      0      0      0      0      0      0      0      0      0      0      0      0      0      0      0      0      0      0      0      0
      0      0      0      0      0      0      0      0      0      0      0      0      0      0      0      0      0      0      0      0      0      0      0      0      0      0      0      0      0      0      0      0      0      0     19      0      0      0      0      0      0      2      0      0      0      0      0      0      0      0      0      0      0      0      0      0      0      0      0      0      0      0      0      0      0      0      0      0      0      0      0      0      0      0      0      0      0      0      0      0      0      0      0      0      0      0      0      0      0      0      0      0      0      0      0      0      0      0      0      0
      0      0      0      0      0      0      0      0      0      0      0      0      0      0      0      0      0      0      0      0      0      0      0      0      0      0      0      0      0      0      0      0      0      0      0      0      0      0      0      0      0      0      0      0      1      0      0      0      0      0      0      0      0      0      0      0      0      0      0      0      0      0      0      0      0      0      0      0      0      0      0      0      0      0      0      0      0      0      0      0      0      0      0      0      0      0      0      0      0      0      0      0      0      0      0      0      0      0      0      0
      0      0      0      0      0      0      0      0      0      0      0      0      0      0      0      0      0      0      0      0      0      0      0      0      0      0      0      0      0      0      0      0      0      0      2      0      0      0      0      0      0      0      2      0      0      0      0      0      0      0      0      0      0      0      0      0      0      0      0      0      0      0      0      0      0      0      0      0      0      0      0      0      0      0      0      0      0      0      0      0      0      0      0      0      0      0      0      0      0      0      0      0      0      0      0      0      0      0      0      0
      0      0      0      0      0      0      0      0      0      0      0      0      0      0      0      0      0      0      0      0      0      0      0      0      0      0      0      0      0      0      0      1      0      0      0      0      0      0      0      0      0      0      0      0      0      0      0      0      0      0      0      0      0      0      0      0      0      0      0      0      0      0      0      0      0      0      0      0      0      0      0      0      0      0      0      0      0      0      0      0      0      0      0      0      0      0      0      0      0      0      0      0      0      0      0      0      0      0      0      0
      0      0      0      0      0      0      0      0      0      0      0      0      0      0      0      0      0      0      0      0      0      0      0      0      0      0      0      0      0      0      0      0      2      0      0      0      0      0      0      0      0      0      0      0      0      0      0      0      0      0      0      0      0      0      0      0      0      0      0      0      0      0      0      0      0      0      0      0      0      0      0      0      0      0      0      0      0      0      0      0      0      0      0      0      0      0      0      0      0      0      0      0      0      0      0      0      0      0      0      0
      0      0      0      0      0      0      0      0      0      0      0      0      0      0      0      0      0      0      0      0      0      0      0      0      0      0      0      0      0      0      0      0      0      0      0      0      0      0      0      0      0      0      0      0      0      0      0      0      0      0      0      0      0      0      0      0      0      0      0      0      0      0      0      0      0      0      0      0      0      0      0      0      0      0      0      0      0      0      0      0      0      0      0      0      0      0      0      0      0      0      0      0      0      0      0      0      0      0      0      0
      0      0      0      0      0      0      0      0      0      0      0      0      0      0      0      0      0      0      0      0      0      0      0      0      0      0      0      0      0      0      0      0      0      0      0      0      0      0      0      0      0      0      0      0      0      0      0      0      0      0      0      0      0      0      0      0      0      0      0      0      0      0      0      0      0      0      0      0      0      0      0      0      0      0      0      0      0      0      0      0      0      0      0      0      0      0      0      0      0      0      0      0      0      0      0      0      0      0      0      0
