\ 
\ Covariance Function Histogram Table
\ 
\ X Parameter: Effective Temperature
\ X Abbrev   : Teff
\ X Units    : K
\ X Items    : 100         
\ 
\ Y Parameter: Time of Eclipse
\ Y Abbrev   : TS
\ Y Units    : BJD
\ Y Items    : 100         
\ 
|col000|col001|col002|col003|col004|col005|col006|col007|col008|col009|col010|col011|col012|col013|col014|col015|col016|col017|col018|col019|col020|col021|col022|col023|col024|col025|col026|col027|col028|col029|col030|col031|col032|col033|col034|col035|col036|col037|col038|col039|col040|col041|col042|col043|col044|col045|col046|col047|col048|col049|col050|col051|col052|col053|col054|col055|col056|col057|col058|col059|col060|col061|col062|col063|col064|col065|col066|col067|col068|col069|col070|col071|col072|col073|col074|col075|col076|col077|col078|col079|col080|col081|col082|col083|col084|col085|col086|col087|col088|col089|col090|col091|col092|col093|col094|col095|col096|col097|col098|col099|
|int   |int   |int   |int   |int   |int   |int   |int   |int   |int   |int   |int   |int   |int   |int   |int   |int   |int   |int   |int   |int   |int   |int   |int   |int   |int   |int   |int   |int   |int   |int   |int   |int   |int   |int   |int   |int   |int   |int   |int   |int   |int   |int   |int   |int   |int   |int   |int   |int   |int   |int   |int   |int   |int   |int   |int   |int   |int   |int   |int   |int   |int   |int   |int   |int   |int   |int   |int   |int   |int   |int   |int   |int   |int   |int   |int   |int   |int   |int   |int   |int   |int   |int   |int   |int   |int   |int   |int   |int   |int   |int   |int   |int   |int   |int   |int   |int   |int   |int   |int   |
      0      0      0      0      0      0      0      0      0      0      0      0      0      0      0      0      0      0      0      0      0      0      0      0      0      0      0      0      0      0      0      0      0      0      0      0      0      0      0      0      0      0      0      0      0      0      0      0      0      0      0      0      0      0      0      0      0      0      0      0      0      0      0      0      0      0      0      0      0      0      0      0      0      0      0      0      0      0      0      0      0      0      0      0      0      0      0      0      0      0      0      0      0      0      0      0      0      0      0      0
      0      0      0      0      0      0      0      0      0      0      0      0      0      0      0      0      0      0      0      0      0      0      0      0      0      0      0      0      0      0      0      0      0      0      0      0      0      0      0      0      0      0      0      0      0      0      0      0      0      2      0      0      0      0      0      0      0      0      0      0      0      6      0      0      0      0      0      0      0      0      0      0      0      0      0      0      0      0      0      0      0      0      0      0      0      0      0      0      0      0      0      0      0      0      0      0      0      0      0      0
      0      0      0      0      0      0      0      0      0      0      0      0      0      0      0      0      0      0      0      0      0      0      0      0      0      0      0      0      0      0      0      0      0      0      0      0      0      0      0      0      0      0      0      0      1      0      0      0      0      0      0      0      0      0      0      0      0      0      0      0      0      0      0      0      0      0      0      0      0      0      0      0      0      0      0      0      0      0      0      0      0      0      0      0      0      0      0      0      0      0      0      0      0      0      0      0      0      0      0      0
      0      0      0      0      0      0      0      0      0      0      0      0      0      0      0      0      0      0      0      0      0      0      0      0      0      0      0      0      0      0      0      0      0      0      0      0      0      0      0      0      0      0      0      0      0      0      0      0      0      1      0      0      0      0      0      0      0      0      0      0      0      0      0      0      0      0      0      0      0      0      0      0      0      0      0      0      0      0      0      0      0      0      0      0      0      0      0      0      0      0      0      0      0      0      0      0      0      0      0      0
      0      0      0      0      0      0      0      0      0      0      0      0      0      0      0      0      0      0      0      0      0      0      0      0      0      0      0      0      0      0      0      0      0      0      0      0      0      2      0      0      0      0      0      0      0      0      0      0      0      0      0      0      0      0      0      0      0      0      0      0      0      0      0      0      0      0      0      0      0      0      5      0      0      0      0      0      0      0      0      0      0      0      0      0      0      0      0      0      0      0      0      0      0      0      0      0      0      0      0      0
      0      0      0      0      0      0      0      0      0      0      0      0      0      0      0      0      0      0      0      0      0      0      0      0      0      0      0      0      0      0      0      0      0      0      0      0      0      0      0      0      0      0      0      2      8      0      0      1      0      0      0      0      0      0      0      0      0      0      0      0      0      0      0      0      0      0      0      0      0      0      0      0      0      0      0      0      0      0      0      0      0      0      0      0      0      0      0      0      0      0      0      0      0      0      0      0      0      0      0      0
      0      0      0      0      0      0      0      0      0      0      0      0      0      0      0      0      0      0      0      0      0      0      0      0      0      0      0      0      0      0      0      0      0      0      0      0      0      0      0      0      0      0      0      0      0      0      0      3      0      0      0      3      0      0      0      0      0      0      0      0      0     11      0      0      0      0      0      0      0      0      0      0      0      0      0      0      0      0      0      0      0      0      0      0      0      0      0      0      0      0      0      0      0      0      0      0      0      0      0      0
      0      0      0      0      0      0      0      0      0      0      0      0      0      0      0      0      0      0      0      0      0      0      0      0      0      0      0      0      1      0      0      0      0      0      0      0      0      0      0      0      0      0      0      0      0      0      0      0      0      0      0      0      0      0      0      0      0      0      0      0      0      0      0      0      0      1      0      0      0      0      0      0      0      0      0      0      0      0      0      0      0      0      0      0      0      0      0      0      0      0      0      0      0      0      0      0      0      0      0      0
      0      0      0      0      0      0      0      0      0      0      0      0      0      0      0      0      0      0      0      0      0      0      0      0      0      0      0      0      0      0      0      0      0      0      0      0      0      0      0      0      0      0      0      2      0      0      0      0      0      1      0      0      0      0      0      0      1      0      0      1      8      0      2      0      0      1      0      0      0      0      0      0      0      0      0      0      0      0      0      0      0      0      0      0      0      0      0      0      0      0      0      0      0      0      0      0      0      0      0      0
      0      0      0      0      0      0      0      0      0      0      0      0      0      0      0      0      0      0      0      0      0      0      0      0      0      0      0      0      0      0      7      0      0      0      0      0      0      0      0      0      0      0      3      0      0      0      3      7      0     12      0      1      0      0      0      0      0      0      0      0      0      0      0      0      0      0      0      0      0      0      0      0      0      0      0      0      0      0      0      0      0      0      0      0      0      0      0      0      0      0      0      0      0      0      0      0      0      0      0      0
      0      0      0      0      0      0      0      0      0      0      0      0      0      0      0      0      0      0      0      0      0      0      0      0      0      0      0      0      0      0      0      0      0      0      0      0      1      0      0      0      0      0      0      0      0      0      3      0      0      3      0      3      0      0      6      0      0      0      0      0      0      0      0      0      0      0      0      0      0      0      0      0      0      0      0      0      0      0      0      0      0      0      0      0      0      0      0      0      0      0      0      0      0      0      0      0      0      0      0      0
      0      0      0      0      0      0      0      0      0      0      0      0      0      0      0      0      0      0      0      0      0      0      0      0      0      0      0      0      0      0      0      0      0      0      0      0      0      0      0      0      0      0      0      1      0      0      0      0      0      0      0      0      0      0      2      0      0      0      0      6      0      0      0      0      1      0      0      0      0      0      0      0      0      0      0      0      0      0      0      0      0      0      0      0      0      0      0      0      0      0      0      0      0      0      0      0      0      0      0      0
      0      0      0      0      0      0      0      0      0      0      0      0      0      0      0      0      0      0      0      0      0      0      0      0      0      0      0      0      7      1      0      0     15      0      0      0      0      0      0      9      0      0      0      0     12      0      0      0      0      2      0      0      5      0      0      3      0      8      0      0      0      0      4      0      5      0      1      0      0      0      0      7      0      0      0      0      0      0      0      0      0      0      0      0      0      0      0      0      0      0      0      0      0      0      0      0      0      0      0      0
      0      0      0      0      0      0      0      0      0      0      0      0      0      0      0      0      0      0      0      0      0      0      0      0      0      0      0      0      0      0      0      0      0      0      0      0      0      0      0      0      0      0      0      4      0      0      1      0      0      0      0      5      0      3      2      0      0     12      0      2      0      0      0      0      0      0      0      0      0      0      0      0      1      0      0      0      0      0      0      0      0      0      0      0      0      0      0      0      0      0      0      0      0      0      0      0      0      0      0      0
      0      0      0      0      0      0      0      0      4      0      0      0      0      0      0      0      0      0      0      0      0      0      0      0      0      0      0      0      0      0      0      0      0      0      0      0      0      0      0      0      0      0      9      0      0      1      0      5      2      0      0      5      3      0      0      1      1      0      0      2      0      0      0     10      6      0      0      0      0      0      0      0      0      0      0      0      2      0      0      0      0      0      0      0      0      0      0      0      0      0      0      0      0      0      0      0      0      0      0      0
      5      0      0      0      0      0      0      0      0      0      0      0      0      0      0      0      0      0      0      0      0      0      0      0      0      0      0      0      0      0      0      2      0      0      0      0      0      0      0      0      0      0      3      0      0      0      4      0      3      2      5      0      8      0     10      2      6      0      0      0      0      0      5      6      0      0      0      2      2      0      0      0      0      0      0      0      0      0      0      0      0      0      0      0      0      0      0      0      0      0      0      0      0      0      0      0      0      0      0      0
      0      0      0      0      0      0      0      0      0      0      0      0      0      0      0      0      0      0      0      0      0      0      0      2      0      0      0      0      0      0      5      3      0      0      3      0      0      1      2      1      0      0      0      0      0      1      2      0      4      6      0      0      0      1      5      6      0      2      6      0      0      0      0      3      1      0      0      0      0      0      0      0      0      0      0      0      0      0      0      0      0      3      0      0      1      0      4      0      0      0      0      0      0      0      0      0      0      0      0      0
      0      0      0      0      0      0      0      0      0      0      0      0      0      0      0      0      0      0      0      0      0      0      3      0      0      0      0      0      0      0      0      3      0      0      0      0      5      1      1      4      0      0      1      2      0      0     24      6      0      0      0     10      2      0      2      0     14      8      0      0      1      0      0     10      0      0      1      0      7      5      2      0      0     11     12      0      0      0      0      1      0      1      0      0      0      0      0      0      0      0      0      0      0      0      0      0      0      0      0      0
      0      0      0      0      0      0      0      0      0      0      0      0      0      0      0      0      0      0      0      0      0      0      0      0      0      1      0      0      0      0      0      0      0      0      0      0      0      7      5      0      0      6      0      0      6      0      1      0      3      0      0     23      1      0      1      1     12      1      3      0      4      3      1      0      0      5      0      0      0      0      8      0      0      0      0      0      0      0      0      0      0      0      6      0      0      0      0      0      0      0      0      0      0      0      0      0      0      0      0      0
      0      0      0      0      0      0      0      0      0      0      0      0      0      0      0      0      0      0      0      0      0      0      0      0      0      4      0      0      1      2      2      0      1      0      0     11      0      1      0      5      2      0      7      2      2      1      3      1      3      7     11      3      2      2      4      2      0      5      0      6     10      0      1      0     11      0      1      3      1      0      4      0      2      9      0      2      0      0      8      0      0      2      0      0      0      0      0      0      0      0      0      0      0      0      0      0      0      0      0      0
      0      0      0      0      0      0      0      0      0      0      0      0      0      0      0      0      0      0      0      0      0      0      0      0      4      0      0      0      0      0      8      0      0      0      2      0      0      0      2     13      0      0      6      3      0      0      7      4      8      3      0      4      2      0     19      9      1      0      9      0      1      1      4      7      5      7      4      0      0      6      0      0      5      0      0      0      0      0      0      0      0      0      0      0      0      0      0      0      0      0      0      0      0      0      0      0      0      0      0      0
      0      0      0      0      0      0      0      0      0      0      0      0      0      0      0      0      0      0      0      0      0      2      0      0      0      0      0      1      0      1      0      0      6      5      3      2      2      1      0      5      2      2      1      0      9      1      0     14      0     32      4      7      7     11      1      6      4      6     12      0      6      7     12     17      2     17     28      5      0      5      0      0      0      0      0      3      0      0      0      0      0      0      0      0      0      0      0      0      0      0      0      0      0      0      0      0      0      0      0      0
      0      0      0      0      0      0      0      0      0      0      0      0      0      0      0      0      0      0      0      0      0      0      0      0      0      5      0      0      0      0      0      0      0      2      4      1      8      2      9      0      0      5      8      3      9      3      4      4      7      0     11      5      8      7      6      4      4      5     14     20      6     11      0     11      0      6     17      0      0      0      2      0      0      0      6      0     11      0      0      0      0      0      0      0      0      0      0      0      0      0      0      0      0      0      0      0      0      0      0      0
      0      0      0      0      0      0      0      0      0      0      0      0      0      0      4      0      0      0      0      0      0      3      0      0      0      0      0      0      3      0      0      5     11     11      0      4      5      8      0      7     10      7      1      9      1      4      4      2      7      2      5      6      8      7      6     33      8      2      7     18      0      3      4      4      7      0      0      0      0      0      1      5      6     10      0     11      0      0      0      0      0      0      0      0      0      2      0      0      0      0      0      0      0      0      0      0      0      0      0      0
      0      0      0      0      0      0      3      0      0      0      2      1      0      0      0      0      1      4      0      0      0      0      1      0      0      0      0      3      0      7      1     16      1      1      1     21      3      8      9      6      4     10      9      4     15      4     11      7      7     11      9      3      0      6     25     20      5     10      2      4      5      5      2      4      4      3      5     22      4      5      0      0      4      0      3      0      0      0      0      0      0      2      2      0      0      0      0      0      0      0      0      0      0      0      0      0      0      0      0      0
      0      0      0      0      0      0      0      0      0      7      0      0      0      0      0      0      0      0      0      0      3      0      3      0      0      0      7      0      0      1      3      2      2      4      1      0      4      4      9      7      5     11      1      0      2     14      3      7      8      2     14      7      2     34      8      0     23      9     17     15      0     17     13      8      1      5      2     12      2      0      5      3      1      1      0      0      0      0      0      0      0      0      0      0      0      0      0      0      0      0      0      0      0      0      0      0      0      0      0      0
      0      0      0      0      1      0      0      0      0      0      0      0      0      0      0      0     14      0      0      0      4      0      0      0      2      0      0      2      1      4      0      3      0      0      1      0     42      3      6     19      5     25      6      1     24     17     10     10     20     27     19      4     17     18     13      6     12     17      2     16      2      7     14     17      2      1      1     23      7      6      8      4      0      0      0      3      1      0      0      7      0      0      9      0      0      0      0      0      0      0      0      0      0      0      0      0      0      0      0      0
      0      0      0      0      0      0      0      0      0      0      0      0      0      0      0      1      2      0      1      1      0      0      0      0      4      8      0      1      2      6      5      4      7     10     12     10     24      2      6     25     28      7     25     17     10     16      2     27      0      7     20     17     33     17     13     58     22     16      6      7     14     17      7      4     23     20      0      8     14      0     12      0      0      1      0      0      0      0      3      0      0      0      0      0      0      0      0      0      0      0      0      0      0      0      0      0      0      0      0      0
      0      0      0      0      0      0      0      0      0      0      0      0      4      1      0      0      2      1      0      1      3      0      1      0      0      2      0      5      7      9      3      0      1      7      3     23      7     28      2      1      6      2      9     34      1     22     39     20     18     38     35      9     27     28     35      5     12      9     50     26      1     25      2     18     19     18     10      0      0      7      0      1      0      0      0      0      0      2      0      0      4      0      0      0      0      0      4      0      0      0      0      0      0      0      0      0      0      0      0      0
      0      0      0      0      0      0      0      0      0      0      0      0      0      3      1      0      0      2      0      0      4      2      1      4      6      4      9      0     16      2      7     22      4      0     13      6     13      7     11     14     13     16     15     10     16     19      6     26     16     15     20     19      6      9     32     40     26      3      6     29     17     15     13     45      7      5      6     25      0      3     22      3     18      2      0      0      0      4      0      0      0      3      0      0      1      0      0      0      0      0      0      0      0      0      0      0      0      0      0      0
      0      0      0      0      0      1      0      0      0      0      0      0      5      0      0      5      9      1      0      1      3      2      0      2     11      6      4      1      1      2      6      4      3     14     10     16      5      6     11      6     16     30     13     10     33     53     20     35     31     16     27      8     35     28     15     39      7     12     24     38     19     13     14     14     18      8      8      3     17      0      9      3     10      3      7      5      2      0      0      0      4      1      0      5      2      0      0      0      0      0      0      0      0      0      0      0      0      0      0      0
      0      0      0      2      0      0      0      0      0      0      2      1      0      0      0      1      0      8      3      8      0      0      0      6      3      0      5     10      9      2      1     12      1      3     10     17     22      7     15      4     10     29     41     20     27      4     24     10      8     50     35     13     65     11     37     27     48     46     20     14     32     17     26     16     19     34     11      1     16     10      8      2      1      0      0      0      3      7      0      0      6      0      0      0      0      0      0      0      0      0      0      0      0      0      0      0      0      0      0      0
      0      0      0      0      0      0      4      3      0      7      0      0      0      2      6      0      0      0      0      1      8      1      6      0     12      0      9      3     11      8     22     21     10      8     10     10     25     29      7     12     14     17     36     30     26     47     29     45     26     27     49     61     39     33     26     26     63     31     21     11     16     14     10      1     14     16      3     10     10     26     18     22      0      0      2      0      0      0      0      0      0      0      0      0      0      0      0      0      0      0      2      0      0      0      0      0      0      0      0      0
      0      0      0      0      0      0      0      0      0      4      0      2      0      0      0      0      5      1      0      9      5      4      6      1      2      1      6      3      5     13     16     10     19      3     20     13     14      9     31     26     21     16     61     49     23     21     29     13     23     26     78     12     28     67     34     32     52     25     23     24     30     15     50     10     16     10     22      6     10     24      0      4      8      0      4     18      0      8      6      0      0      1      0      0      0      0      0      0      0      0      0      0      0      0      0      0      0      0      0      0
      0      0      0      0      0      0      0      0      0      0      0      0      7      3      5      0      6      0      0      0      5      4      7      0      6     10      7      3     19      9      0     22     20     10     12     19     19     15      3     10      8     28     29     25     31     58     18      8     41     24     24     59     69     26     52      9     63     51     22     61     18     23     23     31     38     21      9     31      6      2      0     49      4      1     11      3      4      2      0      0      0      0      5      0      0      0      0      0      0      0      0      0      0      0      0      0      0      0      0      0
      0      0      0      0      0      0      0      0      0      0      0      0      0      2      0      0      0      7      1     11      3      0     12      0      5     25      3      3      5     28     22      5     23     23     25     16     24     33     20     17     30     13     50     38     48     40     45     40     38     18     92     60     22     22     50     86     46     53     21     39     44     15     24     51     40     27      9     22     24      5     20     13      0     12      1      8      0      0      0      0      0      0      5      0      0      0      0      0      0      0      0      0      0      0      0      0      0      0      0      0
      0      0      0      0      0      0      0      0      0      0      0      0      1      6     10      1      0     14      0     12      0      0      0      1     20      6      9      3     12      5     18     13     54     29     27     29     16     39      8     23     39     69     40     21     47     47     21     49     47     47     41     18     62     41     39     33     50     38     42     65     24     19     31      8     34     26     53      9      8     17     15      7     15     25     11      3      0     14      2      2      0      0      0      4     15      0      0      0      0      0      0      0      0      0      0      0      0      0      0      0
      0      0      0      0      0      0      0      0     11      0      0      0      0      0      1      0      4      3      1      2      0      6      0      1      0      0     13      5      9      3     17      3     12     19     13     33      9     32     31     29     56     26     18     64     77     29     56     52     75     82     30    109     34     32     23     16     98     25     39     64     32     18     20     37     19     14     39     17     37     18      3     15      3      8      0     13      3      0      5      7      0      8      0      9      0      0      0      0      0      0      0      0      0      0      0      0      0      0      0      0
      0      0      0      0      0      0      0      0      0      0     13      0      4      8      0      0      0      3      0      2      1      0     20      3      0      7     23     12      6      9      4     15     25     20     17     11     28     22     36     50     25     36     28     49     41     40     30     15     62     33     72     44     46     36     84     34     51     46     72     55     39     28     22     40     24     13     35      2     27     36      9     13     12      7      1      9      2     16      4      0      0      0     14      1      0      0      0      0      0      7      0      0      0      0      0      0      0      0      0      0
      0      0      0      0      0      0      1      0     11      0      0      4      0      0      2      1      8      0      0      2     17      4     19      3     13      5      0     16      9     18      6     12     13     31     31     42     18     48     52     18     29     58     73     46     39     47     78     46     53     47     61     78     28     33     67     81    110     32     31     27     45     50     12     27     11     24      1     42     38     21      8     15     11      4     27      5      0      5      7      6      0      0     11     11      0      0      0      0      0      0      0      0      0      0      0      0      0      0      0      0
      0      0      0      0      0      0      3      0      0      0      6      0      0      0      0     16      2      0      2     12     10     20      3     16      6     20      6     33     22     14      4     30     31     26     10     28     22     39     18     57     57     27     55     78     43     69     53     47     50     58     79     62     37     38     69    127     31     19     60     26     27     31     44     39     46     37     21     10     10     10     28     23      6      9      3      0      4      7      4      0      6      0      0      0      0      0      0      0      0      0      0      0      0      0      0      0      0      0      0      0
      0      0      0      0      0      0      0      0      2      0      0      0     12      1      4      0      3     15      4      2      7     24      0      9      8      3     19      9      7     26     27     52     22     11     25     17     46     24     59     11     15     50     48     49    109     70     92     61     60     59     55     42     89     62     79     55     57     47    105     90     54     43     35     70     56     21     39     37     39     32     28     50      3     12     12      6      9      0      0      1      0      0      0      0      0      1      0      0      0      0      0      2      0      0      0      0      0      0      0      0
      0      0      0      0      0      0      0      0      0      1      4      0      0      2      4      4      5      1      0      7     12     19      6      4      2      5     10     11     12     14     15     40     26     19     50     20     35     30      1     27     49     53     38     44     68     62     81     60    106     75     70     59    102     67     88     42     61    119     86     38     72     63     49     38    102     50     20     53     26     31     13     27     11     13     21     12      0     12     13      3      1      0      2      0      0      0      0      1      0      6      0      0      0      0      0      0      0      0      0      0
      0      0      0      0      0      3      0      0      0      2      1      0      0      0      3      6      0      0      2      0     13      4      1     13     16      2      4     17     31      5      6     14     16     24     32     38     25     31     55     46     42     38     96     44     72    109     70     87     70     57     76     97     72     88     98     93     62     52     55     93     44     38     84     61     65     36     23     35     13     23     11     17      3      4     10     16     15     25      3      5      4      0      0      0      0      0      2      0      0      0      0      0      0      0      0      0      0      0      0      0
      0      0      0      0      0      0      0      0      0      0      0      1      0      0      0      1      0      0      7     12      7     12      1     16      7     12      4      0     42     21     48     28     28     13     29     35     56     36     32     53     43     52     37     76     90    104     43     53     79     59    113    112     66     61    111    199    111     32     47     78     42     83     45     78     65     36     74     39     53     16      7     12     11      6     11      0      2      0      1      0      0      4      0      0      0      0      0      0      0      0      0      0      0      0      0      0      0      0      0      0
      0      0      0      0      0      0      0      0      3      0      0      6      0      1      1     10      0      8      0      0      9      1      3     16      6     10     25     14     23     19     37     27      5     18     21     64     51     54     71     35     59     71     61     79     48     61     54    109     58    107     77     73     55     82     82     55     84     36    109     76     70     81     30     44     55     39     48     11     28     33     38     22      8     18      6     10     13      5      2     13      0      0      8      0      0      0      0      0      0      0      0      0      0      0      0      0      0      0      0      0
      0      0      0      0      0      0      0      7      0      0      0      0      0      0      2      0      5      8      2      4      2     10      0      3      2     20     14      7     19     11     49     21     13     35     24     35     44     32     55     65     35     40    118     88     71     85     70     44     86     73     95     85     95     83     93     89     46    122    100    106     85     55     31     58     51     17      8     24     19     34     28     16     26      2      3     12      4     31      1      7      5      0      3     10      0      2      0      1      2      0      0      0      0      0      0      0      0      0      0      0
      0      0      0      0      0      0      0      0      0      0      4      0      0      0      5      0      0      8      5     15      1      0      0     15     20     15      2     27     12     38     16     10     58     36     30     45     45     67     75     47     74     43     63     94     74     74     78    107     91     87    111     55     66     69     63     64     86    107     78     33     64     65     78     36    139     41     47     11     28      7     45      6     57     21     18     30      9      0      0      1      2      0      0      3      0      0      0      5      0      0      3      0      0      0      0      0      0      0      0      0
      0      0      0      0      0      0      0      3     11      0      0      6     13      0      0      0      0     16      0      6     12     10     13      6     13      9     12     14     16     36     61     46      8     36     12     39     28     55     53     47     67     87     44     57    100     86     70    116     92    106     95     81     92     62     65    135    123     85     58     54     50     93     45     55     52     17     15     15     10     32     36     60     30     21      6     13      5      6      4      4     17     12      0      4      0      0      1      0      0      0      0      0      0      0      0      0      0      0      0      0
      0      0      0      0      0      0      0      5     12      0      1      0      0      2      0      4      0      0      1      1      1     18      3      1     17     21     10      6      6     17     13     19      6     31     41     39     17     36    102     67     53     87     59     53     46     91    122     72    103    152     85    112    106    101    127     51     68     74     51     63     38     47     88     56     54     67     10     97     60     12     13     26      9     12      1     14      5     20     28      1      0      0      3      0      3      0      0      0      0      0      0      0      0      0      0      0      0      0      0      0
      0      0      0      1      0      0      0      0      0      3     10      0      7      2      1      1      4      2      0      0      4      3      1     14     16     10      9     17     10     12     42     30     16     24     28     38     47     44     23     70     48     52     65     81     67     70     83     58    113     90     89    119     89    114     66     42    104     64     45     58     57     32     91     19     52     58     49     30     26     15     25     16     24     20      2      6     26      0      8      0      0      0     11      6      0      0      0      0      0      0      0      0      0      0      0      0      0      0      0      0
      0      0      0      0      0      0      0      0      0      0      2      7      0      0      5     11      0     16      2      8     19      6      4     37      1     16     11     18     20     12     28     40     21     27     39     39     43     39     55     42     41     67     84     69     60    103    102    111     91     66     67    126     85     50     92    115     66     73     55     64     91     29     72     30     32     39     27      6     83     25     12      8     17     48     21      8      5      0      8      5     11     10      0      0      5      4      0      1      0      0      0      0      0      0      3      0      0      0      0      0
      0      0      0      0      0      0      0      0      5      0     14      7      0      2      0      0      0      0      5      5      3      0      5     23     20     23      6     24     17     12     11      9     16     40     44     52     85     49     57     40    106     82     33     74     84    114     80     71    131     73    115     48     83    107     92     84     94     86     91     87     94     62     40     48     63     35     25     12     20     18     13     42     11     30     20     11      6     18      5      4      4      0      0      1      0      0      4      0      0      0      0      0      0      0      0      0      0      0      0      0
      0      0      0      0      2      0      0      0      0      1      0      5      1      0      2      4      5      1      9      2      0      6      0      5     12     19     10     19     13     30     35     32     17     30     32     34     51     37     55     86     74     56     74     65     97    109     44     69     84    145    104     65     57     90    110     82     52    101    117     66     47     79    103     48     51     42     44     41     29     49      1     15     20     27     11     14     15      2     10      0      0      4      0      0      0      0      0      0      0      0      0      0      0      0      0      0      0      0      0      0
      0      0      0      0      0      0      0      0      0      0      0      0      2      5     12      7      2      2      1      0      3      4      7      3      5     13      8     45     15     17     34     30     19     38     20     36     37     47     59     45     63     56     44     77     71     69    109     85     67     72     85     47     65     85     73     89     86     79     28     98     72     60     65     52     36     12     18     25     26     43     16     31     21     19     20     13      4     10     28      2      5      0      2      1      0      0      9      1      0      0      0      0      0      0      0      0      0      0      0      0
      0      0      0      0      0      0      0      0      2      0      0      2      0      0      1      2     10      0     26      4      0      8      3      2     14      6     14     18      6     11     22     47      9     14     33     33     31     32     49     22     21     31     81    117     81     82     87     71     59    119    115     85     54     95     51     72    108     90     78     50     78     88     36     45     53     86     36     16     37     26     33      7      7      2     13     13      7      1      9     10     37      6      4      0      3      0      0      0      0      0      0      0      0      0      0      0      0      0      0      0
      0      0      0      0      0      0      2      5      0      0      0      6      0      0      5      0      4      8      2      6      1      0      9     10     12     20      5      3      7     28     47     15     36     33     17      5     25     43     22     17     67     69     44     71    141     76     98    103     45     58     61    104     67     37    131    114     59     80     59     88     60     65     54     37     61     47     21     58     78     13     18     19     22      9      7      9     15      2      5      0      8      1      0      0      0      0      0      0      0      0      0      0      0      0      0      0      0      0      0      0
      0      0      0      0      0      0      0      0      2      1      2      0      0      0      0      1      2      1      7      5      6      9      9      3     11      6     10     11      7      9     27     16     34      9     31     34     44     30     55     49     60     27     33     56     65    107     75     60     57     87     68     54    105    129     86    173    126     73     59     76     65     68     39     32     16     27     46     44     23      9     18     15      5     18     11      0      1     11      6      5      0      0      0      2      0      0      0      0      0      0      0      0      0      0      0      0      0      0      0      0
      0      0      0      0      0      0      0      0      6      5      4      0     15      0     10      2      5      0      4     10      5      4      6      3      4     17     10     10     17      7     28     12      4      6     37     17     31     65     63     92     42     51     42     79     69     59     44    121     51    186     96    100     93     45     29     74     58     97     37     13     48     62     39     34     70     29     47     32     28     54     16     10     11      6      0      1      0      2      7      3      5      0      5      2      9      0      0      0      0      0      0      0      0      0      0      0      0      0      0      0
      0      0      0      1      0      0      0      0      0      1      0      0      6      0      5      0      4      7      2      5      4      3      2      1      4      8     15      8     13      6     10     40     42     22     57     25     39     53     19     90     75     46     68     55     80     79     42     74     58     96     54     46     86     53     80     54     37     54     74     96     65     21     40     67     69     23     42     31     12      3     24     28      9      6      8     11      0      0      7      0      0      1      0      0      0      3      0      0      0      0      0      0      0      0      0      0      0      0      0      0
      0      0      0      0      0      1      0      1      0      0      0      5      5      0      0      7      2      0      0      3     13      6     14      5     14      1      1      6      9     18     26     12     18     22      6     26     12     32      7     51     28     20     29     34     44     62     64     76     79     60     87     37     98     59     80     82     57     22     42     56     46     43     50     49     82     13     22     28     43     26     26     29     19      0     31      2      6      3      1      0     13      1      0      0      0      0      0      0      0      0      0      0      0      0      0      0      0      0      0      0
      0      0      0      0      0      0      1      0      0      0      0      0      4      0      5      0      7      2      2     11      0      0      2     17     25      6      5     11      0     37      3     10     20     16     32     17     17     13     33     48     40     43     32     30     42     55     60     44     40     82    115     69     64     59     50      9     74     72    108     60     51     55     21     44     20     20      4     17     39     22      8      4      5     12      8      9      7      4      3      3      0      2      0      0      0      3      0      8      0      1      0      0      0      0      0      0      0      0      0      0
      0      0      0      0      0      0      1      0      5      0      1      0      1      4      0      0      5     14      0      0     12      0      0      2      4      2      1      1      9     16     23     17     37     36     28     21     24     26     23     29     34     67     58     45     52     47     38     29     68     39     47     28     47     63     41     36     21     38     65     64     18     47     21     40     25     28     19     29     13     31     17      2      5      7      1     11      5      0      0      0      8      0      0      1      0      0      0      0      0      0      0      0      0      0      0      0      0      0      0      0
      0      0      0      0      0      0      7      0      3      1     13      2      0      2      0      1      0      5      0      6      1      9      6      6      1     12      7      2      4      5      1      8      8     29     25      8     25     39     32     34     31     28     40     38     37     26     46     26     24     97     33     64     70     67     18     29     75     23     40     30     45     15      6     21     12     54     31      9      9     20     21      4     13      9      0      9      1      4      8      5     11      0      0      0      0      0      0      0      0      0      0      0      0      0      0      0      0      0      0      0
      0      0      0      0      0      0      0      0      0      0      0      0      2      0      0     10      4      2      5      0      0      9      4      1      6      2      3      9     15     14      5     11     24     13      9     17     25     14     45     34     26     45     38     29     35     53     35     71     41     36     68     57     31     72     43     53     47     41     53     40     32     31     18     29     46     17     11     12     15     14      0     26      3      0      5      5     10      0      0      4      1      0      0      0      0      0      0      0      0      0      0      0      0      0      0      0      0      0      0      0
      0      0      0      0      6      4      0      0      0      0     14      0      0      7      4      0      3      0      0      0      7      2      0      2      5      5      7     12      5     14      6     26     14      3     22     19     25     27     15     41     27     42     42     35     59     19     42     26     76     20     71     10      8     71     43     27     23     60     14      9     41     47     22     35     21     20      3     13      8     12     16     30      5      0     14      0      2     19      4      5      0      1      0      0      0      2      2      0      0      0      0      0      0      0      0      0      0      0      0      0
      0      0      0      0      0      1      0      0      0      0      4      0      1      0      0      0      1      0      0      2      0      3      0      0     12      3     27      9      1      0      7      1     19     21     33     24      4     20     32     24     30     21     50     30     43     33     58     16     22     38     39     62     34     21     44     40     32     55     78     28     43     43     35     23      9      1     14      1     27     16      1      7     11     11     11     11     13      0      6      0      0      4      6      0      0      0      0      0      0      0      0      0      0      0      0      0      0      0      0      0
      0      0      0      0      0      0      0      0      0      0      2      3      1     14      2      0      3      0      0      5      0      1      0      1      0      0      0      0      0      5      6     13     28     12     17     11      5     20     29     41     29     17     20     21     22     21     40     43     41     28     32     38     16     50     21     62     21     11     56     40     65     48     33      8     13     16     22      8     10     17     24      3      2     20      1      0      9      3      0     12      1      0      0      0      0      0      0      0      0      0      0      0      0      0      0      0      0      0      0      0
      0      0      0      0      0      0      0      0      0      9      3      0      0      5      0      0      0      2      0      1      0      0      0      2      1      1      0      4      8      2      5      0     15     20      1     20     13      6     15     26     34     12     27      4     40     32     36     17     33     50     13     48     70     53      3     18     13     28     19     11      9     38     10     57     20     13     27      3     13     12      1      6      5      0      0      6      0      0      0      0      0      0      0      0      1      0      0      0      0      0      0      0      0      0      0      0      0      0      0      0
      0      0      0      0      0      0      0      0      0      0     10      0      4      0      0      2      1      4      2     10      2      0      4      1      0      0      3      5      3      2      1     12      0      8     15      1      0     15     12      6     15     30     32     26     49     12     34     24      8     21     42      9     14     31     27     50     38     30     35     34     26      8      0     23     19      9      6     27     13      6      8     10      6      9      0      1     12      0      0      0      0      0      0      2      0      0      0      0      2      1      0      0      0      0      0      0      0      0      0      0
      0      0      0      0      0      0      0      0      0      0      0      0      3      1      0      0      0      0      0      0      0      4      3      0      0      2      6      0     12      3     10      7      8      4      6      7      1     13     22     23      7      8     18     27     14     22      8     12     55     15     14     26     24     77      8      7     28     10     46     26     14      6     28     15     12     16      2      1      3      6     16      0      9      0      0      0      0      0      0      0      0      0      0      0      0      0      0      0      0      0      0      0      0      0      0      0      0      0      0      0
      0      0      0      0      0      0      0      0      2      0      0      2      0      0      2      3      0      2      0      0     10      0      1      0      0      2      7      3      1      0      7     19      3     16     17      6      7      9     18      1     10     13      6      9     23      1     13      8     18     21     28     17     29      7     25      9     14     23     10     20     17     11     28      5     14     19     13      9      0      4      4      0      0      0      0      0      0     13      2      4     10      0      0      9      0      0      0      0      0      0      0      0      0      0      0      0      0      0      0      0
      0      0      0      0      0      0      0      0      0      0      0      0      0      0      1      0      0      4      0      0      0      1      0      0      5      0      6      1      0      0      3      2      9      5      3      6      0      1     15      6      7      6     18     14     22      4      7     13     28     15     11      9     14      3     13     19     17      8      9     22     15     23      9      8      6      6     23      5     16      2      0      0      6      1      0      0     15      2      0      0      0      0      0      0      0      0      0      0      0      0      0      0      0      0      0      0      0      0      0      0
      0      0      0      0      0      0      0      0      0      0      0      0      0      0      0      0      0      0      3      0      0      2      0      0      0      0      2      0      0      8      0     11      9      1      0      0      3      3      9      2     17      1      0     11     10     16     10     18      0     14     15     26      6      8      3     15     10      8     20     30      9     10      5     12      6      3     10      9      9      0      2      0     19      8      0      0      0      1      0      0      0      0      0      0      0      0      0      0      0      0      0      0      0      0      0      0      0      0      0      0
      0      0      0      0      0      0      0      0      0      0      0      1      0      0      0      3      1      3      1      3      6      0      0      0      0      0      0      1      0      0      1      0      2      3      2      4      5     12     13      1      1      5      6     11      4     12      8      4     21      2      5      8     15     20      3     15      8      9     24      6      0      2      2      6     32     14      7     15      5      0      0      0      2      0      1      0      0      0      0      0      0      0      0      2      0      0      0      0      0      0      0      0      0      0      0      0      0      0      0      0
      0      0      0      0      0      0      0      0      0      2      0      0      0      0      0      0      2      0      0      0      0      1      0      0      2      0      0      5      0      9      1      0      3      1      2      0     12      9      6      3      2     15     16      5      4      6      3     10      0     10     26      5      6      5      9      3      5     14      0      1      0      0     14      3      0      0      8      1      2      6      0      8      0      0      0      0      0      0      0      0      0      0      0      0      1      0      0      0      0      0      0      0      0      0      0      0      0      0      0      0
      0      0      0      0      0      0      0      0      0      0      0      0      0      0      0      0      0      0      0      0      6      0      0      0      0     11      0      0      0      0      0      0      2      0      0      5     17     19      2      4      5      0     11      7     15      8     10     29      0     11      5      1      1      5     10      7     14      2     10     14      4      8      2      0      2      6     14      7     13      1      0      0      1      2      2      0      1      4      0      0      0      0      0      0      0      0      0      0      0      0      0      0      0      0      0      0      0      0      0      0
      0      0      0      0      0      0      0      0      0      0      2      0      0      0      0      7      0      2      0      0      0      5      0      0      0      0      1      0      1      1      4      3      4      2      1      5      3      3      0     10      7      4      0     15      6      1     27      0     13      5      8     30      4      0     12      1     12      0      2      0      1     17      1     11      6      0      2      6      4      7      0      0      0      6      0      0      0      8      0      0      0      0      0      0      0      0      0      0      0      0      0      0      0      0      0      0      0      0      0      0
      0      0      0      0      0      0      0      0      0      0      0      0      0      0      0      0      0      3      1      0      0      0      1      0      0      0      0      0      6      0      0      1      4      1      0      3      3      1      0      1      1     12     16      0     11      0     19      6     24      0      8     13     13      1      9     25      2      6     15      1     11      0      0      0      5      0      0      0      0      1      0     11      0      0      0      0      0      0      0      0      0      0      0      0      0      0      0      0      0      0      0      0      0      0      0      0      0      0      0      0
      0      0      0      0      0      0      0      0      0      0      0      0      0      0      0      0      0      0      0      0      0      2      0      0      0      7      0      2      0      0      3      0      0      0      0      0      3      5      6     15      0      5      0      1      3      4      0      9      0      3      2      0      6     13      0      4      2      9      0      3      0      6     26     13      4      0      2      0      0     10      0      1      0      3      0      0      0      0      0      0      0      0      0      0      0      0      0      0      0      0      0      0      0      0      0      0      0      0      0      0
      0      0      0      0      0      0      0      0      0      0      3      0      0      0      0      0      0      0      0      0      0      0      0      0      1      0      5      0      0      0      0      0      0      0      3      0      1      2      0      0      0      4      6      4      0      1      9      7      3      5      3      7      0      6      0      2      7      4     15      1      0      2      3      0      2      7      1      5      0      0      0      0      0      7      0      0      0      0      0      0      0      0      0      5      0      0      0      0      0      0      0      0      0      0      0      0      0      0      0      0
      0      0      0      0      0      0      0      0      0      0      0      0      0      2      0      0      4      2      0      0      0      0      0      0      0      0      1      0      0      0      0      0      5      0      0      0      0      0      0      1      0      0      0      0      0      0      0      2      3      2      4      5      1     10      6     16      4      0      6      0      5      0      0      0      1      0     10      4      0      1      2      0      0      0      0      5      0      0      0      0      0      2      0      0      0      0      0      0      0      0      0      0      0      0      0      0      0      0      0      0
      0      0      0      0      0      0      0      0      0      0      0      0      4      0      0      0      0      0      0      0      0      0      0      0      0      0      0      0      1      0      2      0      1      0      2      6      0      0      1      0      2      0      7      1      0      0      2      0      0      0      2      8      0      0     10      0      1      1      4      3      1      1      4      0      0      0      0      0      4      0      0      0      0      0      0      0      0      0      9      0      0      0      0      0      0      0      0      0      0      0      0      0      0      0      0      0      0      0      0      0
      0      0      0      0      0      0      0      0      0      3      0      0      0      0      0      0      0      0      0      0      3      0      0      0      0      0      0      0      0      4      0      0      0      0      0      0      2      1      0      2      4      0      1      0      0      1      0      1      9      2      0      0      0      0      6      0      2      9      2      0      3      1      0      1      1      1      0      7      0      0      0      0      0      0      0      0      0      0      0      0      0      0      0      0      0      0      0      0      0      0      0      0      0      0      0      0      0      0      0      0
      0      0      0      0      0      0      0      0      0      0      0      0      0      0      0      0      0      0      0      0      0      0      0      0      0      0      0      0      0      0      0      0      0      0      0      0      0      0      0      0      0      0      4      0      0      0      0      0      0      0     12      0      0      0      0      0      2      5      0      0      0      2      0      2      0      9      0      0      0      0      0      0      0      0      0      0      0      0      0      0      0      0      0      0      0      0      0      0      0      0      0      0      0      0      0      0      0      0      0      0
      0      0      0      0      0      0      0      0      0      0      0      0      0      0      0      0      0      0      0      0      0      0      0      0      0      0      0      0      0      0      0      0      0      0      4      5      0      0      0      0      2      4      3      0      0      1      1      0      0      1      5      0      0      6      1      0      0      0     10      0      0      3      0      0      0      0      6      0      0      0      0      0      0      0      0      0      0      0      0      0      0      0      0      0      0      0      0      0      0      0      0      0      0      0      0      0      0      0      0      0
      0      0      0      0      0      0      0      0      0      0      0      0      0      0      0      0      0      0      0      0      0      0      0      0      0      0      0      0      0      3      2      0      0      0      0      1      2      0      2      5      0      0      0      0      2      0      0      0      0      0      0      0      0      1      0      1      4      1      0      3      0      0      0      0      0      5      0      0      0      0      0      0      0      0      0      0      0      0      0      0      0      0      0      0      0      0      0      0      0      0      0      0      0      0      0      0      0      0      0      0
      0      0      0      0      0      0      0      0      0      0      0      0      0      0      0      0      0      0      0      0      0      0      0      0      0      0      0      0      0      0      0      0      0      0      0      1      0      0      0      0      0      0      1      0      0      1      0      0      0      0      0      3      0      0      0      4      0      0      0      4      0      0      0      0      0      0      0      0      0      0      1      0      0      0      0      0      0      0      0      0      0      0      0      0      0      0      0      0      0      0      0      0      0      0      0      0      0      0      0      0
      0      0      0      0      0      0      0      0      0      0      0      0      0      0      0      0      0      0      0      0      0      0      0      0      0      2      0      0      0      0      0      0      0      0      0      0      0      0      0      3      0      0      0      3      0      0      0      0      0      0      0     11      0      0      2      2      0      0      0      0      0      0      1      0      0      0      0      0      0      0      0      0      0      0      0      0      0      0      0      0      0      0      0      0      0      0      0      0      0      0      0      0      0      0      0      0      0      0      0      0
      0      0      0      0      0      0      0      0      0      0      0      0      0      0      0      0      0      0      0      0      0      0      0      0      0      0      0      0      0      0      0      0      0      0      0      0      0      0      0      0      1      0      0      3      0      0      1      0      0      0      0      0      2      0      2      0      0      0      0      0      0      0      0      0      0      0      0      0      0      0      0      0      0      0      0      0      0      0      0      0      0      0      0      0      0      0      0      0      0      0      0      0      0      0      0      0      0      0      0      0
      0      0      0      0      0      0      0      0      0      0      0      0      0      0      0      0      0      0      0      0      0      0      0      0      0      0      0      0      0      0      0      0      0      0      0      0      3      0      0      0      0      0      0      0      0      0      0      0      0      0      0      0      0      0      0      0      0      0      0      0      0      0      0      0      0      0      0      0      0      0      0      0      0      0      0      0      0      0      0      0      0      0      0      0      0      0      0      0      0      0      0      0      0      0      0      0      0      0      0      0
      0      0      0      0      0      0      0      0      0      0      0      0      0      0      0      0      0      0      0      0      0      0      0      0      0      0      0      0      0      0      0      0      0      0      0      0      0      0      0      0      0      0      0      0      0      0      2      0      0      1     22      0      0      0      0      3      6      0      0      0      0      0      2      0      0      0      0      0      0      0      0      0      0      0      0      0      0      0      0      0      0      0      0      0      0      0      0      0      0      0      0      0      0      0      0      0      0      0      0      0
      0      0      0      0      0      0      0      0      0      0      0      0      0      0      0      0      0      0      0      0      0      0      0      0      0      0      0      0      0      0      0      0      0      0      0      0      0      0      0      0      0      0      0      0      0      0      1      0      0      0      0      4      0      0      0      0      0      0      0      0      0      0      0      0      0      0      0      0      0      0      0      0      0      0      0      0      0      0      0      0      0      0      0      0      0      0      0      0      0      0      0      0      0      0      0      0      0      0      0      0
      0      0      0      0      0      0      0      0      0      0      0      0      0      0      0      0      0      0      0      0      0      0      0      0      0      0      0      0      0      0      0      0      0      0      0      0      0      2      0      0      0      0      0      0      0      0      0      0      0      0      0      0      0      0      0      0      0      0      0      0      0      0      0      0      0      0      0      0      0      0      0      0     19      0      0      0      0      0      0      0      0      0      0      0      0      0      0      0      0      0      0      0      0      0      0      0      0      0      0      0
      0      0      0      0      0      0      0      0      0      0      0      0      0      0      0      0      0      0      0      0      0      0      0      0      0      0      0      0      0      0      0      0      0      0      0      0      0      0      0      0      0      0      0      0      0      0      0      0      0      0      0      0      0      0      0      0      0      0      0      0      1      0      0      0      0      0      0      0      0      0      0      0      0      0      0      0      0      0      0      0      0      0      0      0      0      0      0      0      0      0      0      0      0      0      0      0      0      0      0      0
      0      0      0      0      0      0      0      0      0      0      0      0      0      0      0      0      0      0      0      0      0      0      0      0      0      0      0      0      0      0      0      0      0      0      2      0      0      0      0      0      0      0      0      0      0      0      0      0      0      0      0      0      0      0      2      0      0      0      0      0      0      0      0      0      0      0      0      0      0      0      0      0      0      0      0      0      0      0      0      0      0      0      0      0      0      0      0      0      0      0      0      0      0      0      0      0      0      0      0      0
      0      0      0      0      0      0      0      0      0      0      0      0      0      0      0      0      0      0      0      0      0      0      0      0      0      0      0      0      0      0      0      0      0      0      0      0      0      0      0      0      0      0      0      0      1      0      0      0      0      0      0      0      0      0      0      0      0      0      0      0      0      0      0      0      0      0      0      0      0      0      0      0      0      0      0      0      0      0      0      0      0      0      0      0      0      0      0      0      0      0      0      0      0      0      0      0      0      0      0      0
      0      0      0      0      0      0      0      0      0      0      0      0      0      0      0      0      0      0      0      0      0      0      0      0      0      0      0      0      0      0      0      0      0      0      0      0      0      0      0      0      0      0      2      0      0      0      0      0      0      0      0      0      0      0      0      0      0      0      0      0      0      0      0      0      0      0      0      0      0      0      0      0      0      0      0      0      0      0      0      0      0      0      0      0      0      0      0      0      0      0      0      0      0      0      0      0      0      0      0      0
      0      0      0      0      0      0      0      0      0      0      0      0      0      0      0      0      0      0      0      0      0      0      0      0      0      0      0      0      0      0      0      0      0      0      0      0      0      0      0      0      0      0      0      0      0      0      0      0      0      0      0      0      0      0      0      0      0      0      0      0      0      0      0      0      0      0      0      0      0      0      0      0      0      0      0      0      0      0      0      0      0      0      0      0      0      0      0      0      0      0      0      0      0      0      0      0      0      0      0      0
      0      0      0      0      0      0      0      0      0      0      0      0      0      0      0      0      0      0      0      0      0      0      0      0      0      0      0      0      0      0      0      0      0      0      0      0      0      0      0      0      0      0      0      0      0      0      0      0      0      0      0      0      0      0      0      0      0      0      0      0      0      0      0      0      0      0      0      0      0      0      0      0      0      0      0      0      0      0      0      0      0      0      0      0      0      0      0      0      0      0      0      0      0      0      0      0      0      0      0      0
