\ 
\ Covariance Function Histogram Table
\ 
\ X Parameter: Effective Temperature
\ X Abbrev   : Teff
\ X Units    : K
\ X Items    : 100         
\ 
\ Y Parameter: e cosine omega
\ Y Abbrev   : ecosw
\ Y Units    : none
\ Y Items    : 99          
\ 
|col000|col001|col002|col003|col004|col005|col006|col007|col008|col009|col010|col011|col012|col013|col014|col015|col016|col017|col018|col019|col020|col021|col022|col023|col024|col025|col026|col027|col028|col029|col030|col031|col032|col033|col034|col035|col036|col037|col038|col039|col040|col041|col042|col043|col044|col045|col046|col047|col048|col049|col050|col051|col052|col053|col054|col055|col056|col057|col058|col059|col060|col061|col062|col063|col064|col065|col066|col067|col068|col069|col070|col071|col072|col073|col074|col075|col076|col077|col078|col079|col080|col081|col082|col083|col084|col085|col086|col087|col088|col089|col090|col091|col092|col093|col094|col095|col096|col097|col098|
|int   |int   |int   |int   |int   |int   |int   |int   |int   |int   |int   |int   |int   |int   |int   |int   |int   |int   |int   |int   |int   |int   |int   |int   |int   |int   |int   |int   |int   |int   |int   |int   |int   |int   |int   |int   |int   |int   |int   |int   |int   |int   |int   |int   |int   |int   |int   |int   |int   |int   |int   |int   |int   |int   |int   |int   |int   |int   |int   |int   |int   |int   |int   |int   |int   |int   |int   |int   |int   |int   |int   |int   |int   |int   |int   |int   |int   |int   |int   |int   |int   |int   |int   |int   |int   |int   |int   |int   |int   |int   |int   |int   |int   |int   |int   |int   |int   |int   |int   |
      0      0      0      0      0      0      0      0      0      0      0      0      0      0      0      0      0      0      0      0      0      0      0      0      0      0      0      0      0      0      0      0      0      0      0      0      0      0      0      0      0      0      0      0      0      0      0      0      0      0      0      0      0      0      0      0      0      0      0      0      0      0      0      0      0      0      0      0      0      0      0      0      0      0      0      0      0      0      0      0      0      0      0      0      0      0      0      0      0      0      0      0      0      0      0      0      0      0      0
      0      0      0      0      0      0      0      0      0      0      0      0      0      0      0      0      0      0      0      0      0      0      0      0      0      0      0      0      0      0      0      0      0      0      0      0      0      0      0      0      0      0      0      0      0      0      0      0      0      0      0      0      0      0      0      0      0      6      2      0      0      0      0      0      0      0      0      0      0      0      0      0      0      0      0      0      0      0      0      0      0      0      0      0      0      0      0      0      0      0      0      0      0      0      0      0      0      0      0
      0      0      0      0      0      0      0      0      0      0      0      0      0      0      0      0      0      0      0      0      0      0      0      0      0      0      0      0      0      0      0      0      0      0      0      0      0      0      0      0      0      0      0      0      0      0      0      0      0      0      0      1      0      0      0      0      0      0      0      0      0      0      0      0      0      0      0      0      0      0      0      0      0      0      0      0      0      0      0      0      0      0      0      0      0      0      0      0      0      0      0      0      0      0      0      0      0      0      0
      0      0      0      0      0      0      0      0      0      0      0      0      0      0      0      0      0      0      0      0      0      0      0      0      0      0      0      0      0      0      0      0      0      0      0      0      0      0      0      0      0      0      0      0      0      0      0      0      0      0      0      0      0      0      0      0      1      0      0      0      0      0      0      0      0      0      0      0      0      0      0      0      0      0      0      0      0      0      0      0      0      0      0      0      0      0      0      0      0      0      0      0      0      0      0      0      0      0      0
      0      0      0      0      0      0      0      0      0      0      0      0      0      0      0      0      0      0      0      0      0      0      0      0      0      0      0      0      0      0      0      0      0      0      0      0      0      0      0      0      2      0      0      0      0      0      0      0      0      0      0      0      0      0      0      0      0      0      0      0      0      0      0      0      0      0      0      0      0      0      5      0      0      0      0      0      0      0      0      0      0      0      0      0      0      0      0      0      0      0      0      0      0      0      0      0      0      0      0
      0      0      0      0      0      0      0      0      0      0      0      0      0      0      0      0      0      0      0      0      0      0      0      0      0      0      0      0      0      0      0      0      0      0      0      0      0      0      0      0      0      0      0      2      0      0      0      0      1      0      0      8      0      0      0      0      0      0      0      0      0      0      0      0      0      0      0      0      0      0      0      0      0      0      0      0      0      0      0      0      0      0      0      0      0      0      0      0      0      0      0      0      0      0      0      0      0      0      0
      0      0      0      0      0      0      0      0      0      0      0      0      0      0      0      0      0      0      0      0      0      0      0      0      0      0      0      0      0      0      0      0      0      0      0      0      0      0      0      0      0      0      0      0      0      0      0      3      0      3      0      0      0      0      0      0      0      0      0      0      0      0      0     11      0      0      0      0      0      0      0      0      0      0      0      0      0      0      0      0      0      0      0      0      0      0      0      0      0      0      0      0      0      0      0      0      0      0      0
      0      0      0      0      0      0      0      0      0      0      0      0      0      0      0      0      0      0      0      0      0      0      0      0      0      0      0      0      0      0      0      0      0      0      0      0      1      0      0      0      0      0      0      0      0      0      0      0      0      0      0      0      0      0      0      0      0      0      0      0      0      0      0      0      0      0      1      0      0      0      0      0      0      0      0      0      0      0      0      0      0      0      0      0      0      0      0      0      0      0      0      0      0      0      0      0      0      0      0
      0      0      0      0      0      0      0      0      0      0      0      0      0      0      0      0      0      0      0      0      0      0      0      0      0      0      0      0      0      0      0      0      0      0      0      0      0      0      0      0      0      0      1      0      0      0      2      0      0      0      0      0      0      2      8      0      1      1      1      0      0      0      0      0      0      0      0      0      0      0      0      0      0      0      0      0      0      0      0      0      0      0      0      0      0      0      0      0      0      0      0      0      0      0      0      0      0      0      0
      0      0      0      0      0      0      0      0      0      0      0      0      0      0      0      0      0      0      0      0      0      0      0      0      0      0      0      0      7      0      0      0      0      0      0      0      0      0      0      0      0      0      0      0      0      0      0      0      3      0      0      0      3      0      0      8      0     12      0      0      0      0      0      0      0      0      0      0      0      0      0      0      0      0      0      0      0      0      0      0      0      0      0      0      0      0      0      0      0      0      0      0      0      0      0      0      0      0      0
      0      0      0      0      0      0      0      0      0      0      0      0      0      0      0      0      0      0      0      0      0      0      0      0      0      0      0      0      0      0      0      0      0      0      0      0      0      0      0      0      0      0      1      0      0      0      3      0      0      0      3      3      5      0      0      0      1      0      0      0      0      0      0      0      0      0      0      0      0      0      0      0      0      0      0      0      0      0      0      0      0      0      0      0      0      0      0      0      0      0      0      0      0      0      0      0      0      0      0
      0      0      0      0      0      0      0      0      0      0      0      0      0      0      0      0      0      0      0      0      0      0      0      0      0      0      0      0      0      0      0      0      0      0      0      0      0      0      0      0      0      0      0      0      1      0      0      0      0      0      0      0      0      0      0      0      0      3      0      0      0      6      0      0      0      0      0      0      0      0      0      0      0      0      0      0      0      0      0      0      0      0      0      0      0      0      0      0      0      0      0      0      0      0      0      0      0      0      0
      0      0      0      0      0      0      0      0      0      0      0      0      0      0      0      0      0      0      0      0      0      0      0      0      0      0      0     15      0      0      0      0      0      7      1      0      0      0      0      0      0      0      0      0      1      8      0      0      6      0      6      0      2      5      0      0      0      4      3      0      5      0      8      2      0      0      1      5      0      0      0      0      0      0      0      0      0      0      0      0      0      0      0      0      0      0      0      0      0      0      0      0      0      0      0      0      0      0      0
      0      0      0      0      0      0      0      0      0      0      0      0      0      0      0      0      0      0      0      0      0      0      0      0      0      0      0      0      0      0      0      0      0      4      0      0      0      0      0      0      0      0      0      0      1      0      0      0      3      0      3      5      0      0      0      0      2      1      0     10      0      0      0      0      0      0      0      0      0      0      0      1      0      0      0      0      0      0      0      0      0      0      0      0      0      0      0      0      0      0      0      0      0      0      0      0      0      0      0
      0      0      0      0      0      0      0      0      0      0      0      4      0      0      0      0      0      0      0      0      0      0      9      0      0      0      0      0      0      0      0      2      0      0      0      0      0      0      0      0      0      0      0      0      0      0      0      0      5      0      0      1      0      6      3      0      3      0      0      0      0      7      0      0      3      0      6      0      0      0      0      0      0      0      2      0      0      0      0      0      0      0      0      0      0      0      0      0      0      0      0      0      0      0      0      0      0      0      0
      0      0      0      0      0      5      0      0      0      0      0      0      0      0      0      0      0      0      0      0      0      0      0      0      0      0      0      0      0      0      0      0      0      2      0      0      0      0      0      0      3      0      0      0      0      4      0      8      9      0      3      2      0      0      0      2      0      0      0     11      0      0      6      0      6      0      0      0      0      0      2      0      0      2      0      0      0      0      0      0      0      0      0      0      0      0      0      0      0      0      0      0      0      0      0      0      0      0      0
      0      0      0      0      0      0      0      0      0      0      0      0      0      0      0      0      0      0      0      0      0      0      0      0      0      2      3      0      5      0      5      0      1      0      0      0      0      1      0      0      0      0      5      0      0      0      1      1      0      0      1      4      0      1      7      0     10      0      5      0      0      0      2      0      0      0      0      0      0      0      0      0      0      0      0      0      0      0      0      0      0      3      0      0      5      0      0      0      0      0      0      0      0      0      0      0      0      0      0
      0      0      0      0      0      0      0      0      0      0      0      0      0      0      0      0      0      0      0      0      0      0      0      2      3      0      0      3      0      0      0      0      0      0      0      0      8      0      0      0      0     22      2      1      0      1      9      2      2      0      6      0      0     14      2      0      0      1      0     14     11      6      0      1      0      1      0      4      9      0      0      0      0      0     12      0      0      0      0      0      0      0      1      0      0      0      0      0      0      0      0      0      0      0      0      0      0      0      0
      0      0      0      0      0      0      0      0      0      0      0      0      0      0      0      0      0      0      0      0      0      0      0      0      0      0      0      0      0      0      1      0      0      0      0      0      0      0      2      2      0     13      0      3     13      0      1      0      0      4     15      6      6      0      6      1      1      0      2      0      1      8      0      0      0      0      0      0      1      5      1      0      0      0      0      0      0      0      0      0      0      6      0      0      0      0      0      0      0      0      0      0      0      0      0      0      0      0      0
      0      0      0      0      0      0      0      0      0      0      0      0      0      0      0      0      0      0      0      0      0      0      0      2      0      4      0      4      2      0      4      7      2      0      0      1      0      0      2      0      0      1      2      1      5      0      6     17      0      0      4      5      0      5      4      0      2      4      5      5      9      0      0      1     12      2      1      4      0      0      0      8      0      0      0     11      0      0      2      0      0      0      0      0      0      0      0      0      0      0      0      0      0      0      0      0      0      0      0
      0      0      0      0      0      0      0      0      0      0      0      0      0      0      0      0      0      0      0      0      0      0      0      0      0      4      0      0      0      0      3      0      0      0      0      2      2      5      0      0     14      1      1      0      0     17     12      2      5      8      1      2      0      7      1      4      0      2      7     14      6      8      6      0      0      0      4      5      0      0      0      0      0      1      0      0      0      0      0      0      0      0      0      0      0      0      0      0      0      0      0      0      0      0      0      0      0      0      0
      0      0      0      0      0      0      0      0      0      0      0      0      0      0      0      0      0      0      0      0      0      0      0      0      0      2      0      0      1      0      3      0      8      1      3      5      6      0      1      4      7      0      9      2      3     29      2      2     17      8      0      5      0      2     11     20      7     14      0      6      0     17     17      0      0     23      0      0      8      0      3      0      0      0      0      0      0      3      0      0      0      0      0      0      0      0      0      0      0      0      0      0      0      0      0      0      0      0      0
      0      0      0      0      0      0      0      0      0      0      0      0      0      0      0      0      0      0      0      0      0      0      0      0      0      0      0      0      5      0      0      0      0      2      6      0      1      2      3      0      9      6      9      5      3      0     10      4      0      0     10      0     16     19     14      0     10     10      0     19      4      6      1      0      1      2     13     16      6      0     12      0      4      0      0      0      0      0      0      0      0      0      0      0      0      0      0      0      0      0      0      0      0      0      0      0      0      0      0
      0      0      0      0      0      0      0      0      0      0      0      0      0      4      0      0      0      0      0      0      0      0      0      0      0      0      0      0      0      4      0      5      9      6      7     18     10      0      0      3      7      1      8      6      2      3      4      4     19      0      3      3      0     14     19     12      6      5     18      0     11      3      4      4      0      3      0      0      4      2     10      0      0      7      0      0      0      0      0     12      0      0      0      0      1      0      0      0      0      0      0      0      0      0      0      0      0      0      0
      0      0      1      0      0      0      0      0      3      2      0      1      0      0      0      0      0      0      4      1      0      0      0      1      1      0      0      0      4      0      2      2      8     12      6     38      4      1      3      8      5      1      3     15      3      4     11     13      9     12      0      7      3     13      8      4      4      3      6      4      8     20     23      0      4      3      0      3      5      2     22      0      0      0      0      0      0      3      0      0      0      0      2      0      0      0      0      0      0      0      0      0      0      0      0      0      0      0      0
      0      0      0      0      0      0      0      0      1      7      0      0      0      0      0      0      0      1      0      0      0      0      6      0      0      0      0      4      4      0      0      7      3      0      6      3      4      5      0     10      2      2      5      4      2      0     11     15     10      2     19     13      7      2      8     16     15      2      4      9     34      2      7      0      7     27      0      5      7      0      4      0      0      3      2      3      0      0      0      0      0      0      0      0      0      0      0      0      0      0      0      0      0      0      0      0      0      0      0
      0      0      0      0      0      0      0      1      0      0      0      0      0      0      0      0      0      0      0     14      0      0      0      1      4      2      0      1      1      0      6      0      9      3     13     17      3     13      5      3      1     19      9      0     43     20      3      0     14     25     17     25     13     30     11     15      6     13     11      2      7      1     13     33      1      3      0      5      8     10     14      2      1      1      0      0      2      0      0      0      0      0      0      0      0      0      0      0      0      0      0      0      0      9      0      0      0      0      0
      0      0      0      0      0      0      0      0      0      0      0      0      0      0      0      0      1      0      0      0      1      2      0      0      4      0      0     13      7     10      6      2      7     15     10      6      3     23     19     19     21     34      7     17      9     10     26      9     29     27     23     11     17     10     13     15     17     29      7     14     11      7     13     16      4      8      9     13     19      0      6      0      0      0      0      1      2      0      0      0      0      0      0      0      0      0      0      0      0      0      0      0      0      0      0      0      0      0      0
      0      0      0      0      0      0      0      1      0      0      0      0      0      6      0      0      0      2      0      2      0      0      0      0      0      6      1     11      3      1      2     17      1     22     14     11     15     10      2     19     21     13     10     15      5     29     26     28      2     14      7     26     47     15     12     29     22     39     25     10     29      3      9     12      0      1     24      3      4      8      2      1      0      1      1      0      0      0      0      0      0      0      0      0      0      4      0      4      0      0      0      0      0      0      0      0      0      0      0
      0      0      0      0      0      0      3      0      0      0      0      0      0      1      0      2      0      1      0      6      1      0      1      5      0     12      1     14      7     10      1     15      4      7      0     10      6      9     13     22     17     10      3     33      9     23     10     23     19     15     20     28      4      8     16     12     21     18     16     13     12     13     13      9     27     14     20      4     38      1      3     14      1      0     29     12      0      1      1      0      1      0      0      0      0      0      0      0      0      0      0      0      0      0      0      0      0      0      0
      0      0      0      0      0      5      0      0      0      1      0      2      0      0      0      1      0      1     15      0      3      0      2      3      0      0      2      1     12      0     11      1      7     11     11      5      2     20     21     27     17     20     17      5     11     46     52     18     16     13     33     29     24     28     18     28     17     19     16     52     14      3      9     10     11     15     16      5      4      6     11      0      6     10      5     12      2      1      0      0      0      2      1      0      0      0      0      4      0      0      0      0      0      0      0      0      0      0      0
      0      0      0      0      0      0      0      4      0      0      0      0      0      0      0      0      5      6      9      9      0      3      2      1      1      0      6      3      6      4     16      1      0      6     12      9      9      3     21     34     11     38     15     12     34     11     31      5      6     39     19     28     53     55     33     37     50      7     10     42     24     18      5     23     32     13     10     16     14     14      2      5      4      3      0      4      0      0      0      0      0      0      0      0      0      7      0      0      0      0      0      0      0      0      0      0      0      0      0
      0      0      0      0      0      4      0      0      0      7      0     11      6      0      0      0      6      0      3      0      3      2      4      6      1      2      9     24     19     15      0      6     16     14      1      6     21     13     19     14     33     30     25     20      6     51     39     74     51     43     34     41     44     19     31     35     22     10     20     24     14     19      8     18     20     18      8      3     19     18      2      6     13      0      2      0      2      0      0      0      0      0      0      2      0      0      0      0      0      0      0      0      0      0      0      0      0      0      0
      0      0      0      0      0      0      0      0      0      0      3      0      0      1      3      7      0      5      6      5      0      2      8      0     10      4      3     12      8      5      4     10     17     27     26      9     11     24     58     11     20     32     19     44     41     15     50     25      7     50     43     59     11     23     45     38     43     19      6      8     39     32     17     21     19     17      9      2      1      1     21     17      8      0     15      9      5      0      0      0     16      0      0      0      0      1      0      0      0      0      0      0      0      0      0      0      0      0      0
      0      0      0      0      0      0      7      0      0      0      0      2      0      0      3      1      3      4     13      0      2      2      5      2      6      7      2      7      5      7     28     24      5     17     23      9      5      5     14     26     29      8     48     11     18     13     64     45     29     35     46     46     22     24     55     69     46     33     28     20     54     23      9     14      6     23      7     49     40     11     17      0      9      4      8      2      1      3      0      0      0      0      5      0      0      0      0      0      0      0      0      0      0      0      0      0      0      0      0
      0      0      0      0      0      0      0      0      0      0      0      0      0      0      9      0      0      0      5      0      0      0     21     13      9     12      4      2      4     17      5      7     33     36     22     29     11     24     37     14     23     22     54     36     21     30     39     41     61     47     86     43     57     24     43     29     55     36     65     24     48     18     67      1     30     29      2      4     30      1     25     18     11      3     32      7      0      3      0      5      0      0      0      0      0      0      0      0      0      0      0      0      0      0      0      0      0      0      0
      0      0      0      0      0      1     11      0      0      0      0      5      0      0      1      0      0      1      3     17      8      0      2     24      4      6      5     15     15      8     11     40     21     46     30     25     24     21     22      4     51     57     20     55     52     85     20     36     64     18     20     40     66     36     23     39     40     56     46     31     27     30     10     38      7     38      6     26     46     10     15      9      6      1      8     17     10     12      2      0      0     11      0      0      0      0      0      0      0      0      0      0      0      0      0      0      0      0      0
      0      0      0      0      0      0      0      0      0      0     11      0      3      0      0      0      0     15      0      0      0      0      3      0      4     11      7      3      8     14     15      7     15     21     15     16     12     18     52     42     35     54     40     41     51     59     85     70     69     17     59     44     51     34     54     28     44     50     52     47     30     28     47      9     15     38     24      7      2     36     18     10      1      9      0      0      3     19      0      0      3     12      0      0      0      0      0      0      0      0      0      0      0      0      0      0      0      0      0
      0      0      0      0      0      0      2      0      0      0      0      0      6      0     13      0      8      0     11      0      1      1      1      1     15      7      7     11     19     10     19     21     22     17     25     34     12     42     41     35     38     48     49      9     23     49     58     45     40     70     22     20     75     66     59     34     56     28     30     24     63     14     28     25     23     15     12     13     13     12     60      7     25      4      1      6      8      2     18      0      1     10      0      0      0      0      0      0      0      0      0      8      7      0      0      0      0      0      0
      0      0      0      0      0      4      0      0      0      0      6      1      9      0      2      8      1      5      8      4     11      0      8      0      7     12      4     28      3      8     19     15     15     34     25     27     45     37     47     56     37     43     29     64     26     53     57     84     50     60     54     44     56     89     55     46     59     28     73     46     27     14     53     17     24     45     20      9     10     22     26      5      9     12      1      0     15     19      2      0      0      5      0      0      0      0     11      1      0      0      0      0      0      0      0      0      0      0      0
      0      0      0      0      0      3      2      0      0     16      0      0      0      0      0      6      0      7     14      8      4     18      0      1     10     13     10     19     18     19      9     12     23     20     24     52     34     44     37     67     40     43     82     42     41     70     93     58     41     49     49     50     43     46     83     53     30     30     49     51     55     73     19     16     13     12     45     18     21     20      3     11     19     16      2      0      4      1     23      1      1      0      0      0      0      0      0      0      0      0      0      0      0      0      0      0      0      0      0
      0      0      0      0      1      0      0      0      0      8      0      1      7      3      0      3      8     17      3     22      7     12     31      1      1      0      3     24      5      5     32     34     39     18     23     39     28     20     53     41     40     60     32     50     52     47    102     91     52     94     97     62     88     59     60    102     60     64     49     16     59     73     75     25     20     47     13     18      6     15     67     21      2     29      6     14      1     11      4      6      0      1      0     11      0      1      0      0      0      0      2      0      0      0      0      0      0      0      0
      0      0      0      0      0      1      0      1      0      0      0      8      3      0      4      4     17      0      7      1     16      4      5      0      0      4      5     13      3     10     39     29     14      6     28     40     36     45     46     52     59     67     31     53     43     81     64     65     70     77     71     53     84    111     75     45     91     80     32     48     80     41     84     43     72     42     69     33     40     17     34     17      7      1      3      2      5     11      8      0      2      0     22      0      0      0     12      0      0      6      0      0      0      1      0      0      0      0      0
      0      0      0      0      0      0      0      0      0      0      2      0      0      0      2      6      4      2      3     19      8      0      0     14      5      5      7      8     40      5     18     38     35     17     28     22     41     13     44     26     77     53     54    104    102     75     75     81     52     64     93     97     81     27    135     34     59     67     63     68     81     65     33     81     40     41     43     18     12      9     22     26     13     16      9      1     11      1      0      1      6      2      9      3      0      0      0      0      0      0      0      0      2      0      0      0      0      0      0
      0      0      0      0      0      0      0      0     10      0      1      0      0      0      0      4     19      1      2      1      7      0      5     28      0     11      8     17     14     16     26     39     13     34     56     12     40     16     56     43     16     96    116     82    119     53     83     82     84    116    100     55     75     72     78    141    115     57     42     58     57     63     67     54     80     34     29     20     20     37     19      5      9     12      4      7      5      0      6      0      3      0      2      0      0      0      0      0      0      0      0      0      0      0      0      0      0      0      0
      0      0      0      0      0      0      0      0      0      0      1      0      0      0      5      3      1      3      2      6      2      8      5      0     14      6      9     30     24     26     27     15     17     29     35     25     95     40     69     79     83     52     52     49    130     77    110    101     54     49     83     65     85     79     39     74     55     79     67     65     46     67     53     43     78     45      6     21     10     24     52      4      5     21     25      2     15      0      0      0      1      1     13      0      0      0      0      0      0      0      0      0      0      0      0      0      0      0      0
      0      0      0      0      0      0      2      0      2      0      0      4      5      2      0      4      4      4      3      0      8      9      5     12      6      7     10     26      5     18     18     18     14     22     61     47     75     45     52     27     33     64     90     72    119    102     71    115     69     99    103     42     53     88    127     62     52     82     53     75     88     65     30     73     48     44     31     17     12      7     22     16     15     19      2      9     12      3      4     17      0      0      2      0     10      7      9      0      0      0      0      0      0      0      0      0      0      0      0
      0      0      0      0      2      0      0      0      4      0      0      0      0      0      0      6      0      2      2     13      0     18      6      4     14      5     31     21     21     14     17     64     32     19     51     46     53     49     65     65     77     66     63    104     84     73     79     39     71    126     92    122     44     60     95     71    136     95     81    105     49     47     50     45     10     36      5     71     28     36      3      7     10     28     16     31      0     12     19     11      0      0      3      0      0      2      0      3      0      0      0      0      0      0      0      0      0      0      0
      0      0      0      0      0      0      0      9      2      0      8      8      0     15      2      0      0     16     13      8     10      4      4     16     14      7     12     10      8      8     32     60     48     30     48     40     24     79     48     48     53     61    109     75    116     83     89     43    104    136     78    118     74     55     73    101     81     69     69     39     56     67     40     60     39     70     32     27     23     26     17     15     10     36     16      6      0      3     32     18      1      1      0      6      1      0      0      0      0      0      0      0      0      0      0      0      0      0      0
      0      0      0      0      0      0      1     12      5      2      0      0      0      1      0      0      0      6      2      2      2      4      0      1      0     10     19     23     13     24     21     11     41     25     37     20     65     60     59    106     59     84     81     66    107     60     95    101     63     79    123     96     85     77    116     58     78    132     91     46     42     67     52     44     51     32     15     39     30     29     13     64     19     23     10     14      8      0      5      3      0      4      0      0      0      0      0      3      1      0      0      0      0      0      0      0      0      0      0
      0      0      0      0      0      0      1      1      0      2      8      7      8      0      0      2      0      9      0      5      1      4     13      7      2     12     12     11      0     28     35     13     39     26     60     51     29     43     31     62     25     83     71     70    111    163     34    122    100     73     48    115     49     58     86     76     92     50     93     56     31     48     45     55     55     23     26     24     28     12      6     15     11      9     33     15      1      3      0     19      7      8      0      0      0      0      4      0      4      0      0      0      0      0      0      0      0      0      0
      0      0      0      0      0      0      2      8      0      0      0      1      2      3      0      0     39      8      0      7     16      1      2     15      5     12     17     25      6     31     29     40     40     17     46     26     49     28     79     50     47     96     76     62     61     65    141     63     92    103     79    106     79     70     94    113     69     62     73     46     81     38     27     40     84     21     42     10     37     15     22     11     23      8     32     14     12      5     13      0     11      0      0      0      0      4      0      3      1      0      0      0      0      0      0      0      0      0      0
      0      0      0      0      0      0      2      6      0     12      0      0      0      9      0      2      4     11      2      0      3      1      4      1      6      4     41     12     14     38     22     27     31     20     37    102     29     44     39     29     82     96     79    109    137     78     62     78    105    104     96     90     49     62    160     74     61    124     92     88     21     60     44     14     75     42     33     49     23     19     10     20     22     28      7      0      1     32      0      3      1      0      9      0      0      0      0      0      0      0      4      0      0      0      0      0      0      0      0
      0      0      0      0      0      4      1      2      2      1      0      0      0      0      2     11     15      5      0      0      8      0      1      6      2      6     13     33     15      9     23     72     33     20     43     30     52     81     64     33     42     70     67     72     79     68    101    137     82    103     76     96     64     97    110     34     81    133     67    113     21     88     72     61     61     44     39     40     31     16     21     17     29     16      4     12      0      7      1      6      0      0      1      0      0      0      2      0      0      0      0      0      0      0      0      0      0      0      0
      0      0      0      0      0      0      6      0      1      0      0      0      8      1      5      0      5      0     11      6      5      9      3     17      2     34     11     13      0     19     10     35     15     43     31     34     44     72     49     77     49     44     46     61     71     52     94    113    132     79     60     66    105     66     50     58     69     71     79    106     36      6     31     55     71     35     30     32     17      0     38     24     28     12     17     16     12      6     27      2      5      0      0      2      2      1      2      2      0      0      0      0      9      0      0      0      0      0      0
      0      0      0      0      0      0      0      0      2      0     26      1      0      0      2      1      0      9      5      9      4      5      1      7      4      1     20     17     13     36     23     10     16     19     31     42     36     29     49     43     53     66     55    102     90     84     96     75     71     70     80     78     36    117     98     58     68     97     79     52     49    100     45     64     36     47     12     46     73     11     15      8     14     17      3      7     11      5     43     20      6      3      0      0      0      0      0      0      0      0      0      0      0      0      0      0      0      0      0
      0      0      0      0      0      0      6      0      0      0      2      4      1      2     14      3      0      0      0      1      0      7      0      6     12     15     24      7      7     26     16     15     21     20     21     47     58    104     53     38     55     52     75     81     70     97     96     44     81     68     77     50     81     88     90     93     91     44     82     80     36     60     61     33     59     30     34     63     18     54     10     33      4      7     13      9      5      0     10      1      7      0      0      0      0      2      0      0      0      0      0      0      0      0      0      0      0      0      0
      0      0      0      0      0      0      0      1      0      2      0      0      1      2      3      2      0      8      8      0      8      4      9      0      5      3     12      3     39      8      4     21     20     40     23      9     38     48     74     68     50     70     50     76    131     61     75     93     66    104     56     60    113     74    117     59     81    100     57     34     70     46     92     43     48     20     24     27     39     11      1      6      4      0     14      2      7      6     15      3      0      0      0      0      0      0      0      0      0      0      0      0      0      0      0      0      0      0      0
      0      0      0      0      0      0      2      4      4      4      0      2      4      8     19      9      9      0      5      0      1      4      6      8     11      0      2      2     12     12     18     39     10     30     52     32     39     61     31     74     64     81     63     77     49     92     82     69     70     95     75     80     88     95     54     43     72     48     70     51     66     52     46     19     32     57     26     48     20     41     10      9     11      7      0      5      0      5      5      4      0      0      0      0      0      0      0      0      0      9      0      1      0      0      0      0      0      0      0
      0      0      0      0      0      0      0      1      0      0      0      1      0      0     14      6      1      1      1      0      2      1     20      5      1      1     22     10     21      6     12     58     24     52     11     37     31     80     46     78     34     60     76     55     47    112     54     49     68     82    108     44     70     66     59     67     24    135     87     98     33     22     13     22     88     11     16     39     11     10     23      6      4     15      1      2      2      0      0      6      2      3      0      0      0      0      2      0      0      0      0      0      0      0      0      0      0      0      0
      0      0      0      0      0      1      0      0      2      0      0      1      0      0      4      2      2      9      0      5      0      7      5     23      4      8     14     19     18      5     21     37      7      8     26     28      9     39     28     38     43     24     49     59     62     50     53     46     70    102     74     69     55     53     61     57     59     45     46     46     64     35     37     60     32     75     39     36      1     19     46      5      3      2      5     11      2      1      1      0      0      0      5      0      0      0      0      0      0      0      0      0      0      0      0      0      0      0      0
      0      0      0      0      0      4      5      1      0      0      1      0      2      0      0      3      0      3      8      1      0      2      2      2     10      5      3     27     13      1     22     20     14     24     13     26     73     33     24     39     57     59     57     42     28     28     57     55     65     71     45     87     52     30     80     38     56     85     48     87     47     26     75     46      8     22     16      1     19     16      9      5     15     10      5      3      9      1      0     15      0      0      0      2      0      0      0      3      0      0      1      0      0      0      0      0      0      0      0
      0      0      0      0      0      0      2      6      6      2      0      0      0      9      0     13      1      4      0      3      2      2      2      4      0      6      0      2      8     20     31      6     10     45     38     22     20     33     50     42     52     40     46     35     86     38     67     36     33     46     48     49     46     63     20     61     34     11     43     54     39     16     28     21     41     16     20     24     17     12     18      5      1     10      7     11      6      1      7      0      0      0      0      0      0      0      0      0      0      0      0      0      0      0      0      0      0      0      0
      0      0      0      0      0      3      0     12      9      2      3      6      0      1      1      0      0      0      3      1      3      1      2      0      8     11      3     20      5     17      7      0      6     16     38     34     38      5     32     35     41     46     29     22     50     43     42     70     59     43     22     28     60     41     72     45     28     62     21     21     54     20     42     54      8     19     25      5     11      6      0      1      7      1      8      0      6     12      0      0      2      2      0      0      1      0      0      0      0      0      0      0      0      0      0      0      0      0      0
      0      0      0      0      0      0      0      0      2     10      1      0      0      0      0      1      4      2      0      1      0      0      0      2      0      0      9     21      2     11     15     28     21     31     23      9     11     31     38     69     42      9     15     42     52     27     56     32     42     37     51     85     76     28     47     56     49     32     32     29     28     70     32     13     38     17      2     17      6     20      1      5     12      9      2      9      8      0      0      6      0      0      0      0      0      0      0      0      0      0      0      0      0      0      0      0      0      0      0
      0      0      0      0      0      0      3      0      0      6      4      0      0      9      0      0      0      7      5     20      4      0      0      0      6      6      5     11     15      0      8     25      6     14      8     17     39     25     48     38     45     27     29     38     14     34     70     55     66     34     28     24     15     39     83     13     40     18     33     14     47     29      7      7     24     15     25     23     20     11      4     11     19     25      4      6      0      0      0     13      2      0      0      0      0      1      0      0      0      0      0      0      0      0      0      0      0      0      0
      0      0      0      0      0      4      0      1      0      0      0      0      0     14      0      1      0      0      0     14      1      0      2      0      0      6      6      7      1      0      7     20      3     24     13     11     20     48     31     69     44      5     21     39     51      9     55     41     27     48     37      8     31     54     48     56     23     36     42     63     35     20     46     20     22     22      0     10      0     36      4      7      6      0      9      8      7      2      8      0      5      8      0      0      0      0      0      0      0      0      0      0      0      0      0      0      0      0      0
      0      0      0      0      0      0      5     11      0      1      0      3      0      0      0      2      0      0      2      0      1      0      1      0      1      0      4     17     10      0      5     13     20     15     15     27     19     17     44     12     29     27     22     20     23     10     49     33     43     16     36     27     34     45     27     53     82     31     24     31     23     21     22     12     28     57     26     11      5     19      1      3      3      4      3      0      0      0      0      6      0      0     12      0      0      0      0      0      0      0      0      0      0      0      0      0      0      0      0
      0      0      0      0      0      0      3      9      5      0      0      0      0      0      0      0      2      1      1      0      0      1      0      0      0      0      0      0      1     15      1      8      7     16     24     20      9      4     17     14      9     44     37      5     22      6     23     29     79     50     61     40     32     54     19     25     25     10     20     20     38     26     11      6      4     13      4     23     11      8      0      0     17      2      0      0      4      3      2      1      0      0      0      0      0      0      0      0      0      0      0      0      0      0      0      0      0      0      0
      0      0      0      0      0      0      8      0      0      1      0     10      2      0      0      0      0      0      4      0      3     10      0      0      0      0      6      9      0      2      8      8      2     13     13     10     30     27      7      6     32     15     35     30      6      4     11     15     23     26     18     17     42     11     44     31     25     56     27     41     24     17     16      5     16     17     16      3     22      7      2      4      4      0     10      9      0      0      7      0      0      0      0      0      0      0      0      0      0      2      1      0      0      0      0      0      0      0      2
      0      0      0      0      0      0      0      0      0      0      3      0      0      0      0      4      1      0      0      2      0      1      1      0      3      8      3      1      3      5      1     11     15     16     11      0     11      6     15     13     11     35     12     37     37     10      1     27     34      2     23     23     19      1      7     40     55     24     14     39      5      8      1     21     29     24     11      9      9      8      0      0      2      0      3      0      0      0      0      0      0      0      0      0      0      0      0      0      0      0      0      0      0      0      0      0      0      0      0
      0      0      0      0      0      0      0      0      0      0      1      0      0      0      0      2      0      2      3      2      1      2     10      3      0      0      0      3      5      7      4     10     13      0     12     19     18     13      2     16     11     13      9     13      8     12     10     30     17     25      6     18     18      5     26      9      5     43     19      5      6      9     31     12      2      6     16     15      9      6      0      2      3     12      0      0     25      0      0      0      0      0      0      0      0      0      0      0      0      0      0      0      0      0      0      0      0      0      0
      0      0      0      0      0      0      0      0      0      0      4      0      0      0      0      0      1      0      4      1      0      0      0      0      5      0      2      0      6      1      9      0      1      1      0      6      2     16      5     14      6     20      5     15     13     21      4     14      8     23     33      3      3     16      6      9      8     19     27      2     24     14     10      6     10     16     16      0      2      3      5      5      1      2     15      0      0      0      0      0      0      0      0      0      0      2      0      0      0      0      0      0      0      0      0      0      0      0      0
      0      0      0      0      0      0      0      0      0      0      0      0      0      0      0      0      0      0      0      3      0      0      0      2      0      0      0      0      0      7      1      2     18      2      3      1      8      3     10      8      6      7      7      3      0      8     13     14      9      6      3     27     10     17     15     14     12     18      1      8     18     34     14      0      9      5     11      0      3      9      0     16      8      0      0      0      0      0      0      0      0      0      0      0      0      0      1      0      0      0      0      0      0      0      0      0      0      0      0
      0      0      0      0      0      0      0      1      0      3      0      6      0      0      0      0      0      2      0      0      0      0      0      5      0      3      1      0      0      0      0      1      0      2      3      2      7      9      2      3      9      6     12      5      3      7     11     18     13      4     21     12      3      8     22     23      8      6     29      2      6      5      1      1     10     12     11      9      2      5      0      0      0      0      0      0      1      1      0      1      0      0      0      0      0      0      0      0      0      0      0      0      0      0      0      0      0      0      0
      0      0      0      0      0      0      2      0      0      0      0      0      0      0      0      2      0      0      1      0      0      0      1      0      1      0      0      1      0      2      5     12      4      0      0      0      4      0      4     10      9     11      1     11     10      1      9      0      6     31      2     19     12     16      2      1      4      7      4      2      0     14      3      1      1      9      0      2      1      0      7      0      0      0      0      0      0      0      0      0      0      0      0      1      0      0      0      0      0      0      0      0      0      0      0      0      0      0      0
      0      0      0      0      0      0      0      0      0      0      0      0      0      0      0      0      0      0      0      0      0      0      0      6      0      1      0     11      8      2      0      0      0      0      0      6      7      2      0      0     31      4     19      1     14     15      3     19     11     10      7      7      1     15      8      1      0      6      3      1      4      0     14      0      5     14      0     22      0      2      2      1      7      2      4      0      1      1      0      0      0      0      0      0      0      0      0      0      0      0      0      0      0      0      0      0      0      0      0
      0      0      0      0      0      0      0      0      0      0      0      0      7      0      2      2      0      0      0      0      5      0      0      2      1      1      1      0      0      0      0     15      2      2      2      0      5      9     11      0     14      0      2      7      0      5     11      4     14      3     10     14      9     12      0     11     19      0      6      6      2      0     12      0      2      2      9      0      0      2      4      7      8      0      0      0      6      0      2      0      0      0      0      0      0      0      0      0      0      0      0      0      0      0      0      0      0      0      0
      0      0      0      0      0      0      0      0      0      0      0      0      0      1      0      0      0      0      2      1      0      0      1      0      0      0      0      0      2      0      0      1      2      1      0      0      3     15      7      8      0      6      0      1      0     23     26      8      0      6     20      8     14      3      1      7      9     20      1      0      0      5      0      8      8     12      0      0      0      0      0      0      0      2      2      0      0      0      0      0      0      0      1      0      0      0      0      0      0      0      0      0      0      0      0      0      0      0      0
      0      0      0      0      0      0      0      0      0      0      0      0      0      0      0      0      0      2      0      0      0      0      0      0      0      0      5      0      0      0      5      7      0      8      0      4      0      0      0      0      1      0      0      0      3     13      9      7      1      0      5      6      0      4     13     10      3      0      1      0      0      0      0      9      0      2     12     15      0      0     10     13      0      0      0      0      4      0      0      0      0      0      0      0      0      0      0      0      0      0      0      0      0      0      0      0      0      0      0
      0      0      0      0      0      0      0      0      0      0      0      0      0      0      3      0      0      0      0      0      0      5      0      1      0      0      0      0      0      0      0      0      0      0      1      0      3      0      4      0      0      2      1      6      1     10      0      2      0      0     13      6      7      5      6     21      2      2      1      5      0      0      1      0      0      0      9      2      0      0      0      0      0      0      0      0      0      0      0      5      0      0      0      7      0      0      0      0      0      0      0      0      0      0      0      0      0      0      0
      0      0      0      0      0      0      0      0      0      0      0      0      4      0      0      0      2      2      0      0      0      0      0      1      0      0      0      0      0      0      0      0      0      0      0      0      0     10      0      1      0      0      2      0      0      0      8      0      0      2     10     11      0      0      3      5      0      1     10      2      2      1      3      4      0      3      0     10      0      0      0      0      5      0      0      0      0      0      0      0      0      0      2      0      0      0      0      0      0      0      0      0      0      0      0      0      0      0      0
      0      0      0      0      0      0      0      0      0      0      0      0      0      0      0      4      0      0      0      0      0      0      0      0      1      0      0      0      0      0      0      1      0      0      0      2      0      2      1      0      0      8      2      1      1      0      0      0      6      0      0      8      1     12      2      4      0      0      3      0      0      0      1      0      3      0      1      4      0      0      0      0      9      0      0      0      0      0      0      0      0      0      0      0      0      0      0      0      0      0      0      0      0      0      0      0      0      0      0
      0      0      0      0      0      0      0      0      0      0      0      3      0      0      0      0      0      0      3      0      0      0      0      0      0      0      0      0      0      0      0      0      0      0      0      0      2      0      4      0      0      0      4      2      0      0     11      0      7      0      1      0      0      4      0      1      0      1      4      7      3      0      0      1      0      0      0      1      0      0      0      7      0      0      0      0      0      0      0      0      0      0      0      0      0      0      0      0      0      0      0      0      0      0      0      0      0      0      0
      0      0      0      0      0      0      0      0      0      0      0      0      0      0      0      0      0      0      0      0      0      0      0      0      0      0      0      0      0      0      0      0      0      0      0      0      0      0      4      0      0      0     12      0      0      0      0      0      2      0      0      0      0      0      5      0      0      0      0      0      9      0      0      0      0      4      0      0      0      0      0      0      0      0      0      0      0      0      0      0      0      0      0      0      0      0      0      0      0      0      0      0      0      0      0      0      0      0      0
      0      0      0      0      0      0      0      0      0      0      0      0      0      0      0      0      0      0      0      0      0      0      0      0      5      0      0      2      0      0      0      0      0      0      4      0      0      0      0      0      4      1      1      0      1      7      0      0      0      7      0      0      0      0      0      0      0      0      0     10      3      0      1      6      0      0      0      0      0      0      0      0      0      0      0      0      0      0      0      0      0      0      0      0      0      0      0      0      0      0      0      0      0      0      0      0      0      0      0
      0      0      0      0      0      0      0      0      0      0      0      0      0      0      0      0      0      0      0      0      0      0      0      0      0      0      0      0      0      1      0      0      2      3      0      0      0      0      0      0      5      0      0      2      2      2      0      0      0      5      0      0      0      1      0      1      0      0      0      0      0      0      0      0      3      5      0      0      0      0      0      0      0      0      0      0      0      0      0      0      0      0      0      0      0      0      0      0      0      0      0      0      0      0      0      0      0      0      0
      0      0      0      0      0      0      0      0      0      0      0      0      0      0      0      0      0      0      0      0      0      0      0      0      0      0      0      0      0      0      0      0      0      0      0      0      0      0      0      0      2      0      0      0      0      0      1      0      0      0      0      0      3      0      4      0      0      0      4      0      0      0      0      0      0      0      0      0      1      0      0      0      0      0      0      0      0      0      0      0      0      0      0      0      0      0      0      0      0      0      0      0      0      0      0      0      0      0      0
      0      0      0      0      0      0      0      0      0      0      0      0      0      0      0      0      0      0      0      0      0      0      2      0      0      0      0      0      0      0      0      0      0      0      0      0      0      0      0      0      0      0      0      0      0      3      0      0      3      0      0      0      0      0      1      2      0      0      2      0     11      0      0      0      0      0      0      0      0      0      0      0      0      0      0      0      0      0      0      0      0      0      0      0      0      0      0      0      0      0      0      0      0      0      0      0      0      0      0
      0      0      0      0      0      0      0      0      0      0      0      0      0      0      0      0      0      0      0      0      0      0      0      0      0      0      0      0      0      0      0      0      0      0      0      0      0      0      1      0      3      0      0      3      0      0      0      0      0      0      0      0      0      0      0      2      0      0      0      0      0      0      0      0      0      0      0      0      0      0      0      0      0      0      0      0      0      0      0      0      0      0      0      0      0      0      0      0      0      0      0      0      0      0      0      0      0      0      0
      0      0      0      0      0      0      0      0      0      0      0      0      0      0      0      0      0      0      0      0      0      0      0      0      0      0      0      0      0      0      0      0      0      0      0      0      0      3      0      0      0      0      0      0      0      0      0      0      0      0      0      0      0      0      0      0      0      0      0      0      0      0      0      0      0      0      0      0      0      0      0      0      0      0      0      0      0      0      0      0      0      0      0      0      0      0      0      0      0      0      0      0      0      0      0      0      0      0      0
      0      0      0      0      0      0      0      0      0      0      0      0      0      0      0      0      0      0      0      0      0      0      0      0      0      0      0      0      0      0      0      0      0      0      0      0      0      0      0      0      0      0      0      0      0      2      0      0      0     28      1      0      0      0      0      0      0      0      5      0      0      0      0      0      0      0      0      0      0      0      0      0      0      0      0      0      0      0      0      0      0      0      0      0      0      0      0      0      0      0      0      0      0      0      0      0      0      0      0
      0      0      0      0      0      0      0      0      0      0      0      0      0      0      0      0      0      0      0      0      0      0      0      0      0      0      0      0      0      0      0      0      0      0      0      0      0      0      0      0      0      0      0      1      0      0      0      0      0      0      0      0      0      0      4      0      0      0      0      0      0      0      0      0      0      0      0      0      0      0      0      0      0      0      0      0      0      0      0      0      0      0      0      0      0      0      0      0      0      0      0      0      0      0      0      0      0      0      0
      0      0      0      0      0      0      0      0      0      0      0      0      0      0      0      0      0      0      0      0      0      0      0      0      0      0      0      0      0      0      0      0      0      0      0      0      0      2      0      0      0      0      0      0      0      0      0      0      0      0      0      0      0      0      0      0      0      0      0      0      0      0      0      0      0      0      0      0      0      0      0      0     19      0      0      0      0      0      0      0      0      0      0      0      0      0      0      0      0      0      0      0      0      0      0      0      0      0      0
      0      0      0      0      0      0      0      0      0      0      0      0      0      0      0      0      0      0      0      0      0      0      0      0      0      0      0      0      0      0      0      0      0      0      0      0      0      0      0      0      0      0      0      0      0      0      0      0      0      0      0      0      1      0      0      0      0      0      0      0      0      0      0      0      0      0      0      0      0      0      0      0      0      0      0      0      0      0      0      0      0      0      0      0      0      0      0      0      0      0      0      0      0      0      0      0      0      0      0
      0      0      0      0      0      0      0      0      0      0      0      0      0      0      0      0      0      0      0      0      0      0      0      0      0      0      0      0      0      0      0      0      0      0      0      0      0      0      0      0      2      0      0      0      0      0      0      0      0      0      0      0      0      0      0      0      0      0      2      0      0      0      0      0      0      0      0      0      0      0      0      0      0      0      0      0      0      0      0      0      0      0      0      0      0      0      0      0      0      0      0      0      0      0      0      0      0      0      0
      0      0      0      0      0      0      0      0      0      0      0      0      0      0      0      0      0      0      0      0      0      0      0      0      0      0      0      0      0      0      0      0      0      1      0      0      0      0      0      0      0      0      0      0      0      0      0      0      0      0      0      0      0      0      0      0      0      0      0      0      0      0      0      0      0      0      0      0      0      0      0      0      0      0      0      0      0      0      0      0      0      0      0      0      0      0      0      0      0      0      0      0      0      0      0      0      0      0      0
      0      0      0      0      0      0      0      0      0      0      0      0      0      0      0      0      0      0      0      0      0      0      0      0      0      0      0      0      0      0      0      0      0      0      0      0      0      0      0      0      0      0      0      2      0      0      0      0      0      0      0      0      0      0      0      0      0      0      0      0      0      0      0      0      0      0      0      0      0      0      0      0      0      0      0      0      0      0      0      0      0      0      0      0      0      0      0      0      0      0      0      0      0      0      0      0      0      0      0
      0      0      0      0      0      0      0      0      0      0      0      0      0      0      0      0      0      0      0      0      0      0      0      0      0      0      0      0      0      0      0      0      0      0      0      0      0      0      0      0      0      0      0      0      0      0      0      0      0      0      0      0      0      0      0      0      0      0      0      0      0      0      0      0      0      0      0      0      0      0      0      0      0      0      0      0      0      0      0      0      0      0      0      0      0      0      0      0      0      0      0      0      0      0      0      0      0      0      0
      0      0      0      0      0      0      0      0      0      0      0      0      0      0      0      0      0      0      0      0      0      0      0      0      0      0      0      0      0      0      0      0      0      0      0      0      0      0      0      0      0      0      0      0      0      0      0      0      0      0      0      0      0      0      0      0      0      0      0      0      0      0      0      0      0      0      0      0      0      0      0      0      0      0      0      0      0      0      0      0      0      0      0      0      0      0      0      0      0      0      0      0      0      0      0      0      0      0      0
