\ 
\ Covariance Function Histogram Table
\ 
\ X Parameter: Time of Periastron
\ X Abbrev   : TP
\ X Units    : BJD
\ X Items    : 99          
\ 
\ Y Parameter: Incident Flux
\ Y Abbrev   : Fave
\ Y Units    : 10^9 ergs s^-1 cm^-2
\ Y Items    : 100         
\ 
|col000|col001|col002|col003|col004|col005|col006|col007|col008|col009|col010|col011|col012|col013|col014|col015|col016|col017|col018|col019|col020|col021|col022|col023|col024|col025|col026|col027|col028|col029|col030|col031|col032|col033|col034|col035|col036|col037|col038|col039|col040|col041|col042|col043|col044|col045|col046|col047|col048|col049|col050|col051|col052|col053|col054|col055|col056|col057|col058|col059|col060|col061|col062|col063|col064|col065|col066|col067|col068|col069|col070|col071|col072|col073|col074|col075|col076|col077|col078|col079|col080|col081|col082|col083|col084|col085|col086|col087|col088|col089|col090|col091|col092|col093|col094|col095|col096|col097|col098|col099|
|int   |int   |int   |int   |int   |int   |int   |int   |int   |int   |int   |int   |int   |int   |int   |int   |int   |int   |int   |int   |int   |int   |int   |int   |int   |int   |int   |int   |int   |int   |int   |int   |int   |int   |int   |int   |int   |int   |int   |int   |int   |int   |int   |int   |int   |int   |int   |int   |int   |int   |int   |int   |int   |int   |int   |int   |int   |int   |int   |int   |int   |int   |int   |int   |int   |int   |int   |int   |int   |int   |int   |int   |int   |int   |int   |int   |int   |int   |int   |int   |int   |int   |int   |int   |int   |int   |int   |int   |int   |int   |int   |int   |int   |int   |int   |int   |int   |int   |int   |int   |
      0      0      0      0      0      0      0      0      0      0      0      0      0      0      0      0      0      0      0      0      0      0      0      0      0      0      0      0      0      0     10      0      0      0      0      0      0      0      2      0      0      0      4      0      0      0      6      2      0      0      0      0      0      0      0      0      0      0      0      0      0      0      0      0      0      0      0      0      0      0      0      0      0      0      0      0      0      0      0      0      0      0      0      0      0      0      0      0      0      0      0      0      0      0      0      0      0      0      0      0
      0      0      0      0      0      0      0      0      0      0      0      0      0      0      0      0      0      0      0      0      0      0      0      0      0      0      0      0      0      0      0      0      0      0      0      6      0      0      0      0      0      0      0      0      0      0      0      0      0      0      1      0      0      0      0      0      0      0      0      3      0      0      0      0      0      0      0      0      0      0      0      0      0      0      0      0      0      0      0      0      0      0      0      0      0      0      0      0      0      0      0      0      0      0      0      0      0      0      0      0
      0      0      0      0      0      0      0      0      0      0      0      0      0      0      0      0      0      0      0      0      0      0      0      0      0      0      0      0      0      0      0      0      0      0      0      0      3      0      0      0      0      0     13      0      0      0      2      0      0      0      0      0      0      0      6      0      2      7      0      2      0      0      0      0      0      0      0      0      0      0      0      0      0      0      0      0      0      0      0      0      0      0      0      0      0      0      0      0      0      0      0      0      0      0      0      0      0      0      0      0
      0      0      0      0      0      0      0      0      0      0      0      0      0      0      0      0      0      0      0      0      0      0      0      0      0      0      0      0      0      0      0      0      1      0      0      0      0      0      0      0      0      0      0      0      0      0      0      0      0      0      0      0      2      0      2      7      0      0      0      0      0      0      0      0      0      2      0      0      0      0      0      0      0      0      0      0      0      0      0      0      0      0      0      0      0      0      0      0      0      0      0      0      0      0      0      0      0      0      0      0
      0      0      0      0      0      0      0      0      0      0      0      0      0      0      0      0      0      0      0      0      0      0      0      0      0      0      0      0      0      0      0      0      0      5      0      0      0      0      0      0     11      2      0      0      0      0      2      2      0      0      0      0      0      0      4      0      0      0      0      0      0      0      0      0      0      0      1      0      0      0      2      0      0      0      0      0      0      0      0      0      0      0      0      0      0      0      0      0      0      0      0      0      0      0      0      0      0      0      0      0
      0      0      0      0      0      0      0      0      0      0      0      0      0      0      0      0      0      0      0      0      0      0      0      0      0      0      0      0      0      0      0      0      0      0     16      0      4      0      0      0      0      0      0      0      0      0      6      0      0      0      0      0      0      0      1      0      0      0      0      0      0      0      0      0      0      0      0      0      0      0      0      0      0      0      4      0      0      0      0      0      0      2      0      0      0      0      0      0      0      0      0      0      0      0      0      0      0      0      0      0
      0      0      0      0      0      0      0      0      0      0      0      0      0      0      0      0      0      0      0      0      0      0      0      0      0      0      2      0      0      0      0      1      0      7      0      0      5      0      0      0      2     10      3      0      0      0      0      1      1      3      0      0      9      0      0      0      0      0      0      0      0      0      0      0      0      0      0      0      0      0      0      0      0      0      0      0      0      0      0      0      0      0      0      0      0      0      0      0      0      0      0      0      0      0      0      0      0      0      0      0
      0      0      0      0      0      0      0      0      0      0      0      0      0      0      0      0      0      0      0      0      0      0      0      0      0      3      0      0      0      0      3      0      4      1      3     11      0      0      0      2      0     12      0     19     14      0      0      0      0      9      0      0      0      0      4      0      0      0      0      0      1      0      0      0      0      0      0      0      0      0      0      0      0      0      0      0      0      0      0      0      0      0      0      0      0      0      0      0      0      0      0      0      0      0      0      5      0      0      0      0
      0      0      0      0      0      0      0      0      0      0      0      0      0      0      0      0      0      0      0      0      0      0      0      0      0      0      0      0      0      0      1      0      0      0      0      3      2      2      0      0      6      0      0      0      0      1      0      0      0      0      0      0      0      0      2      2      0      0      0      0      0      0      0      0      0      0      0      0      0      0      0      0      0      0      0      0      0      0      0      0      0      0      0      0      0      0      0      0      0      0      0      0      0      0      0      0      0      0      0      0
      0      0      0      0      0      0      0      0      0      0      0      0      0      0      0      0      0      0      0      0      0      0      0      0      0      0      0      0      0      0      0      0      0      0      0      6      0      6      3     15      0      0      5      0      1      5     11      0      0      0      0      0      0      1      0      2      0      0      0      0      0      0      0      0      0      0      0      0      0      0      0      0      0      2      0      0      0      0      0      0      0      0      0      0      0      0      0      0      0      0      0      0      0      0      0      0      0      0      0      0
      0      0      0      0      0      0      0      0      0      0      0      0      0      0      0      0      0      0      0      0      0      4      0      0      0      0      0      0      0      0      5      0      0      0      0      4      3      0      0      4      1      0      0      0      0      4      0      0      0      3      0      0      0      9      0      0      1      0      0      7      5      0      0      0      8      0      2      2      0      0      0      0      0      0      0      0      0      0      0      0      0      0      0      0      0      0      4      0      0      0      0      0      0      0      0      0      0      0      0      0
      0      0      0      0      0      0      0      0      0      0      0      0      0      0      0      0      0      0      0      0      0      0      0      0      0      0      0      0      0      2      0      2      0      0      0      0      1      0      8      0      2      0      7      1      4      0      0      0      3      0      0      5      0      0      0      2      2      0      2      0      0      0      4      0      0     11      0      3      0      1      0      0      0      0      0      0      0      0      0      0      0      0      0      0      0      0      0      0      2      0      0      0      0      0      0      0      0      0      0      0
      0      0      0      0      0      0      0      0      0      0      0      0      0      0      0      0      0      0      0      0      0      0      0      0      0      0      0      0      3      0      1      6      2      0      9      3      2      0      4      0      9      4      0      0     15      0      0      0      0      1     11     11      3      0      0      0      0      0      1      0      0      0      0      0      0      0      0      0      0      0      0      0      0      0      0      0      0      0      0      0      0      0      0      0      0      0      0      0      0      0      0      0      0      0      0      0      0      0      0      0
      0      0      0      0      0      0      0      0      0      0      0      0      0      0      0      0      0      0      0      0      0      0      0      0      0      0      0      0      0     11      0      8      1      1     16      2      0      3      4      0      8      0      2      0      1      0     16      2      1      6      2      0      0      0      0      2      0      0      0      1      0      0      0      1      4      0      0      7      0      3      0      0      0      0      0      5      0      0      0      0      0      0      0      0      0      0      0      0      0      0      0      0      0      0      0      0      0      0      0      0
      0      0      0      0      0      0      0      0      0      0      0      0      0      0      0      0      0      0      0      0      0      0      0      0      1      0      0      0      0      0      4      3      0      1      0      2      3      1      0      0      0      0      1      1      0      1      0      0      4      0      0      2      0      7      0     11      4      0      5      0      0      6      0      0      0      0      0      0      0      0      0      0      0      0      0      0      0      0      0      0      0      0      0      0      0      0      0      0      0      0      0      0      0      0      0      0      0      0      0      0
      0      0      0      0      0      0      0      0      0      0      0      0      0      0      0      0      0      0      0      0      0      0      0      0      0      0      0      0      0      0      3      1      1     10      2      8      0      0      0      0      1     12      0     25      2      0      3      7      2      0      0      1      1      8      0      0      0      0      0      1      0      0      0      2      2      0      1      0      0      1      0      0      0      0      0      0      0      0      2      0      0      0      0      0      0      0      0      0      0      0      0      0      0      0      0      0      0      0      0      0
      0      0      0      0      0      0      0      0      0      0      0      0      0      0      0      0      0      0      0      0      0      3      0      0      0      0      4      0      0      0      0      0     11      3      0      0      0     15      0     13      6      1      3      7      2     26      3      0      0      0      0      0      2     13      0      0      0      4      9      0      0      0      2      0      1      0      0      0      0      1      0      0      0      5      0      0      0      0      0      0      0      0      0      0      0      0      0      0      0      0      0      0      0      0      0      0      0      0      0      0
      0      0      0      0      0      0      0      0      0      0      0      0      0      0      0      0      0      0      0      0      0      0      0      1      0      5      0      3      0      1      2      0      2      5      1      0      7     10      1      0     15      0      5      2      3      8      0      2      3      4      0      1      0      4      0      3      0      0      0      0      4      0      4      3      0      0      0      0      0      0      0      1      0      0      0      0      0      0      2      0      0      0      5      0      0      0      0      0      0      0      0      0      0      0      0      0      0      0      0      0
      0      0      0      0      0      0      0      0      0      0      0      0      0      0      0      0      0      0      0      0      0      0      0      0      0      0      0      3      0      0      0      0      0      4      2      1      3     15     16      3      0     10     22      0      0      3      3     10      3      2      2      9      0      0      0      3      0      3      0      0      8      4      3      0      0      1      3      1      2      0      0      0      0      3      0      0      0      0      0      0      0      0      0      0      0      0      0      0      1      0      0      0      0      0      0      0      3      0      0      0
      0      0      0      0      0      0      0      0      0      0      0      0      0      0      0      0      0      0      0      0      0      0      0      0      0      0      0      0      0      0     13      3      0      0      0      6     10      0      9      6      0      0      8      0      0      0     15      0      4      0     15      4      1      0      4      0      2      0      0      0      0      0      0      0      3      0      0      0      0      0      0     10      0      0      0      0      0      0      0      0      0      0      0      0      0      0      0      0      0      0      0      0      0      0      0      0      0      0      0      0
      0      0      0      0      0      0      0      0      0      0      0      0      0      0      0      0      0      0      0      0      0      0      0      0      0      0      0      0      8      3      1     10     14      4      1      8      0     20      0      4     12      6      0      2     16      9      2      5      5      0      0      2      1      5      0      0      0      1      0      0      1      0      0      0      2      0      0      0      2      0      0      5      4      0      4      1      0      0      0      0      0      0      0      0      0      0      0      0      0      0      0      0      0      0      0      0      0      0      0      0
      0      0      0      0      0      0      0      0      0      0      0      0      0      0      0      0      0      0      0      0      0      0      0      8      1      0      0      4      0      0      7     16      4      3      7      4      0     17      0      0      1     24      9     28     11      2      7      0      1     11      2      0      2      4      0      0     11      7      1     13      3      0      1      1      0      0      7      0      2      3      0      0      0      1      0      0      0      0      0      0      0      0      0      0      0      2      0      0      0      0      0      0      0      0      0      0      0      0      0      0
      0      0      0      0      0      0      0      0      0      0      0      0      0      0      0      0      0      0      0      0      0      0      0      0      0      0      0      0      3      1      0      0      0     18     16     18      0      5      1      2      3      0     12      0      8      5      2      2     11      0     18     10      0      3     20      0      0      3      4      3      1      0      0      0      1      7      4      0      0      0      0      0      3      0      0      0      0      0      0      0      0      8      0      1      0      0      0      0      0      2      0      0      0      0      0      0      0      0      0      0
      0      0      0      0      0      0      0      0      0      0      0      0      0      0      0      0      0      0      0      0      0      0      0      7      1      0      6      1     13      5      7      3      6     21     12     13     11      9     23      6     14     17     18      8      9     21     11      2      0      3      8      7      0      3      2      2      0      2      0      0      5      0      0      0      0      0      5      0      4      0      0      0      0      0      2      0      0      0      0      0      0      4      0      0      0      0      0      0      0      0      0      2      0      0      0      0      0      0      2      0
      0      0      0      0      0      0      0      0      0      0      0      0      0      0      0      0      0      0      0      0      0      0      0      0      2      4      2      5      4      2     12      0      8      2      1     17      7      4      2      8      2     20     11      6      1      3     14      5      0      3     24      3      6     16      9      6     28      1      9      6      8      0      1      5      0      0      3      0      0      1      0      1      0      0      0      0      0      4      0      0      0      0      0      0      0      0      2      4      0      0      0      0      0      0      0      0      0      0      0      0
      0      0      0      0      0      0      0      0      0      0      0      0      0      0      0      0      0      0      0      1      0      0     14      0      0      2      4      0      0      9      6      0      4      0      3     17     10      7      4      8      1     15      9      8      7      6      9     24     14      2      3     15     21      9     23      6      6      0      0     10      8     13      9      0      2      0      0      0      3      3      2      0      0      0      1      2      0     14      2      0      0      0      0      0      0      0      0      0      0      3      0      0      0      0      0      0      0      0      0      0
      0      0      0      0      0      0      0      0      0      0      0      0      0      0      0      0      0      0      0      0      0      0      2      0      6      0      5      2     12      2      1     10      7      3      1      6     15      5     28      1     21     19     25     31     19     12     31     15     20     11      5      1      0      8      4      8     23     14      4      4     11      8      1     12      0      4      1      1      8      2      1      4      0      3      2      2      0      0      0      0      0      0      0      0      0      0      0     10      0      1      3      2      0      0      0      0      0      0      0      0
      0      0      0      0      0      0      0      0      0      0      0      0      0      0      0      0      0      0      0      2      0      1      0      0     13      9      6      5      3      9     11      9      0     12     11     18      9     29     20     12      8     27     12     31      7     13     16     18     13      1      3     14      4      0     15      1      6     10     15      0      0      5      0      7      2      4      0      4      3      0      0      2      0     11      1      4      0      1      3      0      1      0      0      1      1      0      0      3      3      0      0      1      1      0      0      0      0      0      0      0
      0      0      0      0      0      0      0      0      0      0      0      0      0      0      0      0      0      0      4      0      4      0      0      2      0      0     10      8      0      8      8      9     20     21     50     14     11     47     24     52      0     27     16     24     14     18      6     24     44     23     13      4      3      9     16     14      9      9     14      1      1     14      0      1      8      1      7      0      4      2      0      0      0      0      2      0      0      0      2      0      0      3      2      2      0      0      0      1      0      0      0      0      0      0      0      0      0      0      0      0
      0      0      0      0      0      0      0      0      0      0      0      0      0      0      0      0      0      0      0      0      0      2      3      3      4      2      1     15     10     18      1     18      6      3     20     30     29     13      5     35     23      6     23     26     18     19     20     11     10     23      6     11      7     13      6     23     24      1     12     25      2     19     10      2      1      3      3      9      1      2      1      0      2      0      3      7     13      2      2      0      1      8      0      0      0      4      0      0      0      0      0      0      0      0      0      0      0      0      0      0
      0      0      0      0      0      0      0      0      0      0      0      0      0      0      0      0      0      0      0      0      2      0      1      0      1      6      7      8     17      3     24     10     15     20     10     17     33      2     30     24      4     31     18      0     25     13     17     15     15     39     14     15     20     19     19     14     10     18      8     23      9      4     11      7      1      0      3     17      0      0      0      7     10      4      8      0      0      9      0      3      2      2      5      0      2      0      0      0      0      0      0      0      0      0      0      0      0      0      0      0
      0      0      0      0      0      0      0      0      0      0      0      0      0      0      0      0      0      0      0      0      1      0      7      9      3      0     19     32      1      7     23     15      7     11     56      6     41     25     13     17     27     15     28     13     27     10     31      5     20     37      6     45     11     19     13     13     10     10     13      1     22      5      5     10      0      0      2      0      8      0      4      0      3      5      0      0      0      2      2      0      0      0      0      0      0      0      0      0      0      0      0      0      0      0      0      0      0      0      0      0
      0      0      0      0      0      0      0      0      0      0      0      0      0      0      0      0      3      0     11      0      0      2      1      2      3      4      7      2     12     12     12     21     19     27     20      8      1     32      8     51     62     40     16     49     26     12     19     12     42     23     28     30     37     29     20     23      5      4     22     27      9      8      2      2      8      8      8      2      9     10     20      3      7      0      8      1      0      5      1      0      0      6      0      1      0      0      0      0      0      0      0      0      0      0      0      0      0      0      0      0
      0      0      0      0      0      0      0      0      0      0      0      0      0      0      0      0      5      3      0      0      0      8      0      0      0     25     16     20      4     31     18     28     15     36     35     17     47     28     34     24     29     37     26     37     31     39     24     21     47     34     52     19     21     12     12     26      3     23      4     11      3     16      4     22      3      4      0      7      4      7      1      1      0      0      2      0      7      0     16      0      0      0      0      0      0      0      0      1      0      1      0      1      0      0      0      0      0      0      0      0
      0      0      0      0      0      0      0      0      0      0      0      0      0      0      1      0      0      0      1      0      4     11     10      0      8      0     27      3     14      5     29     11     48     18     32      6     49     26     26     10     47     34     29     13     41     61     35     21     55     23     40     38     20     38     14     27     15     19      4      9     12      9     15      0      2      1      2      3      6     10     18      0     12      1      2      3      9      3      8     10      0      0      1      0      1      0      1      0      0      0      2      0      0      0      0      0      5      0      1      0
      0      0      0      0      0      0      0      0      0      0      0      0      0      0      0      0      0      0      0      0      0      3     13      6      5      6      3      2     10     15     15     14     11     28     22     39     41     62     54     40     43     34     66     43     61     19     37     57     33     30     30     32     16     38     38     55     11     33      5     13     13     16      4      4     32     14      9     12      4      8     17      0      0      3      0      0      4      0      5      0      0      0      0      0      2      0      0      0      0      0      0      0      0      0      0      0      0      0      0      0
      0      0      0      0      0      0      0      0      0      0      0      0      0      1      0      0      0      0      0      0      8      3      5      0     13      4     11     28     17      7     31     82     10     45     20     41     14     45     36     66     27     36     57     73     27     50     34     38     56     59     21     33     29     21     53     40     68     43      4     18     19     15      3     12      8     22      6      6      2      1      0      4      0      6      8      5      0      0      0      0      0      0      2      7      3      2      0      0      0      0      3      4      0      0      0      0      0      0      0      0
      0      0      0      0      0      0      0      0      0      0      0      0      0      0      0      0      0      5      0      0      0      0      0      9     16      5      3     32     53      4     33     31     42     18     37     10     49     92     51     67     39     96     42     78     77     51     25     20     30     57     44     27     40     27     38     48     20      3     22     10     39      3      7     18     34     16      5     25      4      3      2      1     12      3      0      0      0      0      2      0      1      1      0      0      0      0      0      0      0      0      0      0      2      1      0      0      0      0      2      0
      0      0      0      0      0      0      0      0      0      0      0      0      0      0      0      0      0      0      0      0     12      2      2      8      2      4     21     19     18     33     42     22     28     61     78     70     54     21     37     76     66     58     45     64    102     44     49     31     70     50     35     52     18     38     56     18     32     33     35     10     11     21     19      4     11     16     19      9      0      4      4      5      2      2      5      4      3      1      0      0      7      0      0      0      1      0      0      0      0      0      0      0      0      2      0      0      0      0      0      0
      0      0      0      0      0      0      0      0      0      0      0      0      0      0      0     11      1      0      6      0      0      4      0     14     21     17     21      8     47     21     21     31     37     43     61     73     35     44     62     49     81     49     74     76     57     44     58     19     55     64     48     56     47     19     29     15     35     18     27      8     21     13     11     10     34     14      6     14     15      2     21      3      1      4      1      5      2      4      7      0      4      0      4      0      0      0     10      2      2      0      0      0      0      0      0      0      0      0      0      0
      0      0      0      0      0      0      0      0      0      0      0      0      0      0      0      0      0      0      2      2      4      1      4      9     18     11     14     54     28     69     48     50     45     46     27     41     89     68     71     54     52     73     39     30     36     49     54     78     42     27     66     59     52     53     48     60     66     29     28     15     33      5     45     22     14      0      2      8      9     25      8     11      1     10      0      4      1      7      3      5      0      4      0      1      0      0      9      0      0      0      0      0      0      0      1      0      1      5      0      0
      0      0      0      0      0      0      0      0      0      0      0      0      2      0      0      0      2      0      6      1     13      7     10     15      9     21     27     16     43     14     39     72     70     58     50     65     52     41     39     74     79     55     80     85     52     86     66     45    104    114     47     36     46     43     78     59      9     23     14     18     18     38      2     18     23      9      2      9      7      4     13      7      8      5     15      0     13      1      5      5      7      0      4      1      0      0     23      0      3      1      0      0      1      0      0      0      0      0      0      0
      0      0      0      0      0      0      0      0      0      0      0      0      0      0      5      0      0      0      0      2      8     14      6      3     24     21     30     26     21     23     17     57     68     66     65     71     80     34     70     50     21     22     52     37     92     38     50     80     73     75     27     33     52     39     77     46     22     17     21     45     55     18     18     40     26     16      2      7     36      3     20      5      1      6      5      2     11      2      1      0      0      0      0      4      0      2      0      0      0      1      0      1      0      0      0      0      0      0      0      0
      0      0      0      0      0      0      0      0      0      0      0      0      0      0      0      0      7      2     17      5      2     14      3      8      3     28     13     14     42     45     40     46     60     76     41     38     79     78     66     76     36     74     83    105    103     71     57     57     84     41     75     20     28     24     39     57     87     23     36     24     19     16     32     42      4     34      5      5     11      1      7      3     13     17      9      9      3      0     10      1      2      3      2      0      1      0      0      0      0      1      0      0      5      0      0      0      0      0      0      0
      0      0      0      0      0      0      0      0      0      0      0      0      0      0      0      0      1      4      0      0      4      2      4     11     12     28     30     11     62     48     41     92     45     74     72    104     54    102     80     55    103     84     70     62     60     80    116     30     94     46     64     50     26     65     93     23     26     35     49     22     18     27     35     28     16      5     15     30     38     27     24      2     18     12      9     11      0      6      2      0      0      2      0      3      5      0      0      0      0      0      0      3     19      0      0      1      0      0      0      0
      0      0      0      0      0      0      0      0      0      0      0      0      0      0      0      0      0      5      1     10     13      2     17      5      5     24     31     29     21     67     60     53     30     58     55     70     93     81     86     74     69     81     96     66     86     81     79     40     64     86     73     38     52     38     75     36     54     30     22     20     41     31     19     33     32      7      6     13      0     10     10     10     11     11     11      3      2      0     10      8      0      0      2      1      0      0      0      0      0      0      1      2      2      0      0      2      0      2      0      0
      0      0      0      0      0      0      0      0      0      0      0      0      0      0      0      1      0      0      6      7      1      5      8     12     18     30     10     65     52     67     27     83     53     51     52    158     79    122    100     67     79     65     86     57     86     78     32    134     65     50     68    178     66     37     79     28     24     45     19     28     31     15     58      7     19     19      5      7     31     11      5      6     38      2      6      4      7      7      4      5      1      0      1      7      0      1      0      0      2      0      5      0      0      1      0      0      0      0      0      0
      0      0      0      0      0      0      0      0      0      0      0      0      0      0      3      8      0      0      2     15      5     17     27      5     15     38     26     26     38     44     58     79     44     72    113     75     63    127     88     61     94     94    113     65    107     95     64     61     85     45     78     92     60     68     48     37     41     73     27     54     32     28     74     12      7      9     17     29      7     12      5     10     32      0      3      0      0      1     22     13      4      0     23      0      0      0      1      0      0      0      0      1      0      0      0      0      0      0      2      0
      0      0      0      0      0      0      0      0      0      0      0      0      0      0      0      0      0      1      0      0      7     31     14     46     11     33     11     36     78     64     55     54     46     57    106     42     95    102    103     95     83     79    114    106    145    110    112    137     34     44     72     49     83     46     64     86     50     94      6     25     40     13     36     32     11     28     29     16     24      6     33     16      9      5      8      5      6      0      0      5      2      0      7      0      1      0      0      0      1      8      0      0      0      0      0      0      0      0      0      0
      0      0      0      0      0      0      0      0      0      0      6      0      0      0      0      3      1      1      0      3      3      3     24      8     17     30     16     42     23     82     43     73    124    124     88    107     82    111    131    133    126     77    106     76     43     67     94    108     85     80     48     53     45     94    112     60     68     60     49     48     63     42     21     34     11     32     26      9     13     19      1     12      0      7     17     24     15      0      6     14     13      1      0      0      5      2      5      0      0      0      8      0      5      1      0      0      0      0      3      0
      0      0      0      0      0      0      0      0      0      0      0      0      0      0      0      0      0      2     22      0      0      2      9      4     15     48     48     25     48     45     63     52     70     60     54     78     94    118     57    135    104    102     75     88     96     91     41    102     67     82     17     67     41     19     57     60     39     24     47     23     44     34     20      5     18     33     26     24     13     15     12      3     30      4     10     13      7     14      9      0      2      0      0      1      2      0      0      1      5      0      0      7      0      0      0      0      0      0      0      0
      0      0      0      0      0      0      0      0      0      0      0      0      0      0      2      0     15      0      0      0     15      2     11     30     43     36     31     29     38     48     92     55     92     50     46     79     59    127     95    125     68     66     77     59     83     81     76     39     36     91    120     62     49    101     85     42     38     51     36     61     44      9     21     38     23     45     24     26     20      8     14     19     20     14      5      3      4      8      2      3      4      0      0      0      0      0      0      0      0      0      1      0      0      0      5      0      0      0      0      0
      0      0      0      0      0      0      0      0      0      0      0      0      0      0      0      0      0      1     12      6      8      4      1     11     28     10     32     48     42     65     65     50     66    122     75     69     49     75    117     68    100     60    134     82     65     39     74     32    134     85     53     75     51     59     55     67     42     27     53     35     52     68     34     44     22     27     19      6      8     13     21      5     18     13      7      4     17      6      2      9      8      9      0      9      0      1     13      0      0      0      0      0      0      0      0      0      0      0      0      0
      0      0      0      0      0      0      0      0      0      0      0      0      0      0      0      0      0      2     16      1      7      3     16     18     14     26     38     26     27     36     39     60     70    102    137     81    115     91     71     54     75     64    141    148     75     97     83     50     64     60     62     80     45     47     47     45     53     59     29     22     32     17     46      9     13     14     20     37     53     12     16      0      3     27      0      0      2      7      0      2      0      0     19      5      0      0      0      2      0      0      0      0      0      0      0      0      0      0      0      0
      0      0      0      0      0      0      0      0      0      0      0      0      0      0      0      8     15      3      2      1      9      8     11     33      0     28     28     43     24     92     37     72     78     71    121     29     99     77     55     32    108    145     92     75     80    107     67     71     96     60     49     63     37     27     59     61     61     69     28     19     31     38     49      5     19     11     22     34      3      8      5     37     22      0      0      0      0      8      1      0      2      1      0      0     17      5      6      1      2      2      0      5      0      0      0      0      0      0      0      0
      0      0      0      0      0      0      0      0      0      0      0      0      0      0      0      0      0      0     12      1     16     26     21     24      8     47     40     49     58     72     72     70     51     49     54     82    122    121    129     95     88     73    119     90     94    118     84     97     59     49     84     85     72     71     19     29     53     24     27     34     74     22     73     28     20     18     17     25     16     27     13     31     22     30      0      3      0      0      0      0      2      7      0      0      0      0      9      6      0      0      0      0      0      0      0      0      0      0      0      0
      0      0      0      0      0      0      0      0      0      0      0      0      0      0      0      0      2      0      9      5      5      1      2     23     46     24     17     68     41     53     42     98     50     45    117     52     51    100    146     95     73     88     71     76     55    109    101     76     50     50     34     51     64     29     32     27     80     19     43      7     46     23      9     47      7     11      3      7      6     25     19      7     14      5      2      9     11     11      1      4      0     15      0      1      0      0      1      0      5      0      1      0      0      0      0      0      0      0      0      0
      0      0      0      0      0      0      0      0      0      0      0      0      0      0      0      1      0      0      1      0      1     19      6      8     32     33     26     20     36     40     57     81     62     35     58     44    107     65     65     62     56     39     83     89     99     83     90     81     55     80     93     73     66     63     42     20     38     51     18     38     49     39     13     34      3      7     38     35     15      0      3     18      2     23      0     10     11      0      9      0      0      2      9      0      3     10      0      0      0      0      0      0      2      0     11      0      4      0      0      0
      0      0      0      0      0      0      0      0      0      0      0      0      0      0      6      0      0      0     23     14      2      8     15     27     13     29     24     16     48     49     62     45     29     47     65    124     38     56     86     66     69     58     84     60     69     78     70     20     55     93     81     78     44    117     72     19     28     62     43     38     39     19      3     25      9      6     14     30     10      6     25     26      4     22      6      4     20      0      3      5      3      8      0      0      0     11      0      8      0      0      0      2      0      0      0      0      0      0      0      0
      0      0      0      0      0      0      0      0      0      0      0      0      0      0      0      0      1      0      5     12     11     31     41     11      9     31      4      8     38     62     39     25     21     45     69     58     37     72     37    134    122     58     69     78     54     71     64     61     65     62     68     52     61     41     18     43     46     31     16     18     25     26     30     17     25      6      5      9      8     10      6      1      6      2      1      1      0     10     13      3      0      2      0      7      0      0      0      0      0      0      0      0      0      0      0      0      0      0      0      0
      0      0      0      0      0      0      0      0      0      0      0      0      0      0      0      0      0      0      5      6      0     11     10      2     20     19     29     61     15     48     31     48     56     70     47     30     53     53     45     65     50    117     70     80     96     80     52     50     84     37     89     26     30     45     39     41     23     37     51      9      6     60     23     12      2     14     13      6      1     24     15      4     12      8      0     11      6      2      0      0     11      0      1      1      6      0      5      0      0      0      0      0      0      0      0      1      0      0      0      0
      0      0      0      0      0      0      0      0      0      0      0      0      7      0      0      0      4      0      7      6      1      3      6      8     14     18     26     37     15      4     70     33     40     68     47     84     39     42     60     68     48     75     58     45     30     74     75     36     58     44     39     41     51     41    107     10     50     28      9     43     22     23     22      3      7     15     27      5      7     20     32     10      2      0      0      0      9      2      0      2      6      2      0      2      0      0     15      2      1      0      0      0      0      0      5      0      0      0      0      0
      0      0      0      0      0      0      0      0      0      0      0      0      0      0      1      0      0      0      0      0     15      3      7      2     12      2      5      5     10     23     34     55     45     43     61     49     99     54     48     61     54     47    108     79     57     85     69     39     82     21     30     60     43     59     43     33     32     18     27     26      7     18     57     17     23     21     10     27     17     22     15      3      0      6     10      8      0      3     10      0      0      0      0      0      0      4      1      4      0      0      0      1      1      0      0      0      0      0      0      0
      0      0      0      0      0      0      0      0      0      0      0      0      6      0      0      0      0      0      3      1      4      9      0     11     11     18     12     51     54     20     43     17     10     39     43     53     50     61     56     29     26     59     85     49     36     61     24    116     23     34     22     22     34     35     55     34     43     27     20     49     42     39     20     27     20     39     10      8      4      7      8      0      8      2      5      9      9      3      5      0      0      0      0      0      0      0      0      0      0      0      0      0      0      0      0      0      0      0      0      0
      0      0      0      0      0      0      0      0      0      0      0      0      0      0      0      0      0      0      5      0      5      0      9     22      7     37      4     19     53     35     28     19     39     77     36     26     42     31     45     63     24     20     52     44     29     66     30     66     85     98     53     35     64     42     10      7     11      8      5     18      6     11     32     34     19     31      8      1      6     12      8     23      5      8      9      0      5      0      0      0      0      4      1      0      0      1      1      2      0      0      0      0      0      0      0      0      0      0      0      0
      0      0      0      0      0      0      0      0      0      0      0      0      0      0      2      3      2      1      6      0      4      5      8     11      0      2     13     21      5     58     24     31     21     29     31     21     54     60     41     43     44     19     74     62     41     49     76     34     15      7     27     19     24     19      8     54     14     35     24     22     11     28     10     30     12      2      4      1      6      0      5      0      0      3     17      5      6      0      1      7      5      0      5      0      1      0      4      5      6      0      0      4      0      0      3      0      0      2      0      0
      0      0      0      0      0      0      0      0      0      0      0      0      0      0      0      0      0      0      2      0      0      5      7     10     21     11      3     14     23     12     10      9     20     42     16     45     13     41     45     54     22     54     42      7     59     39     22     53     49     29     22     31     24     18      7     24     19     22     17     18     12     26     23      8     16      5      6     18      2      0     17     24      1      3      5     17      0      1      0      4      0      0      0      0      0      0      0      0      0      2      0      2      0      0      0      0      0      0      0      0
      0      0      0      0      0      0      0      0      0      0      0      0      0      0      0      0      0      0      0      8     13      0      8      3     20     16     18     13      1     13     34      2      6     24     42     67     62      9     47     34     34     31      5     46      7     15     67     19     40     26     44     22     28     15      6     11      8     26     19     11      4     26      8      9     24      6     13      2      9      2      3      0      0      4      0      0      0      0      0      5      4      0      0      0      0      0      1      0      0      0      0      0      0      0      0      0      0      0      0      0
      0      0      0      0      0      0      0      0      0      0      0      0      0      0      0      0      0      3      0      8      0      3      6     19      7     17     15      7     17      4     25     25     22     32     29     25     11     18     15     26     19     13     43     36     29     24     15     49     41     15     31     15     19     37      8     10      2     10      9     15      3     22     26     21      4      2      0      0      5      1     14      1      0      4      1      5     17      0      0     19      8      0      1      0      0      0      0      0      0      0      0      0      0      0      0      0      0      0      0      0
      0      0      0      0      0      0      0      0      0      0      0      0      0      0      0      0      0      3      0      0      0      3     11      4     12     22     14      6     24     19      6     12     18     14     19     12     21     64     25     19     20     30     42     13      8     40     60     13     26     52     31      1     15     14     26     23      4      4     19     12     30      0      9      0     31      5      3      7      9      0      6      2      8      0      1      0      0      3      3      0      4      0      2      0      0      0      0      0      0      0      0      0      0      0      0      0      0      1      0      0
      0      0      0      0      0      0      0      0      0      0      0      0      0      0      0      0      0      0      1      0      0      0      1      0      0      7      5      9     10     30     15     27      6     12     30     15     15     64     18     31     31     35     33     16     14     25     31     22     26     24     16      8      8     11     19     30     10     16     17     11     19      2     30      2      7     17      8      4      1      4      0      0      1      7      4      0      2      0      0      3      0      0      0      0      0      0      0      0      0      0      0      0      0      1      0      0      0      0      0      0
      0      0      0      0      0      0      0      0      0      0      0      0      0      0      0      0      0      0      0      5      1      0      0      0      0      1      6      0     30      0     22      6      8     17      7     15     22     20     23     26      5     10      7     24     18     35      0     14     29     47     24     12      6      4      0      6     14     19      7     11      5      0     12      6      0      1      1      5      0      9      1      0      3      0      0      0      0      0      0      0      0     10      0      0      0      1      0      0      0      0      0      0      0      0      1      0      0      0      0      0
      0      0      0      0      0      0      0      0      0      0      0      0      0      0      0      0      0      0      0      0      3      0      7      3      2      5     10     13     11     13     14      9     20     20     11      9     14     54     18     12     12     13     10     12     22      9     26     18      8     16      4      1      4     11     23     13      1      5      4      5      9      7      7      9      5      3      0      7      0      0      9      1      0      0      1      1      0      0      0      0      0      0      0      0      0      0      0      0      0      0      0      0      0      0      0      0      0      0      0      0
      0      0      0      0      0      0      0      0      0      0      0      0      0      0      0      0      0      0      0      0      0      4      0      5      0      0      8      5     16      0     10      2     22      8      7      0      6     45     11      8     37     40      9      3     21      6     15     15      2     11     17      7     29      6     17      1      6      0      0      9      4      2      0      3      0      5      5      5      0      0      1      0      0      0      0      0      2      0      0      0      0      9      0      0      5      0      0      0      0      0      0      0      0      0      0      0      0      0      0      0
      0      0      0      0      0      0      0      0      0      0      0      0      0      0      0      0      5      0      0      0      1      0      2      0      7      2      6      3      5      0      3      5      9      4      7      7      7      8     41     13      3     11     22     15     11     11      9     21      2     27      9      6      1      3      8      6      7     11     11     15      0      0      8      0      8      6     14      3      0      6      0      0      0      0      0      1      0      0      0      0      0      0      0      0      0      0      0      0      0      0      0      0      0      2      0      0      0      0      0      0
      0      0      0      0      0      0      0      0      0      0      0      0      0      0      0      0      0      1      0      0      0      0      0      0      0      0      1      0      4     14     12      1      2      1      6      7      2      7      1     26      4      7     15      9     19      0     17     29     28      3     22      0      1      3     11     15      8      5      3     18      2      8      0      2      2      1      0     10      0      5      0      0      1      4      9      1      0      0      0      0      0      0      0      0      0      0      3      0      0      0      0      0      1      0      0      0      0      0      0      0
      0      0      0      0      0      0      0      0      0      0      0      0      0      0      0      0      0      0      0      0      0      0      0      0      1      0      0      1      0      2      1      0      9      1      9     15     25      3     21      7     13      9      4      3     14      3      1      3      2      7      6      0      1      5     16      7      2     17      8      0     11     11      0      0      1      0      0      4      1      4      0      4      0      0      0      0      0      0      0      0      0      0      0      0      0      0      0      0      0      0      0      0      0      0      0      0      0      0      0      0
      0      0      0      0      0      0      0      0      0      0      0      0      0      0      0      0      0      0      0      0      0      1      0      0      0      0      8      1      0     11      4      0      9     10      4      2     11     11      4     20      2     11      5     37      0      7      8     11      0      0      0      0     13      8      3      0      2      4      3      0      4      0      1      0      8      8      0      0      0      5      0      4      1      0      1      0      0      1      3      0      0      0      0      0      0      0      0      0      0      0      0      0      0      0      0      0      0      0      0      0
      0      0      0      0      0      0      0      0      0      0      0      0      0      0      0      0      0      0      0      0      4      0      0      2      0     10      0     13      3      3      0      7      0      0      0      0     12      5      7      0      2      5      4      7     11      4     12      8      0      2      0      3      5      0      1     13      0      0      0      0      2     10      0      1      0      0      0      1      0      1      0      0      0      0      3     10      0      0      0      0      0      0      0      0      2      0      0      0      0      0      0      0      0      0      0      0      0      0      0      0
      0      0      0      0      0      0      0      0      0      0      0      0      0      0      0      0      0      0      0      3      0      0      0      1     10      4      3      0      3      2      2      1      6     12      9      0      8      0     18      9      4      1      2      0     26     11      0      0     11      1      0      6      0      4      1      3      0      0      2      7      0      2      0      0      1      0      9      2      0      0      0      0      0      0      0      3      3      0      0      0      0      0      0      4      0      0      0      0      0      0      0      0      0      0      0      0      0      0      0      0
      0      0      0      0      0      0      0      0      0      0      0      0      0      0      0      0      5      0      0      0      0      0      0      0      1      0      0      0      0      0      1      0      0      0      4      0      0      0      0     19      0      2      0      3      7      4     35      0      1      0      0     13      5      0      8      0      0      0      6      3      0      3      3      0      0      0      0      8      4      0      0      0      7      0      0      0      3      0      0      0      0      0      0      0      0      0      0      0      0      0      0      0      0      0      0      0      0      0      0      0
      0      0      0      0      0      0      0      0      0      0      0      0      0      0      0      0      0      0      0      1      0      0      0      0      0      0      0      2      0      0      3      0      4      0     15      3      0      0      2     10      0     26      4      0      0      8      0      0      0      3      5      2      5      4      2      1      0      0      0      0      4      0      0      0      0      0      0      0      0      6      0      0      0      0      0      0      0      0      0      0      0      0      0      0      0      0      0      0      0      0      0      0      0      0      0      0      0      0      0      0
      0      0      0      0      0      0      0      0      0      0      0      0      0      0      0      0      0      0      0      0      0      0      0      0      0      0      0      0      0      0      0      0      6      0      4      1      0      0      1      4      5      2      0     23      0      0      0      0      0      3      0      0     15      3      0      3      0      1      5      1      0      5      0      0      0      0      0      0      0      0      0      1      0      0      0      0      0      0      0      0      0      0      0      0      0      0      0      0      0      0      0      0      0      0      0      0      0      0      0      0
      0      0      0      0      0      0      0      0      0      0      0      0      0      0      0      0      0      0      0      0      0      0      0      0      0      0      1      0      0      5      0      0      0      1     11      0      0      0      0      8      0      9      4     19      1      0      0      4      0      0      0      0      0      0      4      1      0      0      0      0      4      1      2      0      0      4      0      0      0      0      0      0      0      0      0      3      0      0      0      0      0      0      0      0      0      0      0      0      0      0      0      0      0      0      0      0      0      0      0      0
      0      0      0      0      0      0      0      0      0      0      0      0      0      0      0      0      0      0      0      2      0      0      0      0      1      0      0      0      0      4      0      1      0      1      0      0      2      0      0      0      0      5      0      0      0      5      3      0      0      6     13      0      0      2      0      1      0      0      0      0      0      1      1      0      0      0      4      0      0      0      0      0      0      0      0      0      0      0      0      0      0      0      0      0      0      0      0      0      0      0      0      0      0      0      0      0      0      0      0      0
      0      0      0      0      0      0      0      0      0      0      0      0      0      0      0      0      0      0      0      0      0      0      0      0      0      0      0      0      0      7      0      3      0      9      4      0      2      1      3      0      4      2      0      2      0      0      0      2      0      0      0      0      0      0      0      0      3      0      4      0      0      0      4      0      1      0      0      0      0      0      0      0      0      0      0      0      0      0      7      0      0      0      0      0      0      0      0      0      0      0      0      0      0      0      0      0      0      0      0      0
      0      0      0      0      0      0      0      0      0      0      0      0      0      0      0      0      0      0      0      0      0      0      0      0      0      0      0      0      0     10      0      0      0      0      0      0      0     11      2      0      0      0      0      0      4      0      0      0      0      1      0      4      0      0      0      0      0      0      5      0      0      0      0      0      0      0      0      0      0      0      0      0      0      0      3      0      0      0      0      0      0      0      0      0      0      0      0      0      0      0      0      0      0      0      0      0      0      0      0      0
      0      0      0      0      0      0      0      0      0      0      0      0      0      0      0      0      0      0      0      0      0      0      0      0      0      0      2      0      2      0      0      1      0      0      0      2      0      0      0      1      5      0      0      0      0      0      0      7      0      0      0      0      0      0      0      3      0      9      0      0      0      0      0      1      0      0      0      0      0      0      0      0      0      0      0      0      0      0      0      0      0      0      0      0      0      0      0      0      0      0      0      0      0      0      0      0      0      0      0      0
      0      0      0      0      0      0      0      0      0      0      0      0      0      0      0      0      0      0      0      0      0      0      0      0      0      0      0      0      0      0      0      0      0      0      0      0      0      5      4      0      0      0      0      3      2      0      0      9      0      0     11      0      2      5      0      0      0      0      2      0      0      1      3      0      0      0      0      0      0      0      1      0      0      0      0      0      0      0      0      0      0      0      0      0      0      0      0      0      0      0      0      0      0      0      0      0      0      0      0      0
      0      0      0      0      0      0      0      0      0      0      0      0      0      0      0      0      0      0      0      0      0      0      0      0      0      0      0      0      0      0      0      0      0      0      0      0      0      0      0      0      0      0      0      0      0      2      2      0      2      0      0      0      0      0      1      0      0      0      0      0      0      0      0      0      0      0      0      0      0      0      0      0      0      0      0      0      0      0      0      0      0      0      0      0      0      0      0      0      0      0      0      0      0      0      0      0      0      0      0      0
      0      0      0      0      0      0      0      0      0      0      0      0      0      0      0      0      0      0      0      0      0      0      0      0      0      0      0      0      0      0      0      0      0      0      4      6      0      0      0      0      0      0      0      0      0      0      0      0      0      0      7      0      0      0      0      0      5      0      0      0      0      0      0      0      0      0      0      0      0      0      0      0      0      0      0      0      0      0      0      0      0      0      0      0      0      0      0      0      0      0      0      0      0      0      0      0      0      0      0      0
      0      0      0      0      0      0      0      0      0      0      0      0      0      0      0      0      0      0      0      0      0      0      0      0      0      0      0      0      0      0      0      0      0      5      5      0      2      1      0      9      0      0      0      0      0      0      0      0      0      0      0      0      0      0      0      0      0      2      0      0      0      0      0      0      0      0      0      0      0      0      0      0      0      0      0      0      0      0      0      0      0      0      0      0      0      0      0      0      0      0      0      0      0      0      0      0      0      0      0      0
      0      0      0      0      0      0      0      0      0      0      0      0      0      0      0      0      0      0      0      0      0      0      0      0      0      0      0      0      0      0      0      0      0      0      0      0      0      0      2      4      0      0      0      0      0      0      1     13      0      0      9      0      0      8      0      0      0      0      0      0      0      0      0      0      0      0      0      0      3      0      0      0      0      0      0      0      0      0      0      0      0      0      0      0      0      0      0      0      0      0      0      0      0      0      0      0      0      0      0      0
      0      0      0      0      0      0      0      0      0      0      0      0      0      0      0      0      0      0      0      0      0      0      0      0      0      0      0      0      0      0      0      0      0      0      0      0      0      0      0      0      0      0      0      0      0      4      0      0      0      0      0      0      0      0      0      0      0      0      0      0      0      0      0      0      0      5      0      0      0      0      0      0      1      0      0      0      0      0      0      0      0      0      0      0      0      0      0      0      0      0      0      0      0      0      0      0      0      0      0      0
      0      0      0      0      0      0      0      0      0      0      0      0      0      0      0      0      0      0      0      0      0      0      0      0      0      0      0      0      0      0      0      0      0      0      0      0      1      0      0      0      0      0      0      0      0      0      0      0      0      0      0      0      0      0      0      0      0      0      0      0      0      0      0      0      0      0      0      0      0      0      0      0      0      0      0      0      0      0      0      0      0      0      0      0      0      0      0      0      0      0      0      0      0      0      0      0      0      0      0      0
      0      0      0      0      0      0      0      0      0      0      0      0      0      0      0      0      0      0      0      0      0      0      0      0      0      0      0      0      0      0      0      0      0      0      4      0      0      0      0      0      0      0      0      0      0      0      0      0      0      0      0      0      0      0      0      0      0      0      0      0      0      0      0      0      0      0      0      0      0      0      0      0      0      0      0      0      0      0      0      0      0      0      0      0      0      0      0      0      0      0      0      0      0      0      0      0      0      0      0      0
      0      0      0      0      0      0      0      0      0      0      0      0      0      0      0      0      0      0      0      0      0      0      0      0      0      0      0      0      0      0      1      0      0      0      0      0      0      0      0      0      0      0      1      1      0      0      0      0      0      0      0      0      0      0      0      2      0      0      0      0      0      7      0      0      0      0      0      0      0      0      0      0      0      0      0      0      0      0      0      0      0      0      0      0      0      0      0      0      0      0      0      0      0      0      0      0      0      0      0      0
      0      0      0      0      0      0      0      0      0      0      0      0      0      0      0      0      0      0      0      0      0      0      0      0      0      0      0      0      0      0      3      0      0      0      1      7      0      0      0      0      0      4      0      0      5      0      0      0      0      0      0      0      0      0      0      0      0      0      0      0      0      0      0      0      0      0      0      0      0      0      0      0      0      0      0      0      0      0      0      0      0      0      0      0      0      0      0      0      0      0      0      0      0      0      0      0      0      0      0      0
      0      0      0      0      0      0      0      0      0      0      0      0      0      0      0      0      0      0      0      0      0      0      0      0      0      0      0      0      0      0      0      8      0      0      0      0      0      0      0      0      0      0      0      0      0      0      2      0      0      0      0      0      0      0      0      0      0      0      0      0      0      0      0      0      0      0      0      0      0      0      0      0      0      0      0      0      0      0      0      0      0      0      0      0      0      0      0      0      0      0      0      0      0      0      0      0      0      0      0      0
