\ 
\ Covariance Function Histogram Table
\ 
\ X Parameter: Time of Periastron
\ X Abbrev   : TP
\ X Units    : BJD
\ X Items    : 99          
\ 
\ Y Parameter: Minimum Mass
\ Y Abbrev   : Mpsini
\ Y Units    : Mj
\ Y Items    : 100         
\ 
|col000|col001|col002|col003|col004|col005|col006|col007|col008|col009|col010|col011|col012|col013|col014|col015|col016|col017|col018|col019|col020|col021|col022|col023|col024|col025|col026|col027|col028|col029|col030|col031|col032|col033|col034|col035|col036|col037|col038|col039|col040|col041|col042|col043|col044|col045|col046|col047|col048|col049|col050|col051|col052|col053|col054|col055|col056|col057|col058|col059|col060|col061|col062|col063|col064|col065|col066|col067|col068|col069|col070|col071|col072|col073|col074|col075|col076|col077|col078|col079|col080|col081|col082|col083|col084|col085|col086|col087|col088|col089|col090|col091|col092|col093|col094|col095|col096|col097|col098|col099|
|int   |int   |int   |int   |int   |int   |int   |int   |int   |int   |int   |int   |int   |int   |int   |int   |int   |int   |int   |int   |int   |int   |int   |int   |int   |int   |int   |int   |int   |int   |int   |int   |int   |int   |int   |int   |int   |int   |int   |int   |int   |int   |int   |int   |int   |int   |int   |int   |int   |int   |int   |int   |int   |int   |int   |int   |int   |int   |int   |int   |int   |int   |int   |int   |int   |int   |int   |int   |int   |int   |int   |int   |int   |int   |int   |int   |int   |int   |int   |int   |int   |int   |int   |int   |int   |int   |int   |int   |int   |int   |int   |int   |int   |int   |int   |int   |int   |int   |int   |int   |
      0      0      0      0      0      0      0      0      0      0      0      0      0      0      0      0      0      0      0      0      0      0      0      0      0      0      0      0      0      0      2      0      0     10      0      0      6      0      0      0      0      0      0      4      0      0      0      0      0      0      0      0      0      0      0      0      2      0      0      0      0      0      0      0      0      0      0      0      0      0      0      0      0      0      0      0      0      0      0      0      0      0      0      0      0      0      0      0      0      0      0      0      0      0      0      0      0      0      0      0
      0      0      0      0      0      0      0      0      0      0      0      0      0      0      0      0      0      0      0      0      0      0      0      0      0      0      0      0      0      0      0      0      0      0      0      0      0      0      6      1      0      0      0      0      0      0      0      0      3      0      0      0      0      0      0      0      0      0      0      0      0      0      0      0      0      0      0      0      0      0      0      0      0      0      0      0      0      0      0      0      0      0      0      0      0      0      0      0      0      0      0      0      0      0      0      0      0      0      0      0
      0      0      0      0      0      0      0      0      0      0      0      0      0      0      0      0      0      0      0      0      0      0      0      0      0      0      0      0      0      0      0      0      0      0      0      0      0      0      0      3      0      0      2      0      0      0     20      0      6      0      0      0      0      0      0      2      0      2      0      0      0      0      0      0      0      0      0      0      0      0      0      0      0      0      0      0      0      0      0      0      0      0      0      0      0      0      0      0      0      0      0      0      0      0      0      0      0      0      0      0
      0      0      0      0      0      0      0      0      0      0      0      0      0      0      0      0      0      0      0      0      0      0      0      1      0      0      0      0      0      0      0      0      0      0      0      0      0      0      0      0      0      0      0      0      0      2      0      0      0      0      0      2      0      0      0      0      0      0      0      0      7      0      0      0      0      0      0      0      0      0      0      2      0      0      0      0      0      0      0      0      0      0      0      0      0      0      0      0      0      0      0      0      0      0      0      0      0      0      0      0
      0      0      0      0      0      0      0      0      0      0      0      0      0      0      0      0      0      0      0      0      0      0      0      0      0      0      0      0      0      0      0      0      0      0      0     13      5      2      0      0      0      2      0      0      2      0      0      0      2      0      1      0      0      0      0      0      0      0      0      0      0      0      0      0      0      2      0      0      0      0      0      0      0      0      0      0      0      0      0      0      0      0      0      0      0      0      0      0      0      0      0      0      0      0      0      0      0      0      0      0
      0      0      0      0      0      0      0      0      0      0      0      0      0      0      0      0      0      0      0      0      0      0      0      0      0      0      0      0      0      0      2      0      0      0      2      0      0      0      0     16      0      0      0      6      0      0      0      0      0      0      0      0      0      0      0      0      0      0      0      0      0      0      0      1      0      0      0      0      0      0      2      0      0      0      0      0      4      0      0      0      0      0      0      0      0      0      0      0      0      0      0      0      0      0      0      0      0      0      0      0
      0      0      0      0      0      0      0      0      0      0      0      0      0      0      0      0      0      0      0      0      2     10      0      1      0      0      2      0      3      0      0      0      0      0      0      0      0      0      9      3      3      0      0      1      0      0      0      0      1      0      0      0      9      0      0      0      0      0      0      0      0      0      0      0      0      0      0      0      0      0      0      0      0      0      0      0      0      0      0      0      0      0      0      0      0      0      0      0      0      0      0      0      0      0      0      0      0      0      0      0
      0      0      0      0      0      0      0      0      0      0      0      0      0      0      0      0      0      0      0      0      0      0      0      3      0      0     13      0      0      0      2      0      3     11      4      0      0      0      0      0     14      0      4      2      0      0      9     17      0      0      0      0      0      0      0      0      0      0      0      4      0      0      0      0      0      0      0      0      5      0      0      0      0      0      0      0      0      0      0      0      0      0      0      0      0      0      0      0      0      0      0      0      0      0      0      0      0      0      0      0
      0      0      0      0      0      0      0      0      0      0      0      0      0      0      0      0      0      0      0      0      0      0      0      0      0      0      0      0      1      2      3      0      0      0      4      0      1      0      0      0      2      0      2      0      0      0      0      2      2      0      0      0      0      0      0      0      0      0      0      0      0      0      0      0      0      0      0      0      0      0      0      0      0      0      0      0      0      0      0      0      0      0      0      0      0      0      0      0      0      0      0      0      0      0      0      0      0      0      0      0
      0      0      0      0      0      0      0      0      0      0      0      0      0      0      0      0      0      0      0      0      0      0      0      0      0      0      5      0      0      0      1      0      3     17      0      0      1      0      5      0      0      0      9      2      0      0      0      0      0     10      0      0      0      0      1      0      0      0      0      0      0      0      0      0      1      0      0      0      0      0      0      0      0      0      0      0      0      0      0      0      0      0      2      0      0      0      0      0      0      0      0      0      0      0      0      0      0      0      0      0
      0      0      0      0      0      0      0      0      4      0      0      0      0      0      0      0      0      0      0      0      0      0      5      0      0      0      0      0      2      4      0      0      3      0      0      0      0      4      0      0      6      0      0      0      0     24      0      0      0      0      0      0      0      0      0      0      0      1      0      5      0      0      0      0      0      2      0      0      0      0      0      0      0      0      4      0      0      0      2      0      0      0      0      0      0      0      0      0      0      0      0      0      0      0      0      0      0      0      0      0
      0      0      0      0      0      0      0      0      0      0      0      0      0      0      0      0      0      0      0      0      0      0      0      1      0      0      0      2      0      1      1      0      0      0      0      0      7      0      2      0      0      4      1      0      2      0      8      3      5      0      1      0      0      2      0      2      0      3      0      0      0      0      0      0      0      0      0      0      0      0     11      0      0      0      4      2      0      0      0      0      0      0      0      0      0      0      0      0      0      0      0      0      0      0      0      0      0      0      0      0
      0      0      0      0      0      0      0      0      0      0      0      0      0      0      0      0      0      0      0      0      0      0      0      0      0      0      0      7      3      0     10      0      3      0      5     11      0      8      0      1      0      2      8      1      4      7      0      0      0      0      0      7      0      0      0      0      0      0      4      0      3      0      0      0      1      0      0      0      0      0      0      0      0      0      0      0      0      0      0      0      0      0      0      0      0      0      0      0      0      0      0      0      0      0      0      0      0      0      0      0
      0      0      0      0      0      0      0      0      0      0      0      0      0      0      0      0      0      0      0      0      0      0      8      0      0      0      0      0      0     11      0      4      0      4      0      3     13      3      0      0      1      2      0      1      4      1      1      9      5     21      2      0      0      8      0      1      3      0      0      0      0      0      0      0      0      0      0      0      0      0      2      0      0      0      0      0      0      0      0      0      0      0      0      0      0      0      0      0      0      0      0      0      0      0      0      0      0      0      0      0
      0      0      0      0      0      0      0      0      0      0      0      0      0      0      0      0      0      0      0      0      0      0      0      0      0      0      0      4      0      0      0      0      6      0      0      0      1      0      0     10      0      0      0      0      2      0      2      9      5      2      1      0      5      0      4      0      0      0      0      0      0      0      0      0      0      0      6      0      0      0      0      0      0      0      0      0      0      0      0      0      0      0      0      0      0      0      0      0      0      0      0      0      0      0      0      0      0      0      0      0
      0      0      0      0      0      0      0      0      0      0      0      0      0      0      0      0      0      0      0      0      0      0      0      0      0      0      0      0      0      0      3      0      0      0      4      9      0      0      0      2      8     26      0      8     10     10      0      2      0      0      1      0      0      2      2      0      0      3      1      0      0      2      0      0      0      0      0      1      0      0      0      0      0      0      0      0      0      0      0      0      0      0      0      2      0      0      0      0      0      0      0      0      0      0      0      0      0      0      0      0
      0      0      0      0      0      0      0      0      0      0      0      0      0      0      0      0      0      0      0      0      0      3      0      0      0      0      0      0      1      0      0      0      4      6      1      0      0      5      0      0      3     11      4     15      2      4      1      8      8      7      9      0     21      2      1      1      0      0      9      1      0      2      0      5      0      0      0      0      0      0      0      0      0      0      0      0      0      0      0      0      0      0      0      0      0      0      0      0      0      0      0      0      0      0      0      0      0      0      0      0
      0      0      0      0      0      0      0      0      0      0      0      0      0      0      0      0      0      0      0      0      0      0      0      0      0      0      0      0      2      0      7      2      7      3      9      5      0      0      3      5      0      9     13      0      9      2      0      0      0      4      6      1      9      0      0      0      0      0      5      3      0      0      2      0      0      0      0      0      0      0      0      0      0      1      0      0      0      0      0      0      0      0      0      0      0      0      0      0      0      0      0      0      0      0      0      0      0      0      0      0
      0      0      0      0      0      0      0      0      0      0      0      0      0      0      0      0      0      0      0      0      0      0      0      0      0      0      1      0      0      1      0      0      2      3      2      0      9      3      9      7     18      1      7      7      6      7      0      5      9      0      8      5      0      4      2      8      0      0      0      0      3      3      0      1      3      0      3      1      8      0      0      0      0      0      0      0      0      0      0      0      0      0      0      0      0      0      0      0      0      0      0      0      0      0      0      0      0      0      0      0
      0      0      0      0      0      0      0      0      0      0      0      0      0      0      0      0      0      0      0      0      0      0      0      0      0      0     10      5      4      0      0      5      2      5      0      0     10      0     16      0      1      5      3      0     10      2     15      0      1      1      2      0      2      0      0      1      0      0     10      0      0      2      0      0      0      0      0      0      0      0      0      0      0      1      0      0      0      0      0      0      0      0      0      0      0      0      0      0      0      0      0      0      0      0      0      0      0      0      0      0
      0      0      0      0      0      0      0      0      0      0      0      0      0      0      0      0      0      0      0      0      3      0      5      0      1      0      1      9      2      4      0      0     12      0     11      0      0     10      5      8     10      1      9      3      0      4      6      0      8     11     12      5      4      0      4      0      0      0      0      2      1      0      1      0      0      0      2      4      0      0      0      0      0      0      0      0      0      0      0      0      0      0      0      0      0      0      0      0      0      0      0      0      0      0      0      0      0      0      0      0
      0      0      0      0      0      0      0      0      0      0      0      0      0      0      4      5      0      0      0      0      0      0      0      4      0     11      0      1      4      0      7      0      0      0     16      0      0     10      4      1      8     12     11     27      3      4     12      1     12      0      3      0     10      6      2     10      0      0      0      0      2      0      0      0      3      7     14      3      0      0      0      0      6      0      0      0      0      0      0      0      0      0      2      0      0      0      0      0      0      0      0      0      0      0      0      0      0      0      0      0
      0      0      0      0      0      0      0      0      0      0      0      0      0      0      0      0      0      0      0      0      2      0      0      2      0      0      7      0      0      3      0      0      6      2      0      0      1     14      5      5      9      1     14      5     10     17      2      2      1     11      7      5     21      0      0      0      6      2      0      5      0      6      1      0      0      1      0      9     11      1      0      0      0      0      0      0      0      0      1      0      0      0      0      0      0      0      0      0      0      0      0      0      0      0      0      0      0      0      0      0
      0      0      0      0      0      0      0      0      0      0      0      0      0      0      0      0      0      0      0      0      0      0      0      0     13      3      0      1      2      2     11      5      0      3      4      9     16     27      4     14     13     15     13     21      1      6     30     10     14      3      3     10      0      1      0      4      8      5      0      0      2      1      0      6      6      1      4      2      0      0      0      0      0      0      0      2      0      0      0      0      0      0      0      0      0      0      0      0      0      0      0      0      0      0      0      0      0      0      0      0
      0      0      0      0      0      0      0      0      0      0      0      0      0      0      0      0      0      0      1      2      0      0      0      0      4      0      2      3      2      6      9      3      0      0      2      4      1      5     19     11      0     32      2      7      9     24     13     20      4      0     14      8     10      7      2      8      9      0      8      2      9      5      9      0      2      0      0      0      0      4      2      0      0      0      3      0      0      0      0      0      0      0      0      0      0      0      0      0      0      0      0      0      0      0      0      0      0      0      0      0
      0      0      0      0      0      0      0      0      0      0      0      0      0      0      0      0      1      0      0      1      4      1      0      1     13      0      1      3      0      5      4      0      4      0      5     28      4      5      6      2     11      1      3     37      8      2     12     14      4     13      6      3      4     17      6     29      7     24      3     10     14      1      5      0      0      0      5      4      0      1      0      0      0      0      2      0      2      3      0      0      0      0      0      0      0      0      0      0      0      0      0      0      0      0      0      0      0      0      0      0
      0      0      0      0      0      0      0      0      0      0      0      0      0      0      0      0      0      0      0      0      0      0      0      6      2      0      3      1      8      2      0      8      3     15      5      7      0     15     16      3      1      7     42     28     32      4      7     18     21     16     31     20      5      2     19      6      9      4      0      7      4     18      5      3     14      2      2      0      0     16      1      0      1     12      0      1      0      3      0      0      0      2      0      0      0      0      0      0      0      0      0      0      0      0      0      0      0      0      0      0
      0      0      0      0      0      0      0      0      0      0      0      0      0      0      0      0      0      0      1     10      4      1      4      0      0      0      9      6     15      4      0      7      4     12     20     11      2     25      6      3     29     12      8      7      7      8     28     10     15     13     19      8     18     14      8     12      2     11      8      2      2      8      5     11      8     12      0     12      0      5      0      0      0      0      0      0      3      0      0      0      0      0      1      0      0      0      0      0      0      1      0      0      0      0      0      0      0      0      0      0
      0      0      0      0      0      0      0      0      0      0      0      0      0      0      0      0      0      0      0      2      4      0      0     11      0      4      0      0      6     10      9     14     13     12     19     21     16     31      1     17     15     12     20     15     36     34     49     36     20      8     33     28     20     13      8      7      4     12     10      8      0      5      2      8      6      0      2     12      5      5      0      2      0      1      1      0      0      0      1      2      0      0      0      0      1      0      0      0      0      0      0      0      0      0      0      0      0      0      0      0
      0      0      0      0      0      0      0      0      0      0      0      0      0      0      0      0      0      0      0      0      1      0     20      2      6      3      0      3      3     12     12      7      3      1     17     27      2      6     22     27     13     36     13     28     25     31     16     11     14     24     17     11     13     22     14      4     11     13      4     20     14      5     12      5      3     21      5      6      0      3     21      1      2      4      2      0      0      2      0      0      0      2      0      0      0      0      0      0      0      0      0      0      0      0      0      0      0      0      0      0
      0      0      0      0      0      0      0      0      0      0      0      0      0      0      0      0      0      0      0      0      0      0      0      2      3      4     15      0      2      2     14      9      2      4      0     19     18     17     19     10     35     43     21     11     11     22     24     19     23     20     20     25     37     29      9     23     16      1      9     10     18      6     10      5     10      2     16      0      0      5      6     20      3      0      4      5      6      8      0      0      0      0      0      0      0      0      2      0      0      0      0      0      0      0      0      0      0      0      0      0
      0      0      0      0      0      0      0      0      0      0      0      0      0      0      0      0      0      0      0      4     10     23      0      3      2      1      0     18      5     22      5      8     20      8     12     12     19     22     34      8     37     23     13     16     10     16     21     43     35     12     32     18     27      4     23     25     13     20     10     11      9     10     11      6     10      0      0      0      8      0      6      0      3      3      0      0      0      0      4      0      0      0      0      0      0      0      0      0      0      0      0      0      0      0      0      0      0      0      0      0
      0      0      0      0      0      0      0      0      3      0      0      0      0      0      0      0      0      3      0      8      0      0      8      4      1      5      2      1      0     14      5     18      9     11      3     22     30     20     22     21     25     18      2     55     18     32     31     45     45     27     24     33     36     15     12     16     35     42     22     19      0      6     25      4      5     20     10      4     11      3      2     10      0     12      0      2     13      0      0      0      0      0     15      0      5      0      0      0      0      0      0      0      0      0      0      0      0      0      0      0
      0      0      0      0      0      0      0      0      0      0      0      0      0      0      0      0      5      0      2      0      0      1      3     10      8      2      2      1     23     16      9      3     12     10     59     18     29     24     44     29     40     40     38     45     21     45     33     22     68     39     28     23     17     17     24     15     14     26     16      3     23      5      4      9     25      0      9      3     16     11      6      6      0      0      0      0      0      0      0      0      1      0      0      0      0      0      0      0      0      0      0      0      0      0      0      0      0      0      0      0
      0      0      0      0      0      0      0      0      0      0      0      0      1      0      1      0      5      3     17      0      0      0      8      7      5      7      0     13      4     10      3     10      8     28     28     21     13     25     15     25     19     28     31     63     31     30     42     15     48     23     51     63     21     68     17     27     24     35     34     25     14     16      6      3     10      4      8      0      5     14      8      3      0      0      4      2      0      1      0      9      0      0      0      0      0      0      0      0      0      0      0      0      0      0      0      0      0      0      0      0
      0      0      0      0      0      0      0      0      0      0      0      0      0      0      0      0      0      3      0      1      0     14      0      2      4     10      4      5      5     23     13     15      5     37     23     24     23      3     16     35     16     24     35     46     52     60     34     34     28     44     41     86     42     39     56     23     19     15     43     11     14     24     52      4     24      4      7      9     21     17      7      5      0     19      1      5      1      0      0      0      0      0      0      0      0      0      4      0      0      0      0      0      0      0      0      0      0      0      0      0
      0      0      0      0      0      0      0      0      0      0      0      0      0      0      2      1      0      0     10      0      9      0      0      4      8     24      4     14     21      5      8     11      4      9     39     14     36     40     40     24     65     40     55     36     21     38     82     57     60     33     63     35     28     50     45     22     26     34     42     15     60      7     35      7      9      8     11     37     16      6      9      5      6      5      0      1     12      1      3      0      0      0      0      0      0      0      0      0      0      0      0      0      0      0      0      0      0      0      0      0
      0      0      0      0      0      0      0      0      0      0      4      0      0      0      0      0      1      6      7     11     12      1      1     16      3     25     16      5     32     26      5     26     27     32     32     11     32     45     34     43     21     64     91     86     81     91     13     41     34     38     18     37     40     51     48     21     35     17     37     40     15     16      5     33     25     13     27      2     13      5      9      3      5      2      3      0      0      0      0      0      1      0      0      0      0      0      0      0      0      0      0      0      0      0      0      0      0      0      0      0
      0      0      0      0      0      0      0      2      0      0      2      0      0      2      0      0      2      0      0      2      0      0     13      8      5      0     20     13     29     19     13     16      9     63      6     51     34     59     47     33     63     83     25     44     42     68     56     86     32     34     66     19     93     33     56     59     55     48     34     21      4     25      4     32     28     14     25     23     15      3      4      4      9      1      1      2      0      1      1      2      0      0      0      3      0      0      0      0      0      0      0      0      0      0      0      0      0      0      0      0
      0      0      0      0      0      0      0      0      0      0      0      0      0     10      0      0      2      0      0     23      0      2      3      0      0     10     12      0     33     20     14     29     27     19     31     38     50     39     78     51     33     37     72     23     51     62     57     39     50     50     40     93     51     50     48     66     23     20     47     37     19     39     40     28     30     22      4      4     16      9     28     10      2      2     13      0      4      1      4      0      1      1      0      0      0      0      0      0      0      0      0      0      0      0      0      0      0      0      0      0
      0      0      0      0      0      0      0      0      0      0      0      0      0      0      2      0      0      0      9      0      0      0     13      3     24     17     12      9      4     40     15     31      9     39     15     52     57     48     68     68     53     83     40     74     17     69     77     42     43    100     57    113     39     31     90     39     50     23     20     32     58     38     46     20      7     23     24     30     18     15     10      8     12      1      5      0      0      1      0      0      0      0      0      1      0      0      0      0      0      1      0      0      0      0      0      0      0      0      0      0
      0      0      0      0      0      0      0      0      3      0      0      0      0      0      0      4      0      2     14      0      3      9      8      8     15      7     19     20     19      7     20     31     18     31     15     40     55     66     33     53     49     80    118     68     79     90     43     87     52     37     79     95     45     92     63     35     92     48     39     36     30     41     26     33     15     34      8     27     16      4      5     28      6     10     10      0      1      1      0      4      0      1      0      0      0      0      0      0      0      0      0      0      0      0      0      0      0      0      0      0
      0      0      0      0      0      0      0      0      0      0      0      0      0      0     17      0      5      2      1      0     10      7      4      0     14      5      3     15     14     18     68     38     49     25     23     42     55     51     16     38     34     41     44     51     63     57     48     39     49     44     49     51    105     78     77     35    101     83     29     12     45     15     43     20     38     39     34     16      7     14     10      5     32      9     11      4      3      0      0      2      1      0      1      2      3      0      0      0      0      0      0      0      0      0      0      0      0      0      0      0
      0      0      0      0      0      0      0      0      0      0      0      2      0      0      1      0      0      0      2      8     17      1      7      5      1     20      5      9     38     38     39     15     21     57     42     70     44     64     24     46     93     52     64     33     38     79     40     55     90     45     91     75     83     94     33     88     55     60     38     91     23     49     19     17     25     29      6      9     13      9     14     14     13      7     27      1     12      4      3      2      6      0      1      0      0      0      2      0      0      0      0      0      0      0      0      4      0      0      0      0
      0      0      0      0      0      0      0      0      0      0      0      1      0      0      9      0      0      0      0      7      2      0      0     23      2      2      9      6      9     26      6     16     37     22     31     63     93     59     70     61     35     72    127     54     75     59     41     91     66    100     57     71     52    151    120     66     70     68     50     63     63     30     53     26     35     13      4     48     18     46     12     19     20     13     15      1      5      7      3     20      1      0      0      0      0      2      0      0      0      0      0      0      1      0      0      0      0      0      0      0
      0      0      0      0      0      0      0      3      0      0      0      0      0      0      3      0      1      4      2      5      5      2      2      0      6     12     26     16     35     31     17     30     24     25     45     43     41     37     99     67     39     30     52     57     74     36     72     71    102     73     79     78     80    106     77     91     18     50    107     81     29     49     44     53     62     31     27      9     15      7     31      2      3     11      1      3      3      6      3      5      6      1      1      2      0      6      0      0      0      0      0      0      0      0      0      0      0      0      0      0
      0      0      0      0      0      0      0      0      0      0      0      0      0      0      0      1      7      1      0      8      1      0     11      5      6      7     17     17      9     24     29     27     59     77     48     57     61     30     51     68     61     95     75     70     59    174     57    125     73    128     71    116     87     37     78     87     22     82     59     72     79     23     48     38     11     31     19     20     17     16     20     15     10     13     14     29      8      9      0      0      8      0      4      1      0      0      0      1      0      0      0      0      0      0      0      0      0      0      0      0
      0      0      0      0      0      0      0      0      0      0      0      0      0      0      0     10      8      5     19      7      8     12      7      9      3     28     12      3     10     49     20      3     36     40     36     60     71     39     60     59     60     72     58     74     82     80    140     85     39     87    117    121     69     44    121     42     91    131     70     22     62     57     17     41     35     49     37     58     59     33     33      8     35     13      2      7     13      2      5      1      0      3      4      1      0      0      0      0      0      0      0      0      0      0      0      0      0      0      0      0
      0      0      0      0      0      0      0      0      0      0      0      0      0      0      0      0      5      0      0     12      6      4      6     23      8      8     21     19     12     42     13     52     32     54     86     34     46     42     50     54    100     65     27     88     85     64     56     80    110     98    142     77    151    112     94    131     76     96     68     98     62     62     58     39     27     44     45     10     16     29     19     15     16     29     12      2     13      2      2      4      4      2      2      0      4      2      0      0      0      0      0      0      0      0      0      0      0      0      0      0
      0      0      0      6      0      0      0      0      0      1      0      0      0      0      0      0      6      0      1      0      5      2      0     21     16     21     21     10     29     30     23     72     27     49     51     87     45     38     48     76     52     99     58     51    110    167    125     86    121    127    135    100    114     66     54     57    111     81     42     94     92     51     49     60     45     38     14     23     21     33     51      5     24     13     35     51     11      1     12      0      0      8      0      6      1      0      3      0      0      0      0      0      5      0      0      0      0      4      0      0
      0      0      0      0      0      0      0      0      0      0      0      0      0      0      2      0      0      8      5      3     14      0      1      7      1      8     14     13     22      9     30     13     30     35     52     61    128     64     78     47     47     49     58     70     61     64     59     34    104    110    100    111     48     68     58    104     72     98     75     46     82     69     67     30     20      8     11     17     85     42      6      6     14     21     11      7      0     19      4      7      7      0     10     15      0      0      4      2      0      0      0      0      0      0      0      0      2      0      0      0
      0      0      0      0      0      0      0      0      2      0      0      0      2      7      0      0      5      0      0      0      0      1      0      0     30      8     30     38     19     22     25     27     36     31     52     44     63     61     50     54     41    115     63     81     81     42    105    105     71     73     87     52     64     60     76    143     88     38     64     60    118     18     80    100     42     64     27     44     36     34     44     14      9      0      7      6      7      3      5      4      9      6      5      0      0      2      0      0      0      0      0      0      1      0      0      0      0      0      0      0
      0      0      0      0      0      0      0      0      0      0      0      6      0      0      0      0      0      0      0      7      0     12     10      2      7      5      6     13     24      9     16     25     67     36     38     42     60     56     47    100     71     47     87     67     81     57    115     49    113     77     69    133     64    166     60     94     90     53    105     48     50     37     52     59     75     35     38     13     12     31     14      7     14     15      7     11     23      8      8     18     12      4      6      0      0      0      1      2      0      0      0      0      0      0      0      0      0      0      0      0
      0      0      0      0      0      0      0      0      0      0      0      0      0      0      6      0      1      0      0      0      0     11     11      1     13     22      6     21      8     23      6     42     24     22     76     76     74     92     44     58     94     80     74     85     60     73     64    113     90     61    108     81    101     46     85     64     32    122     68    103     78     56     48     29     50     20     35     12     31     37     12     11     12     18      9      4      0      3     11      4      0      0      9      0      0      0      0      0      0      0      0      0      0      2      0      0      0      0      0      0
      0      0      0      0      0      0      0      0      0      0      0      0      0      3      0      0      0      0      4      1     26      0      6      5      4      0      4     20     14     20     37     21     45     22     57     64     62     51     75     53     32     62     63     81     72     95     61     63    131     67     83     92    102     77    114     82     58     37     67     65     27     64    105     13     79     42     58     28     37     21      3      8     23     12     23      9      6     15      1      1      6      0      0      0      0      0      0      2      1      0      0      0      5     22      0      0      0      0      0      0
      0      0      0      0      0      0      0      0     12      0      5      0      0      0      0      1      0      0      2      3      5      1      1      5     22      9      6      9     44     43     26     33     26     57     39     68     34     73     66     87    103     98     70     68     52     81    137    117     80     55    100     69    125     92     59     93     79     75     83     83     76     59     63     32     66     38     57     19     44     23      8     13     56      1      7     11     34      0     15      5      0      6      0      0      1      0      1      0      0      0      0      0      0      0      0      0      0      0      0      0
      0      0      0      0      0      0      0      0      0      0      0      0      0      0      0      0      0      0      0      8      0      1      0     13     19     10     16      0     25     32     34     13     28     35     37     22     53     39     65     69     54     18     30     74    127     88     39     54    127     97     73    103    127     80     50     80     41     74     53     72    115     86     29     23     21     30     21     47      9     38     12      9      1     12     14     13      5      0      2     10      3      7      6      4      0      0      8      6      0      0      0      8      0      0     15      0      0      0      0      0
      0      0      0      0      0      0      0      0      0      0      0      0      1      0      0      0      0      0      0      0      2      0      0     10      9      9      7      5     18      8     15     27     37     30     39     21     55     55     41     45     46     46     42     61     74     77    116    116     46     46    100     61     68     79     64     98     37    104     60     91     41     11     69     63     31     29     59     44      7      2     23     60     32     23      4     15      8      0     12      3     12     15      1     22      0     10      4      0      0      0      0      0      0      0      0      0      0      0      0      0
      0      0      0      0      0      0      0      0      6      0      0      0      0      1      0     12      0      0     11      0      3      0      4     19      0     15     15      1     17     20      7     20     16     24     12     17     29      9     74     59     65     47    100    119     61     38     73     80     90     52     46     94     74     62     51    105     81     54     57     18     66     77     36     97     53     40     28     24     58     29     25     31     27     14     14     11      9      7      9      3      1     12      0      3      0      0      2      0      0      0      4      0      0      0      0      0      0      0      0      0
      0      0      0      0      0      0      0      0      0      0      0      0      7      0      0      6      0      0      2     21      2      6      5      5      4     21     20      8      8     18     19     25     20      9      7     33     30     49     38     25     38     35     35     91     67     70     56     92    140     85     87     36     61     76     41     73     47     74     22     47     74     20     61     41     31     15     68     20     25     22      8      5     10      7      8      9      6      0      5      1      0     12      3      1      0      0      0      4      0      0      0      0      0      0      0      0      0      0      0      0
      0      0      0      0      0      0      0      0      0      0      0      0      0      0      0      0      0      1      0      0      4      4      2      2      9     17     10      1     14     19      9     24     15     28     29     52     33     51     30     36     15     65     42     61     54     39     78     56     47     60     39    110     45     63     78    142     63     63     57     35     48     38     67     33     29     19     61     17     14     38     14     16     10      4      1      9     11      6      2     10      1     13      3      0      1      0      0      1      0      0      0      6      0      0      0      0      0      0      0      0
      0      0      0      0      0      0      0      0      0      7      6      0      0      0      0      0      0      0      0      0      8      5      0      7      6      4      4      6      5     10     42     22      6     13      9     30     39     47     43     18     61     16     24     44     44     92     48     43     41     39     63     48     81    114     59     65     45     48     69     28     29     43     58     33     56     15     35     31     28      7     30      8     43     19      6     10     13      4      5      2      3      0     11      6      0      0      0      0      0     12      0      0      0      1      0      0      0      0      0      0
      0      0      0      0      0      0      0      0      0      0      0      0      0      0      2      0      0      1      1      5      3      1      2      1      0      6      2      9     15      2      4     20     18     34     18     33     19     53     22     20     73     44     26     31     23     94     55     67     97     50     53     52     78     46     34     77     69     76     19     60     47     49     28     84     81     35     35     11     23     25     10      4      5      4     27      3      7      6      0      9      5     10      2      0      0      1      0      4      0      1      0      0      0      0      0      0      0      0      0      0
      0      0      0      0      0      0      0      6      0      1      0      0      3      0      4      0      0      0      1      3      0      1      3      0      4     14      5      0      8     10     31      3     21     34      8     44     32     42     14     21     56     26     34     52     68     70     48     67     61     48     44     54     15     94     70     45     65     45     46     20     23     51     39     11     17     62     12      0      4     14     17     35     15      1      3      3     17     12      6     21      6      5      5      0      4      0      0      0      0      0      0      0      0      0      0      0      0      0      0      0
      0      0      0      0      0      0      0      0      0      0      0      0      0      0      0      0      0      4      1      0      2      8      2      1      7      0      4      8      4     12     17     25     13     13     49     14     51     33     10     19     36     14     32     26     21     64     27     48    101     78     39     76     39     48     79     55     23     47     70     49     18     27     36     10     19      9     42     41     12      2     29     13      7     29     13      5      3      4      2      0      4      3      1      0      8      0      0      0      0      0      0      0      0      0      0      3      0      0      0      0
      0      0      2      0      0      0      0      0      0      2      3      0      0      0      0      0      0      0      0      0      0      6      5      2      4      1     11      0     21      0      5     14      9     21     31      1     28     46     33     33     15     20     15     33     43     58     57     62     31     55     19     59     31     36     30     53     43     40     58     44     23     16     13      6     20     33     29     37      0      5      1     10      8      9      5     12     13      6      0      5      0      0      8      1      0      2      0      0      0      0      0      0      0      4      0      0      0      0      0      0
      0      0      0      0      0      0      0      0      0      0      0      0      0      0      0      0      0      0      0      0      0      0      0      0      0     15      3      1      6      3      6      9     21      3      2     30      6     12      8     33     28     34     36     29     31     43     40     20     28     25     50     60     23     64     13     32     47      6     40     38     36     50     29     17     17     21     25     16      9     11     33     21      3      3      2     12      4      7      2      0      0      0      0      3      0      0      5      0      0      0      0      0      0      4      0      0      0      0      0      0
      0      0      0      0      0      0      0      0      0      0      0      0      0      0      0      0      8      0      0      0      0      0      0      4     10      4      0      3      8      8     11      8      2      2     48     20     36     15     27     30     17     27     16     16     30     48     30     17     19     51     36     42     10     17     26     30      7     23     28     19     24     37     17     35      8     34      6     18     31     31     14      0      9      0      5      0      0      0      0      4      5      0      0      2      0      0      0      0      0      1      2      4      0      0      0      0      0      0      0      0
      0      0      0      0      0      0      0      0      0      0      0      0      0      0      0      0      6      0      0      0      0      0      0      0      1      7     15      9     14      3     12      6     28     18     21      6      0     10     22     17      7      5      8     36     25     19     50     15     26     52     18     24     57     13     27     28      8     20     14     32      4     24     32     10     41      8     25      8     20      3     12      2      3     10      0     13      0      8      0     13     12      1      0      2      0      0      0      0      0      0      0      0      0      0      0      0      0      0      0      0
      0      0      0      0      0      0      3      0      0      0      0      0      0      0      0      0      0      1      0      0      0      0      0      0      0      0      9      8      6      0     10     11      6      2     19      1      9      3     17     11      8     19     17     31     52     63     51     17     67     21     30     20     36     22     22     15     10     28     25     18     13     37     20      1     59      8      0      5      2      3      5      3     13     19      0     11      2     11      2      0      0      0      0      0      3      0      0      0      0      0      0      0      0      0      0      0      0      0      0      0
      0      0      0      0      0      0      0      0      0      0      0      0      0      0      0      0      0      0      0      1      0      0      0      3      0      6      0      0      3      6      7     20     18     10     18      4     18     13      6      5     13     23     24     20     10     46      5     28     28     12      7     55     12     23     24      9     19     30     77     36     19     35     23     18      4      5      9     12      0      7      7      9      0     11      5      2      0      3      1      0      1      0      0      0      0      0      0      0      0      0      0      0      0      0      0      0      0      1      0      0
      0      0      0      0      0      0      0      0      0      0      0      0      0      0      0      0      0      0      0      0      0      0      5     11      0      0      1      0      0      1      0      2      4      4      2     10     10      8     16     13     14      4     16     23      7      4     32     15     11     12      2      9     36     37      7     27     31     18     18      1      9      1     31     15      2      5     17      0     10      0      1      0     13     11      0      0      8      1      3      0      0      0      0      6     11      0      0      0      1      0      0      0      0      0      0      0      0      0      0      0
      0      0      0      0      0      0      0      0      0      0      0      0      3      0      0      0      0      0      0      0      3      0      0      0      0      0      0      0      6      0      0      7      3      5      7     20      7     10      5      6     10      4      8     59      9     21     16     18     20      8     18     19     17     22     12     12     27     13      6     18      3      3      6     23     10     23     11      6      9      0      0      1      4      0      0      0      6      0      0      0      0      0      0      0      0      0      0      0      0      0      0      0      0      0      0      0      0      0      0      0
      0      0      0      0      0      0      0      0      0      0      0      0      0      0      0      0      0      0      1      0      2      0      0      0      0      0      0      0      0      6      0      5      3      0      9      5     11      6      5     11     10     44      3     19     15      2      4      3     30     14     11     17      7     24     12     24     14     10     12     29     23      6      3      2      8     10      0      2     10      4      0      0      0      0      2     11      0      0      0      0      0      0      0      0      0      0      0      0      0      0      0      0      0      0      0      0      0      0      0      0
      0      0      0      0      0      0      0      0      0      0      0      0      0      0      0      0      0      0      0      0      0      0      0      0      0      0      0      0      0      0      0      0      3      9      8      3      0      4     18      7      4      3      8     38      5      8      4      6      5     18     18      2      6      9      9     25     19     19     16      4      0     21      2     17      7     34     10     11      0      0      1      2      0      0      6      3      0      0      0      0      0      0      0      0      0      0      0      0      0      0      0      0      0      0      0      0      0      0      0      0
      0      0      0      0      0      0      0      0      0      0      0      0      0      0      0      1      0      0      0      0      0      0      0      0      0      0      0      1      0      0      4      0      0     14      2     15      1      0      4      3      2      4      3      2     12      0     24     20      9      5      0     13     20      7      9     27     12      1      5     35      7     10      5      4      7      6      3     17     16      6      0      4      6      0      5      0      0      0      0      0      0      0      0      0      0      0      0      0      0      0      0      0      0      0      0      0      0      0      0      0
      0      0      0      0      0      0      0      0      0      0      0      0      0      0      0      0      0      0      0      0      0      0      1      0      0      0      1      0      0      1      0      1      2      8      5      0      0      1      1      2      4      0      4      3      3      1      8      7      4     20      5     26     11      7      0      6      6      6      9     16      0      6      0     14     12      0     19      0      7     11      0     10      0      1      2      0      0      0      0      0      0      0      0      0      0      1      0      0      0      0      0      0      0      0      0      0      0      0      0      0
      0      0      0      0      0      0      0      0      0      0      0      0      0      0      0      0      0      0      0      0      0      0      0      1      0      0      0      0      1      7      1      0      2      7      0      6      9      1      2      0      6      1     23     33      4      2      4      0      1      5      3      5     14     12      5      3      8     10      6      8      0      0      6      8      0     17      0      6      4      0      0      0      0      0      1      3      0      0      0      3      0      6      0      1      0      0      0      1      0      0      0      0      0      0      0      0      0      0      0      0
      0      0      0      0      0      0      0      0      0      0      0      0      0      0      0      0      0      0      0      2      0      0      0      0      0      4      0      0     13      0      0      0      0      0      3      3     10     11      0      0      1      0      5      0      0      6      4      2      0      4     19      0      4     12      3      4      0      2      4      1      7      2      0      2      3      0     16      9      0      0      2      0      0      2      0      0      0     10      1      0      0      0      0      0      0      0      0      0      2      0      0      0      0      0      0      0      0      0      0      0
      0      0      0      0      0      0      0      0      0      0      0      0      0      0      0      0      0      0      0      0      0      0      3      0      0      0      9      0      0      0      4      6      0      0      5      0      3      1      1     11      0      3      6      0      4      8     12      5      0      0     10      9      5      1     16      6      4      0     13     13      0      3      0      5      1      6      0      0      3      1      6     11      0      0      0      0      0      0      0      0      0      0      0      0      0      0      0      0      0      0      0      0      0      0      0      0      0      0      0      0
      0      0      0      0      0      0      0      0      0      0      0      0      0      0      0      0      0      5      0      0      0      0      0      0      0      0      0      1      0      0      0      0      0      0      0      0      1      0      0      8      0      0      0      0      0      4      2      0      0      2      1      0      0      0     21     18     31      0      8      7      0      0      0     10      2      3      4      0      1      7      6      0      0      0      3      0      0      0      0      0      0      0      0      0      0      0      0      0      0      0      0      0      0      0      0      0      0      0      0      0
      0      0      0      0      0      0      0      0      0      0      0      0      0      0      0      0      0      0      0      0      0      0      0      0      0      0      0      4      0      0      0      0      1      0      0      0      0      0      2      0      4      0      2      0     10      0      0      9      0      6      0      5      0      0      0     15      5     26      0      0      2      8      4      0      0      0      5      0      0      0      0      0      0      1      1      0      0      0      0      0      0      0      0      0      0      0      0      0      0      0      0      0      0      0      0      0      0      0      0      0
      0      0      0      0      0      0      0      0      0      0      0      0      0      0      0      0      0      0      0      0      0      0      0      0      0      0      2      0      0      0      0      0      0      2      0      0      0      1      0      9      0      0      0      0      0      2      3      0      5      1      8      3      1      0     17      0      0      0      0      0      3     16      0      0      5      0      0      4      0      0      0      0      0      0      0      0      0      0      0      1      0      0      0      0      0      0      0      0      0      0      0      0      0      0      0      0      0      0      0      0
      0      0      0      0      0      0      0      0      0      0      0      0      0      0      0      0      0      0      0      0      0      0      0      0      0      0      0      0      0      0      0      1      0      0      0      0      5      0     12      0      0      5      9      4      6      0      0      0      4      0      2      5      0      2      0     13      0      4      0      2      0      1      0      0      0      0      0      4      0      0      0      0      0      0      3      0      0      0      0      0      0      0      0      0      0      0      0      0      0      0      0      0      0      0      0      0      0      0      0      0
      0      0      0      0      0      0      0      0      0      0      0      0      0      0      0      0      0      0      4      0      0      2      0      0      0      0      0      0      0      0      0      1      0      0      1      0      0      0      1      0      2      0      0      0      0      4      0      0      0      1      0      0      8      6      0      0      0      0      3      0      0      0      2      0      0     13      0      0      0      0      0      0      2      0      0      0      0      2      0      0      0      0      0      0      0      0      0      0      0      0      0      0      0      0      0      0      0      0      0      0
      0      0      0      0      0      0      0      0      0      0      0      0      0      0      0      0      0      0      0      0      0      0      0      0      0      0      0      0      0      0      0      0      0      0      0      4      3      2      0      0      0      9      0      6      0      1      0      9      2      1      4      0      0      3      0      0      0      0      2      0      0      0      3      5      0      0      0      2      0      0      0      0      2      0      0      0      0      0      0      0      0      0      0      0      0      0      0      0      0      0      0      0      0      0      0      0      0      0      0      0
      0      0      0      0      0      0      0      0      0      0      0      0      0      0      0      0      0      0      0      0      0      0      0      0      0      0      0      0      0      0      0      2      0      0      0      0      0     10      0      0      0      0      0      0      0      0      4      0      0     11      0      5      0      0      0      0      0      0      0      1      4      0      0      0      0      0      0      0      0      0      0      0      3      0      0      0      0      0      0      0      0      0      0      0      0      0      0      0      0      0      0      0      0      0      0      0      0      0      0      0
      0      0      0      0      0      0      0      0      0      0      0      0      0      0      0      0      0      0      0      0      0      0      0      0      0      0      0      0      0      0      0      0      0      0      0      2      0      3      0      0      0      0      2      0      0      0      0      0     13      0      0      0      0      0      0      0      0      0      0      0     12      0      0      1      0      0      0      0      0      0      0      0      0      0      0      0      0      0      0      0      0      0      0      0      0      0      0      0      0      0      0      0      0      0      0      0      0      0      0      0
      0      0      0      0      0      0      0      0      0      0      0      0      0      0      0      0      0      0      0      0      0      0      0      0      0      0      0      0      0      0      0      0      0      4      0      0      4      0      0      0      1      2      0      0      0      0      0      7      0      0      3      0      0      0      8      0      0      3      5      0      0      0      2      4      0      0      0      0      0      1      0      0      3      0      0      0      0      1      0      0      0      0      0      0      0      0      0      0      0      0      0      0      0      0      0      0      0      0      0      0
      0      0      0      0      0      0      0      0      0      0      0      0      0      0      0      0      0      0      0      0      0      0      0      0      0      0      0      0      0      0      0      0      0      0      0      0      0      0      0      0      0      0      0      0      0      0      0      0      0      2      0      1      0      0      2      0      0      0      0      0      1      1      0      0      0      0      0      0      0      0      0      0      0      0      0      0      0      0      0      0      0      0      0      0      0      0      0      0      0      0      0      0      0      0      0      0      0      0      0      0
      0      0      0      0      0      0      0      0      0      0      0      0      0      0      0      0      0      0      0      0      0      0      0      0      0      0      0      0      0      0      0      0      0      0      0      0      0      0      0      4      0      6      0      0      0      0      0      0      0      0      0      0      0      0      0      0      0      0      0      0      0      7      0      5      0      0      0      0      0      0      0      0      0      0      0      0      0      0      0      0      0      0      0      0      0      0      0      0      0      0      0      0      0      0      0      0      0      0      0      0
      0      0      0      0      0      0      0      0      0      0      0      0      0      0      0      0      0      0      0      0      0      0      0      0      0      0      0      0      0      0      0      0      0      0      0      0      0      0      0      0      5      0      0      0      0      0      3      0      0      5      0      9      0      0      0      2      0      0      0      0      0      0      0      0      0      0      0      0      0      0      0      0      0      0      0      0      0      0      0      0      0      0      0      0      0      0      0      0      0      0      0      0      0      0      0      0      0      0      0      0
      0      0      0      0      0      0      0      0      0      0      0      0      0      0      0      0      0      0      0      0      0      0      0      0      0      0      0      0      0      0      0      1      0      0      0      2      0      0      0     13      0      0      0      0      4      0      0      0      0      0      0      0      0      9      0      0      0      0      0      0     11      0      0      0      0      0      0      0      0      0      0      0      0      0      0      0      0      0      0      0      0      0      0      0      0      0      0      0      0      0      0      0      0      0      0      0      0      0      0      0
      0      0      0      0      0      0      0      0      0      0      0      0      0      0      0      0      0      0      0      0      0      0      0      0      0      0      0      0      0      0      0      0      0      0      0      0      0      0      0      0      0      0      0      0      0      0      0      0      0      0      0      0      4      0      0      0      0      0      0      0      0      0      5      0      0      0      0      0      0      0      0      1      0      0      0      0      0      0      0      0      0      0      0      0      0      0      0      0      0      0      0      0      0      0      0      0      0      0      0      0
      0      0      0      0      0      0      0      0      0      0      0      0      0      0      0      0      0      0      0      0      0      0      0      0      0      0      0      0      0      0      0      0      0      0      0      0      0      0      0      0      0      0      0      0      0      0      0      1      0      0      0      0      0      0      0      0      0      0      0      0      0      0      0      0      0      0      0      0      0      0      0      0      0      0      0      0      0      0      0      0      0      0      0      0      0      0      0      0      0      0      0      0      0      0      0      0      0      0      0      0
      0      0      0      0      0      0      0      0      0      0      0      0      0      0      0      0      0      0      0      0      0      0      0      0      0      0      0      0      0      0      0      0      0      0      0      0      0      0      0      0      0      0      4      0      0      0      0      0      0      0      0      0      0      0      0      0      0      0      0      0      0      0      0      0      0      0      0      0      0      0      0      0      0      0      0      0      0      0      0      0      0      0      0      0      0      0      0      0      0      0      0      0      0      0      0      0      0      0      0      0
      0      0      0      0      0      0      0      0      0      0      0      0      0      0      0      0      0      0      0      0      0      1      0      0      0      0      0      0      0      0      0      0      0      0      0      0      0      0      0      0      0      1      0      0      0      0      1      0      0      0      0      0      9      0      0      0      0      0      0      0      0      0      0      0      0      0      0      0      0      0      0      0      0      0      0      0      0      0      0      0      0      0      0      0      0      0      0      0      0      0      0      0      0      0      0      0      0      0      0      0
      0      0      0      0      0      0      0      0      0      0      0      0      0      0      0      0      0      0      3      0      0      0      0      0      0      0      0      0      0      7      0      0      0      0      0      0      4      0      0      0      0      0      0      0      0      0      1      1      0      0      0      4      0      0      0      0      0      0      0      0      0      0      0      0      0      0      0      0      0      0      0      0      0      0      0      0      0      0      0      0      0      0      0      0      0      0      0      0      0      0      0      0      0      0      0      0      0      0      0      0
      0      0      0      0      0      0      0      0      0      0      0      0      0      0      0      0      0      0      0      0      0      0      0      0      0      0      0      0      0      0      0      0      0      0      0      0      0      0      0      0      8      0      0      0      0      0      0      0      0      0      2      0      0      0      0      0      0      0      0      0      0      0      0      0      0      0      0      0      0      0      0      0      0      0      0      0      0      0      0      0      0      0      0      0      0      0      0      0      0      0      0      0      0      0      0      0      0      0      0      0
