\ 
\ Covariance Function Histogram Table
\ 
\ X Parameter: Time of Eclipse
\ X Abbrev   : TS
\ X Units    : BJD
\ X Items    : 100         
\ 
\ Y Parameter: Minimum Mass
\ Y Abbrev   : Mpsini
\ Y Units    : Mj
\ Y Items    : 100         
\ 
|col000|col001|col002|col003|col004|col005|col006|col007|col008|col009|col010|col011|col012|col013|col014|col015|col016|col017|col018|col019|col020|col021|col022|col023|col024|col025|col026|col027|col028|col029|col030|col031|col032|col033|col034|col035|col036|col037|col038|col039|col040|col041|col042|col043|col044|col045|col046|col047|col048|col049|col050|col051|col052|col053|col054|col055|col056|col057|col058|col059|col060|col061|col062|col063|col064|col065|col066|col067|col068|col069|col070|col071|col072|col073|col074|col075|col076|col077|col078|col079|col080|col081|col082|col083|col084|col085|col086|col087|col088|col089|col090|col091|col092|col093|col094|col095|col096|col097|col098|col099|
|int   |int   |int   |int   |int   |int   |int   |int   |int   |int   |int   |int   |int   |int   |int   |int   |int   |int   |int   |int   |int   |int   |int   |int   |int   |int   |int   |int   |int   |int   |int   |int   |int   |int   |int   |int   |int   |int   |int   |int   |int   |int   |int   |int   |int   |int   |int   |int   |int   |int   |int   |int   |int   |int   |int   |int   |int   |int   |int   |int   |int   |int   |int   |int   |int   |int   |int   |int   |int   |int   |int   |int   |int   |int   |int   |int   |int   |int   |int   |int   |int   |int   |int   |int   |int   |int   |int   |int   |int   |int   |int   |int   |int   |int   |int   |int   |int   |int   |int   |int   |
      0      0      0      0      0      0      0      0      0      0      5      0      0      0      0      0      0      0      0      0      0      0      0      0      0      0      0      0      0      0      0      0      0      0      0      0      0      0      0      0      0      0      0      0      0      0      0      0      0      0      0      0      0      0      0      0      0      0      0      0      0      0      0      0      0      0      0      0      0      0      0      0      0      0      0      0      0      0      0      0      0      0      0      0      0      0      0      0      0      0      0      0      0      0      0      0      0      0      0      0
      0      0      0      0      0      0      0      0      0      0      0      0      0      0      0      0      0      0      0      0      0      0      0      0      0      0      0      0      0      0      0      0      0      0      0      0      0      0      0      0      0      0      0      0      0      0      0      0      0      0      0      0      0      0      0      0      0      0      0      0      0      0      0      0      0      0      0      0      0      0      0      0      0      0      0      0      0      0      0      0      0      0      0      0      0      0      0      0      0      0      0      0      0      0      0      0      0      0      0      0
      0      0      0      0      0      0      0      0      0      0      0      0      0      0      0      0      0      0      0      0      0      0      0      0      0      0      0      0      0      0      0      0      0      0      0      0      0      0      0      0      0      0      0      0      0      0      0      0      0      0      0      0      0      0      0      0      0      0      0      0      0      0      0      0      0      0      0      0      0      0      0      0      0      0      0      0      0      0      0      0      0      0      0      0      0      0      0      0      0      0      0      0      0      0      0      0      0      0      0      0
      0      0      0      0      0      0      0      0      0      0      0      0      0      0      0      0      0      0      0      0      0      0      0      0      0      2      0      0      0      0      0      0      0      0      0      0      0      0      0      0      0      0      0      0      0      0      0      0      0      1      0      0      0      0      0      0      0      1      0      0      0      0      0      0      0      0      0      0      0      0      0      0      0      0      0      0      0      0      0      0      0      0      0      0      0      0      0      0      0      0      0      0      0      0      0      0      0      0      0      0
      0      0      0      0      0      0      0      0      0      0      0      0      0      0      0      0      0      0      0      0      0      1      0      0      0      0      0      0      0      0      0      0      0      0      0      0      0      0      0      0      0      0      0      2      0      0      6      0      0      0      0      0      0      0      0      0      0      0      0      0      0      0      0      0      0      0      0      0      0      0      0      0      0      0      0      0      0      0      0      0      0      0      0      0      0      0      0      0      0      0      0      0      0      0      0      0      0      0      0      0
      0      0      0      0      0      0      0      0      0      0      0      0      0      0      0      0      0      0      0      0      0      0      0      0      0      0      0      0      1      0      0      0      0      0      0      0      0      0      0      1      0      2      0      0      0      0      0      0      1      0      0      0      0      1      0      0      0      4      0      0      0      0      0      0      0      0      0      0      0      0      0      0      0      0      0      0      0      0      0      0      0      0      0      0      0      0      0      0      0      0      0      0      0      0      0      0      0      0      0      0
      0      0      0      0      0      0      0      0      0      0      0      0      0      0      0      0      3      0      0      0      0      0      0      0      0      0      0      0      0      0      4      0      3      0      0      0      0      0      0      0      0      1      0      0      2      0      0      0      0      0      0      0      1      7      1      0      0      0      0      0      0      0      0      0      0      0      0      0      0      0      0      0      0      0      0      0      0      0      0      0      0      0      0      0      0      0      0      0      0      0      0      0      0      0      0      0      0      0      0      0
      0      0      0      0      0      0      0      0      0      0      0      0      0      0      0      0      0      0      0      0      0      0      0      0      0      0      0      0      3      0      0      0      0      0      0      3      0      5      0      2      0      5      0      0      2      3      0      0      0      0      0      0      0      1      0      0      0      0      0      0      0      0      0      0      0      0      0      0      0      0      0      0      0      0      0      0      0      0      0      0      0      0      0      0      0      0      0      0      0      0      0      0      0      0      0      0      0      0      0      0
      0      0      0      0      0      0      0      0      4      0      0      0      0      0      0      0      0      0      0      0      0      0      0      0      0     11      0      0      0      0      0      0      1      0      0      3      0     12      0      0      0      7      2      4      1      0      0      5      3      2     12      3      0      0      2      0      0      0      0      0      2      0      5      0      0      0      0      0      0      0      0      0      0      0      0      0      0      0      0      0      0      0      0      0      0      0      0      0      0      0      0      0      0      0      0      0      0      0      0      0
      0      0      0      0      0      0      0      0      0      0      0      0      0      0      0      0      0      7      0      0      0      0      0      0      0      0      0      0      0      7      0      0      0      0      3      0      0      0      0      1      4      2      0      0      1      0      3      0      1      1      1      0      0      0      0      0      5      0      0      2      9      0      0      0      0      0      0      0      0      0      0      0      0      0      0      0      0      0      0      0      0      0      0      0      0      0      0      0      0      0      0      0      0      0      0      0      0      0      0      0
      0      0      0      0      0      0      0      0      0      0      0      0      0      0      0      0      0      0      0      0      4      0      0      0      0      0      0      0      0      0      0      0      0      0      0     13      2      0      1      0      0     10      4      4      0     15      5      0      0     16      0      6      4      9      0      1      0      0      2      0      0     11      0      0      3      0      0      0      3      0      0      2      0      0      0      0      0      0      2      0      0      0      0      0      0      0      0      0      0      0      0      0      0      0      0      0      0      0      0      0
      0      0      0      0      0      0      0      0      0      0      0      0      0      0      0      0      0      0      0      0      0      0      0      1      0      0      0      1      2      0      0      1      0      0      0      0      0      0      1      3      2      2     10      0      6      0      0      9      0      4      0      0      0      2      2      1      0      0      4      0      3      7      0      0      0      0      0      0      0      0      0      0      0      0      0      0      0      0      0      0      0      0      0      0      0      0      0      0      0      0      0      0      0      0      0      0      0      0      0      0
      0      0      0      0      0      0      0      0      0      0      0      0      0      0      0      0      0      0      0      5      0      0      1      0      0      4      0      0      0      0      0      7      4      0      0      0      6      6      0     13      0      0      4      0      0      1      6      1     12      0      0      0      2      0      1      0      1      4      1      3      0     15      0      0      1      0      0      0      0      0      0      0      0      0      0      0      4      0      0      0      0      0      0      0      0      0      0      0      0      0      0      0      0      0      0      0      0      0      0      0
      0      0      0      0      0      0      0      0      0      0      0      0      0      0      0      0      0      0      3      0      2      0      0      0      1      0      0      0      0      0      3      1      0      6      0      0      7      2      0      4      0      2      2      0      0      0      2      2      0      0      4      0      7      0      1      0      0      0      0      8      0      0      0      0      1      7      4      4      0      0      0      0      0      0      0      0      0      0      0      0      0      0      2      0      0      0      0      0      0      0      0      0      0      0      0      0      0      0      0      0
      0      0      0      0      0      0      0      0      0      0      0      0      4      0      0      0      0      0      0      0      0     10      0      0      2      0      0      0      0      1      0      3      7      1      1      0      1      9      2      0      7      2      0      0      0      0      0      7      2      5      5      1      9      0      0      2      0      0      0      5     14      0      2      1      0      0      0      0      0      0      0      0      0      0      0      0      0      0      0      0      0      0      0      0      0      0      0      0      0      0      0      0      0      0      0      0      0      0      0      0
      0      0      0      0      0      0      0      0      0      0      0      0      0      0      0      0      0      0      0      0      0      0      5      0      0      0      0      0      1      0      0      0      1      0     16      0     10      1      0      0      2      8      2      7     20      6      5      0      5      3      1      2      0      2      0      0      0      0      9      0      0      3      0      0      0      0      0      0      1      0      0      0      0      1      0      0      0      0      0      0      0      0      0      0      0      0      0      0      0      0      0      0      0      0      0      0      0      0      0      0
      0      0      0      0      0      0      0      0      0      0      0      0      1      0      0      0      0      0      0      0      0      0      0      6      0      0      0      2      0      0     16      6      0      0      5      9      2      3      9      0      1      0      9     12      3      4      0      2      4      0      0      4      2      8      0      3      2      2      0      0      0      2      0      0      6      3      1      1      2      0      0      1      0      0      4      0      0      0      0      0      0      0      0      0      0      0      0      0      0      0      0      0      0      0      0      0      0      0      0      0
      0      0      0      0      0      0      0      0      0      0      0      0      0      0      0      0      0      0      0      0      0      0      0      0      0      8      0      0      2      0      1      3      0      4      1      0     15     13      2      0     15      6     12      2      7     14      1      0      9      0      3      4      2      8     12      3      1      0      0      2      9      5      0      2      0      1      0      0      0      3      4      2      0      0      2      2      0      0      0      0      0      0      0      2      0      0      0      0      0      0      0      0      0      0      0      0      0      0      0      0
      0      0      0      0      0      0      0      0      0      0      0      0      0      0      0      0      0      1      0      0      0      0      0      1      0      0      2      0      0      0      0      1      0      0      0      1      7      0      0      0      0      3      3      0      1      3      9      0      8      2      1      6      0      1      6     25      4      5      0      1      0      0      0      1      0      0      2      0      0      1      0      1      0      0      0      5      0      0      0      0      0      0      0      0      0      0      0      0      0      0      0      0      0      0      0      0      0      0      0      0
      0      0      0      0      0      0      0      0      0      0      0      0      0      0      0      0      0      0      0      0      0      0      0      0      0      0      5      0      0      6     10      0      1      2      1      3      6      5     11      0      2      1      1      8     12     18      1      4     11     13      5      1     12      0      0      7     11      2      0      2     10      0      0      2      6      1      0      5      2      4      0      0      0      0      4      0      0      0      0      0      0      0      0      0      0      0      0      0      0      0      0      0      0      0      0      0      0      0      0      0
      0      0      0      0      0      0      0      0      0      0      0      0      0      0      0      0      0      0      0      0      0      0      3      0      2      0      0      0      1      0     11      2      0      8     11      2      9     10      1      3      0      5      4     26     17     13     16     18      3      9      4      0      0      4      2      2      2      1     16      3      3      0      1      1      0      0      6      0      3      0     13      0      0      0      0      0      0      0      0      0      0      0      0      0      0      0      0      0      0      0      0      0      0      0      0      0      0      0      0      0
      0      0      0      0      0      0      0      0      0      0      0      0      0      0      0      0      0      0      0      0      0      0      2      1      0      0      7      0      9      2     10      5      3      6      1      8      3      9     11     13     14     11      5     17      3      0      6     20      3      5      8      0      8      2      4      2      9      3      0      4      0      0      0      1      1      5      2      0      9      0      0      0      0      1      0      0      0      0      1      0      0      0      0      0      0      0      0      0      0      0      0      0      0      0      0      0      0      0      0      0
      0      0      0      0      0      0      0      0      0      0      0      0      0      0      0      0      0      0      0      0      0      4      1      1      0      2      5      0      4      4      0      0      1     15      8      6      0     11      6      7      4      0     19      0      2      0     16      0      0      0      6      3      6     10      4     12      1      2      6      9      0      0      0      0      7      6      0      0      0      0      1      0      0      0      0      0      0      0      0      0      1      0      0      0      0      0      0      0      0      0      0      0      0      0      0      0      0      0      0      0
      0      0      0      0      0      0      0      2      0      0      0      0      0      0      0      0      0      0      0      0      0      0      0      0      0      3     12      0      0      1      7      0      4      5      4      3      3      6     13     17      5      3      3     21      4     35      1      9      9     19      3     19     12      2     14      1      0      0      0      0      0      1      9      6      1      0      0      0      0      0      3      0      0      0      0      0      0      0      0      0      0      0      0      0      0      0      0      0      0      0      0      0      0      0      0      0      0      0      0      0
      0      0      0      0      0      0      0      0      0      0      0      0      0      0      8      4      0      0      0      0      0      0      0      0      0     13      0      0      3      2     15      5      0      2     13     13      4     10     15     32      0     18     20      5      2     18     18     15     28     13      6     13      0      5      2      8     11      7      2     15      0      7      2      2      1      1      0      0      0      0      0      0      0      0      1      1      0      0      0      0      0      0      0      0      0      0      0      0      0      0      0      0      0      0      0      0      0      0      0      0
      0      0      0      0      0      0      0      0      0      0      0      0      0      0      4      0      0      0      1      0      5      0      5      2      2      0      0      0      3      1      3      1     20      5      6      4     28     16     11     16      5      7      2      8     19     40      4     26     22     12      5     25      1      4     16     19      0      8      5      2      0      1      0      8      0      0      3      8      9      0      1      0      0      0      2      0      0      0      0      0      0      0      0      0      0      0      0      0      0      0      0      0      0      0      0      0      0      0      0      0
      0      0      0      0      0      0      0      0      0      0      0      0      0      0      0      0      0      0      4      0      2      0      0      3      0      0      5      1      2      1     18     10     10      8      2      3     20      8     11      8     10      4     12     33      3     12     13     17     19      5      9     19      7      3      0      9      1     19      5      5      5      8      9      3     11      0      0      2      1      5      0      5      3      6      1      0      0      0      0      1      0      0      0      0      0      0      0      0      0      0      0      0      0      0      0      0      0      0      0      0
      0      0      0      0      0      0      0      0      0      0      0      0      0      0      0      0      0      0      0      0      0      2      0      0     13      5      1      0      9      6      3     11      7      1      3      5      6     15     48      9      4     20     14     13      3      6     21     17     22     38     15     21      1      3      9      3     16      8      0      2     22     12     14      2      6      5      1      0      1      0      0      0      1      0      2      0      5      2      0      0      0      0      0      0      0      0      0      0      0      0      0      0      0      0      0      0      0      0      0      0
      0      0      0      0      0      0      0      0      0      1      0      0      0      0      0      0      0      0      0      1      0      3      2     10      0      0     28      9      5     14      6      8      6     12     13      6     14     11      0     11     36     25     25      5     13     14     11      8     25     27     19     14     36      3      5      6      9      9      4      6      8      8      6      0      2      0      5      0      1      3      2      0      0     12      6      0      0      0      0      0      0      0      0      0      0      0      0      1      0      0      0      0      0      0      0      0      0      0      0      0
      0      0      0      0      0      0      0      0      0      0      0      0      0      0      0      0      0      0      0      0      2      0      0      3      5      0      2      3     10      1      7     13     13     13      7     18     14      0      6     21     31     23     35     25     35     31     26     16     59     11     14     20     15      4      7     11      6      8     13     21      9      2     15      1      6      7      0      4      0      4     13      3      0      0      0      0      0      0      0      0      0      0      0      0      0      0      0      0      0      0      0      0      0      0      0      3      0      0      0      0
      0      0      0      0      0      0      0      0      0      0      0      0      0     10      0      0      0      0      0      5      2      0      5      0      1      0      1      0      6      8     26     10     10     21     12     27     30     27     28     24     50     33     11     20     25     13     18     68     19     12     11     18     27     38     40      6     13     35      7     12     13      0     14      4     15      3     10      6     11      0      8      4      2      3      1      4      1      0      0      0      0      0      0      1      0      0      0      0      0      0      0      0      0      0      0      0      0      0      0      0
      0      0      0      0      0      0      0      0      0      0      0      0      0      2      3      0      0      0      0      0      1      3      0     18      9      9      6      9      9     11      8      4     22     21     13     31     11     16     14     24     17     16     28     44     43     62     31     23     11     19     24     60     26     24      5     23     23     28     11      9      9     31      4      6      4     24      0      5      2     12      0      0      6      1      6      0      1      0      0      0      0      6      0      0      0      0      0      0      0      0      0      0      0      0      0      0      0      0      0      0
      0      0      0      0      0      0      0      0      0      0      0      0      0      0      0      0      0      0      0      0     15      0      8      1      1      0     20     14      6      2      8     12     12     29     50      6     26     24     25     32     22     10     20     14     21     50      7      5     19     20     29     26     35     32     14     39     13     26     12     24      7     19     19     12      1      6      1      3     12     12     22      0     17      1     19      0      0      2      0      0      0      0      2      0      0      0      0      0      0      0      0      4      0      0      0      0      0      0      0      0
      0      0      0      0      0      0      0      0      0      0      0      0      0      0      0      0      0      0      0      0      4      0      1      9      1      1      7      6      0      0      4      3     11      7     11     20     33     25     42     22     33     33     27     15     27     24     11     41     32     21     27     28     33     50     17     39     50     21     27     17     10      6      9     31      7     15      5      3      5      5     10      0      0      6      6      2      0      0      2      0      0      3      7      0      0      0      0      0      0      0      0      0      0      0      0      0      0      0      0      0
      0      0      0      0      0      0      0      0      0      0      0      0      0      0      0      0      0      0      0      0      7      0      4      0      7      4      4     12     10     10     11     19      5     25     13      7      9     15     66     30     33     22     29     27     62     25     38     37     35     18     29     21     76     25     21     55     37     27     20     20     23     25     15      9      5      1      4     22      4      7     10      2      3      3      0     10      0      0      0      0      0      2      0      0      0      0      0      0      0      0      0      0      0      0      0      0      0      0      0      0
      0      0      0      0      0      0      0      0      0      0      0      0      0      0      0      4      0      0      0      0      0      7      1      0      3      3     13      8     21     41     10      7     25     10     38     36     54     67     10     28     16     25     23     25     42     29     43     23     27     34     61     58     20     15     17     32     35     22     17     37     21     37      5     20      6     22      7      8      5      4      3      1     12      7      5      0      8      0      2      2      1      6      1      0      0      0      0      0      0      0      0      0      0      0      0      0      0      0      0      0
      0      0      0      0      0      0      0      0      0      0      0      0      0      0      0      0      5      8      1      4      1      1      1     11     11      7      1     10     13     44      4     10     11     48     60     21     19     15     50     16     43     36     27     56     49     44     16     39     48     44     59     43     40     33     25     51     19     29     29     16     11     32     10     18     19     22     26     13      1      8      0      2      2      1      6      4      3      3      2      0      3      1      3      0      0      0      0      0      0      0      0      0      0      0      0      0      0      0      0      0
      0      0      2      0      0      0      0      0      0      0      0      0      7      0      0      0      5      0      2      0      0      7      8      5      7      4     11      1     35      1     10      3      4     21     62     20     34     68     28     15     57     31     44     45     35     65     19     61     58     54     50     85     37     54     47     40     26     13     42     19     22     11     31     20     15     15     14     11      6     12      6      4     22      1      0      5      2      7      1      0      0      0      0      0      3      0      0      0      0      0      0      0      0      0      0      0      0      0      0      0
      0      0      0      0      0      0      0      0      0      0      0      0      3      0      0      0      0      0      2      3      0      1      0      2      6      6     11      5     13     17      1     12     10     30     24     48     22     34     14     31     42     22     40    120     24     89     55     47     72     53     48     44     63     42     51     35     50     29     42     23     25     56     31     32     19      8     17      5     16     13     14     22      7     11      5     10      0      4      4      0      0      0      0      0      2      0      0      4      0      0      0      0      0      0      0      0      0      0      0      0
      0      0      0      0      0      0      0      0      0      0      2      0      0      1      0      0      5      0      0      2      0     37     10     11      2     16      0     21      3     22     20     35     19     25     34     20     35     11     31     46     47     27     35     87     34     38     42     24     43     86     50     49     98     50     89     41     49     45     24     53     72     15     32     21     19     12     24      3     28     19     15      4     11      9      3      3     18      2      1      0      0      0      0      0      0      0      0      0      0      0      0      0      0      0      0      0      0      0      0      0
      0      0      0      0      0      0      0      0      0      0      0      0      0      0      0      0      0      0      0      0      4      0      0      0      7      8     10     22      6     22     23     22     13     10     46     43     18     39     28     69     69     51     65     81     59     39     55     69     53     50     28     55    104     34     80     56     24     14     55     42     42     74     25      5     16      3     24     21     20     20      1     20      4      9      2      1      5      2      0      0      1      1      1      0      0      0      4      0      0      0      0      0      0      0      0      0      0      0      0      0
      0      0      0      0      0      0      0      0      0      0      0      0      0      0      4      1      0      0      1      7     10      1      8      0     12     34      2     15     18     40     25     20     10      9     32     41     70     41     18     38     37     48     39     89     60     60     51     83     62     26     53     83     49     84     39     67     31     57     58     50     27     21     66      8     12     14     38     18     10     22     21      8      8     10     10      0     10      1      5      6      0      0      0      0      1      1      0      0      0      0      0      0      0      0      0      0      0      0      0      0
      0      0      0      0      0      0      3      0      3      0      0      0      0      0      0      0      0      0      2      0     14     12      0     10     14     15     13     21     47     24     44      9     40     12     17     34     70     56     61     51     64     47     66     73     33     56     84     68     71     61     73     73     64     72    104     35     38     77     69     23     21     23     32     18     29     11     23     62     11     25      9     19     21      7      5      0      3     12      2      0      0      0      5      0      0      0      2      0      0      0      0      0      0      0      0      0      0      0      0      0
      0      0      0      0      0      0      0      0      2      2      4      0      0      0      0      0      0      0      0      0      6      4      0     14      6     10      0      8     10     19     25     37     24     17     29     48     44     58     27     61     34    128     30     93     54     68     60    126     75     75     83     50     94     65     63     69     55     55     78     32     91     42     44     22     21     18     12     13     32     20     19     18      5      7      7      1     15      1      6     12      0      0      2      0      5      0      0      0      0      0      0      0      0      0      0      0      0      0      0      0
      0      0      0      0      0      0      0      0      0      0      6      0      0      0      1      0      7      0      2      0     20      0      3     11      1      7     23      8     19     23      6     17     39     56     23     84     79     47     58     80     44    123     52     50     67     66     80     66    105     70     87     67     97     81    105     76     59     61     51     81     73     44     36     37     53      4     68     23     27     19     15      9     12      7      0     14      1     12      1      4      0      8      1      0      1      0      2      2      1      0      0      0      0      0      0      0      0      0      0      0
      0      0      0      0      0      0      0      0      0      0      0      0      0      0      0      1      1     10      0      0      3      1      3     21     10      1      9      4     32     12     16     58     35     62     38     53     41     48     74     56     63     83     64     90     71     74     65    139     71     89    104     43     73     68    111     43    106     51     81     95     20     79     37     59     75     39     18     23      7      1      2     16     13     13      5     11      3      9      0      0      1      0      1      0      0      0      0      0      0      1      0      0      0      0      0      0      0      0      0      0
      0      0      0      0      0      0      0      3     12      0      0      0      0      0      0      0      6      6      5     18      1      6      8      2      6      4     16     22     20     35     33     21     34     23     24     61     75     39     43     48     68     68     78     58     51     85    104     67     76     77    126     88     85    111     64     74     73     94     50     69     27     36     15     49     27     36     28     23     63      3     15      0     22      4     22      3      1      9      2      8      1      0      8      2      0      0      1      0      0      0      0      6      0      0      0      0      0      0      0      0
      0      0      0      0      0      0      0      0      0      0      3      0      0      0     13      0      0      0      0      0      5      1     16      0      1      9     12      7     34      9     24     31     30     57     46     36     21     40     31     63     61     91     96     62     46     56     77     83     63     73     70    125    103     92     86     97     66     69     60     51     73     56     18     20     61     38     34     32     28      3     31     17      2     28     14     13      0     24      2      0      5      1      0     11      0      0      0      0      0      0      0      0      0      0      0      0      0      0      0      0
      0      0      0      0      0      0      0      0      0      0      0      0      0      0      0      0      6      0      0      2      1      3      3      3     17     25     15      9     21     14     12     21     33     68     42     65     61     77     44     42     48     34     55     87     57     90    122    148     69     79     89    103     87    123     33     62     67     97     79     38     48     35     47     48     45     47     29     38     21     36     27     15      8      5     17      0     14      0      1      3      9      0      9      4      0     10      0      0      0      0      0      0      0      0      0      0      0      0      0      0
      0      0      0      0      0      0      0      0      0      0      0      0      0      4      0      2      1      5      3     12      0      0      0      5     13     10     31     21     15     28     11     20     34     33     35     61    111     50     74     53     28     64     93     79     86     87     90     70     83    122    136     97     53     65     45    112    116    105     87     64     83     87     68     74     19     26     56     17     51     19     17      6     14      4      1     10     22     12     13      8      4      1      0      3      0      2      8      2      1      0      0      0      0      2      0      0      2      0      0      0
      0      0      0      6      0      0      0      0      0      0      0      0      0      0      8      0      2      0     10      0      3      1     12     10      2     16     15      8      4     44     18     24     39     54     63     70     76    107     68     29     79    115     70     97     87    112     95     51    113     81     98    119     79    115     79     75     67     64     56     75     65     89     82     47     32     26     36     38     41     26     29     35     20     11      8     13     12      3      0     17      0      5      0      0      0      0      5      0      0     12      0      0      5     22      0      0      0      0      0      0
      0      0      0      0      0      0      0      0      0      0      0      6      0      0      0      0      0      4      1      2      7      6     10      5     17     11      5      2     29     21     34     15     19     34     74     39     83     39     95     83     50     38     93     88     99    156     76     34     89     91    105     91     97     73     97     70     98     54     82     82     46     60     51     32     54     28     15     26     18     17      9     30     20      4      3      2      9      3      6      1      7     12      0      1      1      0      0      0      0      0      0      0      0      0      0      0      0      4      0      0
      0      0      0      0      0      0      0      0      0      0      0      0      0      0      2      0      0      2     10      6      4      1      8      0     15     19     17      1     14     13     22     69     21     58     43     54     53     57     62     42     35     58     62     76     45     99     89     86    120    102     78     72    102     78     69    145     58     88     65     55     56     47     55     27     35     43     55     35     13     24     39     21     32      1      3      9      6      0      0      2      1      2      9      6      0      0      0      0      0      0      0      0      0      0      0      0      0      0      0      0
      0      0      0      0      0      0      0      0      0      0      0      0      0      0      0      0      0      1      9     14      6      2      0     11     19      5     11      1      8     20     48     45     25      7     21     41     29     38     66     55     87     71     53     66     49    150     72     35     71     49     53    112     43    132    105     76     41    142     82     50     72     69     97     40     64     89     23     15     33     20     18      4     18     28     24     15      9      6      5      6      1      0      5      1      8      0      0      7      0      0      0      0      0      0      0      0      0      0      0      0
      0      0      0      0      0      0      0      0      0      0      0      2      0      0      0      1      0      5     13     20     10      0      1     18     16     14     24     13     14     24     33     45     30     40     65     39     68     53     79     30     74     19     53     69    127    165    126     80    105     72     93    109     68     80     78    108     78     43     39     53     46     47     22     42     47      5     43     42      7     42     39     18     34      9      1     17      0      8     11      0      0      0      0      3     10      2      0      2      0      0      0      0      0      0      0      0      0      0      0      0
      0      0      0      0      0      0      0      0      3      1      0      0      0      0      0      0      1      0      4      3      1      0      7      7      0     26     18     18     31     25     19     22     68     43     41     50     28     61     81     50     52     90     50     31     59     96    141    130     92     94     52    106     80    182     61     95     64     92     54    111     62     17     37     46    104     30     76     25     34     13     13     19     15     15      9      0      8      6     11      0      5      3      5      3      0      0      3      4      0      2      2      0      5      0     15      0      0      0      0      0
      0      0      0      0      0      0      0      0      0      0      0      0      0      0      0      0      6      0      0      1     15      6      3     13     18      7     22     14     15     34     35     22     12     39     15     76     59     72     42     69     45    116     87     72     78     66    111     64    105     80     62    108     43    125     86    111     74     94     35     81     46     32     63     49     58     54     20     11     30     48     42      9     16     20      9      6      7      3     13      2     16      1      0      0      0      2      0      0      2      0      0      0      0      0      0      0      0      0      0      0
      0      0      0      0      0      0      0      0      0      0      0      0      0      0      0      0      8      1     10      0      1      5      0      0     12      8     11     15     23     17     34     34      9     21     28     30     24     60     55     40     76     61     58     63     61     68     98     98    102    103    100     85     57     94     62     69    112     45     55     34     55     21     66     59     69     45     11      4      8     27      5      3     35     15     14     15      7     15      2      2     17      8      1      0      0      0      0      0      0      0      0      0      0      0      0      0      0      0      0      0
      0      0      0      0      0      0      0      0      0      7      0      0      0      0      0      0      0      0      1      5      0      1      0      2      1     15      4     12     10     28     15     38     23     34     10     37     81     26     32     49     83     53     56     37     77     61     81     53     72     85     79     74     53    102    100    118     54     25     90     61     82     20     44     61     45     45     29     83     24     43     37     30     27     26     18      9     17     10      5     11      0      8      0      0      4      0      4      0      0      0      0      0      0      0      0      4      0      0      0      0
      0      0      0      0      0      0      0      0      0      0      0      0      1      0      0      6      0      0      0      2      0      0      0      2     17     16      6     15     26      9     14     30     32     37     27     57     43     23     31    101     50     48     64     71     74    119     72     56     53     54     80     60    103     75     57     41     60     56     97     78     76     34     68     41     29     39     55     10     36     40     19      5     25     18     18      3      3      0      0      1     13      5      2      0      1      0      4      0      0      0      0      0      0      1      0      0      0      0      0      0
      0      0      0      0      0      0      0      6      0      0      0      0      0      0      0      0      0      1      0      8      0      0      8      6      8     11      9     10      3     11     15     17     24     14     15     48     40     50     22     20     29     31     28     79     61     71     84    110     93     96     57     92     74     47     70    105     28     40     44     47     59     53     37     24     36     16     12     25     43     24      2      5     20      6     40      7      3      0      6      2      0      0      0      6      0      0      2      0      0      0      0      0      0      0      0      0      0      0      0      0
      0      0      0      0      0      0      0      0      6      0      0      0      0      0      0      0      0      0      0     15      8      0      0      0      3      2      6      4     30     15     11      6     23     37     23     26     14     37     24     64     53     58     53     53     32     40     11     47    101     77     37    128     54     31     59     77     50     54     95     29     60     57     26     56     29     43     27     27     19      8     29     11     18      8      3      8     18      1      0     16      1      0      1      4      3      6      0      0      0      0      0      0      0      0      0      0      0      0      0      0
      0      0      0      0      0      0      0      0      0      0      0      0      0      0      3      0      0      5      1      0      3      0      5      9      7     16      4      4     14      8      5      3     15      3     55     27     22     48     10     14     51     30     27     73     70     46     62     56     69     60     73     68     86     25     81     44     36     46     28     70     51     41     27     27     12     13     36     12     36     16     29     11      8      1      8      5      1      2      3     23      1      9     11      0      0      0      0      0      0      0      0      0      0      0      0      0      0      0      0      0
      0      0      0      0      0      0      0      0      0      0      0      0      0      6      0      8      0      0      0      6      0      4      3      3      0      9     22      6     16     49     13     10      0     63     22     28     22     34     20     29     25     22     64     46     51     44     42     72     41     62     40     63     67     45     21     23     21     61     91     20     60     30     38     30     43     49     39     18     18      4     17      3      3     21      4     49     19      0      2      8      0      1      0      1      0      0      0      0      0      0      0      0      0      0      0      0      0      0      0      0
      0      0      0      0      0      0      0      0      0      0      0      0      3      0      1      0      0      0     13      0      0      8      9     10      0      2      4     20      5      5     15     36     29     37      5     36     35     30     67     34     12     82     58     67     54     29     41     29     92     33     85     56     66     58     71     71     63     35     42     53     29     19     46     54     12     43     10     21     15     28      7     10     39     13      3      0      9      7      4      0      1      0      0      0      0      0      0      1      0      1      0      0      0      0      0      0      0      0      0      0
      0      0      0      0      0      0      0      0      0      0      0      1      1      0      1      0      0      0      0      0      0      0      8      1      3      4     15      5     14     10      1     17     35      5     17     12     34     31     62     36     39     34     29     40     25     22     51     30     19     49     49     33      9     30     14     65     19     80     15     25     20     20     74     23     26     47     20     16      8     20      0      3      9     13      0      0      9      2      0      3      0      3      2      5      0      0      0      0      0      0      0      0      0      4      0      0      0      0      0      0
      0      0      0      0      0      0      0      0      0      0      0      0      0      0      0      0      6      0      0      2      0      6      0      8      4      3      0      7      0     19      5      3     26      7     31      9      1     20     13     24     32     21     42     38     63      8     42     39     41     22     44     32     65     23     34     18     35     29     22     30     11     12      1     34     18     19     29     10     22      7      4     44     12     17      0     21      9      6      0      0      1     14      9      0      0      0      0      0      0      0      0      8      1      0      0      0      0      0      0      0
      0      0      0      0      0      0      0      0      0      0      0      0      2      0      0      0      0      0      0      0      5      2      5      7     22     25      8      0     25      8      1      1      1      7     21      6      6     39     25     49      2     39     12     30     38     46     16     12     35     47     49      9     40     20     21     27     32     29     12     62     26     23     19     11     11     11     25     21     19     13      0      8      0      4      8     11      0      0      2      2      5     12      0      7      0      0      0      0      0      0      4      0      0      0      0      0      0      1      0      0
      0      0      0      0      0      0      0      0      0      0      0      0      0      0      0      0      0      0      0      0      0      0      0      6      0      3      0      2      0      0      0     21     33     17     22     19      8     11     24     29     48      2      3     42     34     33     27     56     44     23     16     52     22     32     34     45     46     30     17     41     31      5     27     54     33     15     13     22     15      5     10      4      1      4      0      1      1     11      0     13      8      2      2      1      0      0      0      0      0      0      0      0      0      4      0      0      0      0      0      0
      0      0      0      0      0      0      0      0      0      0      0      0      0      0      0      0      0      0      0      6      3      5      0      0      0      0      3      5      5      9      2      0      6     17     43     19     17     14     29     12      7     15     55     26     16     47     48     39     23      8     22     24     24     37     17     39     18     18     13      7      0      8     12      5     35     16     30     17      2     32      0     16      0     12      0      3      0      2      1      0      0      6      0      0      0      0      0      0      0      0      0      0      0      0      0      0      0      0      0      0
      0      0      0      0      0      0      0      0      0      0      0      0      0      0      5      0      0      0      0      1      0      0      0      0      2      7      0      1      4      4      4     15     13      3     23     24      6     20      3     10     25     25     39      1     47     22     26      6     16     12     34     36      0     29     16     29      3     14      6     20      3      3     24     20     26     21     17      6      8      1      4      6      3     15     13      3      1      0      2      0      0      0      0      1      0      1      0      0      0      0      0      0      0      0      0      0      0      0      0      0
      0      0      0      0      0      0      0      0      0      0      0      0      0      0      0      0      0      0      2      0      0      0      0      3      0      0      0     10      0      0      8     22      3      7      4     27     33     20      2     27     53     24      9     10     15     18     12     28     46      8     41      5     36     12      4     17     11     23     22     11     10     38     29      5     10     31      7      9      6      6      3      3      0      2      0      8     10      1      4      0      1      0      0      0      0      0      0      0      0      0      0      0      1      0      0      0      0      0      0      0
      0      0      0      0      0      0      0      0      0      0      0      0      0      0      0      0      0      0      1      0      4      0     11      0      0      0      1      0      0     12      4      0     12      3     17     16     11      0     13      9      4     14     22     13     17     11      2      5     20      1     27     22     16     13     23     12     20     31     25      8     20      9     12      3     18      3      0      8     10      0      8      0      0      6      0      2      0      0      0     19      0      0      0      0      3      0      1      0      0      0      0      0      0      0      0      0      0      0      0      0
      0      0      0      0      0      0      0      0      0      0      0      0      0      0      0      0      0      0     20      4      1      0      0      1      0      0      0      1     10      0      0      1     10      0      1      0     23      5     14     12     11      3     12      1     14     19     13     20     15     23      8     19     11     14      5     21      9     16     12      1     16     14     17     20      8      2      9     15     14      5      7      5      0      0      0      0      0      0      0      1      4      0      5      0      0      0      0      0      0      0      0      0      0      0      0      0      0      0      0      0
      0      0      0      0      0      0      0      0      0      0      0      0      0      0      0     12      0      0      0      0      0      0      5      0      0      0      0      0      0      0      2      3      7      0      1      1     16      4      0      4      8     19      8      5      2      1     25      0      7      7      3     16      7     18      3     12      2     19     20      7     15      9      7      6      9      7      8      1     15      0     18      0      1      0      0      0      0      1      0      0      0      0      0     22      0      0      0      0      0      0      0      0      0      0      0      0      0      0      0      0
      0      0      0      0      0      0      0      0      0      0      0      0      0      0      0      2      0      0      0      0      0      0      0     11      0      3      0      0      2      5      0      0      0      0      0      6     22     14      6      0      5      2      9     16     10      4      4      6     15     12      0      8     28      4      1      8     15     15      0     16     16      7     21     10      0      2      9      3      3      0      1      0      0      0     11      3      0      0      0      0      5      0      1      0      0      0      0      0      0      0      0      0      0      0      0      0      0      0      0      0
      0      0      0      0      0      0      0      0      0      0      0      0      0      0      0      0      0      0      0     11      0      0      2      0      0      0      0      0      2      0      1      0      3      0      0      0      7      1      4      7      7      0      1     14      9      1      4      0     11      4     22      8      0     16     10      7      1      0     21     14      6      8      3      0      3      1     16      0      6      0      4      2      0      0     11      0      4      0      0      0      2      0      0      0      0      0      0      0      0      0      0      0      0      0      0      0      0      0      0      0
      0      0      0      0      0      0      0      0      0      0      0      0      0      0      0      0      0      0      0      0      0      2      0      0      0      0      0      1      1      8      0      3      0      9      7      1      5      2     16     15      3      2     12      3     15      0      5      7      3      5      2      0     14      6      4      4     33     19      2      1      1      2      0      0      6      0     15      6      3      0      1      8      3      3      4      0      8      0      0      0      1      0      0      0      0      0      0      0      0      0      0      0      0      0      0      0      0      0      0      0
      0      0      0      0      0      0      0      0      0      0      0      0      0      0      0      0      8      0      0      0      0      0      0      0      0      0      0      0      0      0      3      1      0      1      0      4      0      0      4      1      8      1      1      0      0      6     25      2      3      1      0      0      6      0     16     15      6     12      9      7     17      8     35      4      0      0      3      0      0      1      0      0      0      0      0      0      0      0      9      0      0      0      0      0      0      0      0      0      0      0      0      0      0      0      0      0      0      0      0      0
      0      0      0      0      0      0      0      0      0      0      0      0      0      0      0      0      1      0      0      0      0      0      0      0      0      0      0      0      7      0      0      0      0      0      0      0      1      4      0      0      1      5      0      0      1      4      1      0      6      1      9     23      3      3      0     12      3      0      2      0      1      4      4      0      5      4      0      0      0     12      0      0      0      0      0      3      0      0      0      0      0      0      0      0      0      0      0      0      0      0      0      0      0      0      0      0      0      0      0      0
      0      0      0      0      0      0      0      0      0      0      0      0      0      0      0      0      0      0      0      0      0      0      0      0      0      0      0      0      0      0      0      0      0      4     16      0      0      4      5      5      0      0      0      7      0      0      0      0      9      0      3      0     13      0     10     30      7      1      4      5      5      0     11      0      0     12      0      0      0      0      0      5      0      0      0      1      6      0      0      0      0      0      0      0      0      0      0      0      0      0      0      0      0      0      0      0      0      0      0      0
      0      0      0      0      0      0      0      0      0      0      0      0      0      0      0      0      0      0      0      0      0      0      0      0      0      1      0      5      0      0      0      1      0      0      0      0      0      0      0      0      5      0      0      1      0      8     11      0      1      4      5      1      2      1      1      0      0      5      1      0      5      6      0      0      0      1      0      1      0      1      0      0      0      0      0      0      0      0      0      0      0      0      0      0      0      2      0      0      0      0      0      0      0      0      0      0      0      0      0      0
      0      0      0      0      0      0      0      0      0      0      0      0      0      0      0      0      0      0      0      0      0      0      0      0      0      0      0      0      0      2      6      0      0      0      8     13      3      0      0      0      9      5      7      0      0      0      8      0      0      0      8      0      0     11      3      0      0      2      0      0      0      0      0      6      0      0      0      0      0      5      0      0      0      0      0      0      0      0      0      0      0      0      0      0      0      0      0      0      0      0      0      0      0      0      0      0      0      0      0      0
      0      0      0      0      0      0      0      0      0      0      0      0      0      0      0      0      0      0      0      0      0      0      0      0      0      0      0      0      0      0      0      0      0      0      0      4      0      0      5      1      0      5      0      0      0     15      7      3      0      0      4      0      0      0      0      0      1     10      0      0      0      0      0      0      0      0      0     11      1      1      0      0      1      0      0      0      0      0      7      2      0      0      0      0      0      0      0      0      0      0      0      0      0      0      0      0      0      0      0      0
      0      0      0      0      0      0      0      0      0      0      0      0      0      0      0      0      0      0      0      0      0      0      1      0      0      0      1      0      2      0      0      0      0      0      0      0      0      0      0      0      0      0      0      4      0      0      0      0      0      0      3      0     11      0      0      0      0      0      5      0      0     10      0      0      0      0      0      0      0      0      0      0      0      0      0      0      4      0      0      0      0      0      0      0      0      0      0      0      0      0      0      0      0      0      0      0      0      0      0      0
      0      0      0      0      0      0      0      0      0      0      0      0      0      0      0      0      0      0      0      0      0      0      0      0      0      0      0      0      1      0      1      0      0      0      0      0      0      0      3      4      0      0      0      0      0      0      0      0      0      0      0      2      3      0      3      0      0      0      0      0      0      0      0      0      0      0      0      0      0      0      0      0      0      0      0      0      0      0      0      0      0      0      0      0      0      0      0      0      0      0      0      0      0      0      0      0      0      0      0      0
      0      0      0      0      0      0      0      0      0      0      0      0      0      0      0      0      0      0      0      0      4      0      0      0      0      0      0      0      0      0      0      0      0      4      0      0      0      0      0      0      0      0      0      0      0      2      0      0      0      0      0      0      0      0      0      0      0      0     13      1      0      0      2      0      0      0      0      0      0      0      0      0      0      0      0      0      0      0      0      0      0      0      0      0      0      0      0      0      0      0      0      0      0      0      0      0      0      0      0      0
      0      0      0      0      0      0      0      0      0      0      0      0      0      0      0      0      0      0      0      0      0      0      0      0      0      0      0      0      1      0      0      0      0      0      0      0      0      0      0      0      0      0      0      0      0      0      0      0      0      1      0      0      0      0      1      0      0      0      0      0      0      1      0      0      0      0      0      0      0      0      0      5      0      0      0      0      0      0      0      0      0      0      8      0      0      0      0      0      0      0      0      0      0      0      0      0      0      0      0      0
      0      0      0      0      0      0      0      0      0      0      0      0      0      0      0      0      0      0      0      0      0      0      0      0      0      0      0      0      0      0      0      0      0      0      0      0      0      0      0      0      0      0      0      0      0      0      0      0      0      0      0      0      0      0      0      0      0      0      0      0      0      0      2      0      2      0      0      0      0      0      0      0      0      0      0      0      0      0      0      0      0      0      0      0      0      0      0      0      0      0      0      0      0      0      0      0      0      0      0      0
      0      0      0      0      0      0      0      0      0      0      0      0      0      0      0      0      0      0      0      0      0      0      0      0      0      0      0      0      7      0      0      0      0      0      0      0      0      6      0      0      0      0      0      0      0      0      0      0      0      0      0      0      0      1      0      0      1      0      0      0      0      0      0      0      0      0      0      0      0      0      0      0      0      0      0      0      0      0      0      0      0      0      0      0      0      0      0      0      0      0      0      0      0      0      0      0      0      0      0      0
      0      0      0      0      0      0      0      0      0      0      0      0      0      0      0      0      0      0      0      0      0      0      2      0      0      0      0      0      0      0      0      0      0      0      0      0      0      0      0      0      0      0      3      0      0      0      0      0      0      0      0      0      0      0      0      0      0      0      0      0      0      0      0      0      0      0      0      0      0      0      0      0      0      0      0      0      0      0      0      0      0      0      0      0      0      0      0      0      0      0      0      0      0      0      0      0      0      0      0      0
      0      0      0      0      0      0      0      0      0      0      0      0      0      0      0      0      0      0      0      0      0      0      0      0      0      0      0      0      0      0      0      0      0      0      0      0      0      0      0      0      0      2      0      0      0      0      0      0      0      0      0      0      0      0      0      0      0      0      0      0      0      0      0      0      0      0      0      0      0      0      0      0      0      0      0      0      0      0      0      0      0      0      0      0      0      0      0      0      0      0      0      0      0      0      0      0      0      0      0      0
      0      0      0      0      0      0      0      0      0      0      0      0      0      0      0      0      0      0      0      0      0      0      0      0      0      0      0      0      0      0      0      0      0      0      0      0      0      0      0      0      0      0      0      0      0      0      0      0      0      0      0      0      0      0      0      0      0      0      0      0      0      0      0      0      0      0      0      0      0      0      0      0      0      0      0      0      0      0      0      0      0      0      0      0      0      0      0      0      0      0      0      0      0      0      0      0      0      0      0      0
      0      0      0      0      0      0      0      0      0      0      0      0      0      0      0      0      0      0      0      0      0      0      0      0      0      0      0      0      0      0      0      0      0      0      0      0      0      0      0      0      0      0      0      0      0      0      0      0      0      0      0      0      0      0      0      0      0      0      0      0      0      0      0      0      0      0      0      0      0      0      0      0      0      0      0      0      0      0      0      0      0      0      0      0      0      0      0      0      0      0      0      0      0      0      0      0      0      0      0      0
      0      0      0      0      0      0      0      0      0      0      0      0      0      0      0      0      0      0      0      0      0      0      0      0      0      0      0      0      0      0      0      0      0      0      0      0      0      0      0      0      0      0      0      0      3      0      0      0      0      0      0      0      0      0      0      0      0      0      0      0      0      0      0      0      0      0      0      0      0      0      0      0      0      0      0      0      0      0      0      0      0      0      0      0      0      0      0      0      0      0      0      0      0      0      0      0      0      0      0      0
      0      0      0      0      0      0      0      0      0      0      0      0      0      0      0      0      0      0      0      0      0      0      0      0      0      0      0      0      0      0      0      0      0      0      0      0      0      0      0      0      0      0      0      0      0      0      0      0      0      0      0      0      0      0      0      0      0      0      0      0      0      0      0      0      0      0      0      0      0      0      0      0      0      0      0      0      0      0      0      0      0      0      0      0      0      0      0      0      0      0      0      0      0      0      0      0      0      0      0      0
      0      0      0      0      0      0      0      0      0      0      0      0      0      0      0      0      0      0      0      0      0      0      0      0      0      0      0      0      0      0      0      0      0      0      0      0      0      0      0      0      0      0      0      0      0      0      0      0      0      0      0      0      0      0      0      0      0      0      0      0      0      0      0      0      0      0      0      0      0      0      0      0      0      0      0      0      0      0      0      0      0      0      0      0      0      0      0      0      0      0      0      0      0      0      0      0      0      0      0      0
      0      0      0      0      0      0      0      0      0      0      0      0      0      0      0      0      0      0      0      0      0      0      0      0      0      0      0      0      0      0      0      0      0      0      0      0      0      0      0      0      0      0      0      0      0      0      0      0      0      0      0      0      0      0      0      0      0      0      0      0      0      0      0      0      0      0      0      0      0      0      0      0      0      0      0      0      0      0      0      0      0      0      0      0      0      0      0      0      0      0      0      0      0      0      0      0      0      0      0      0
      0      0      0      0      0      0      0      0      0      0      0      0      0      0      0      0      0      0      0      0      0      0      0      0      0      0      0      0      0      0      0      0      0      0      0      0      0      0      0      0      0      0      0      0      0      0      0      0      0      0      0      0      0      0      0      0      0      0      0      0      0      0      0      0      0      0      0      0      0      0      0      0      0      0      0      0      0      0      0      0      0      0      0      0      0      0      0      0      0      0      0      0      0      0      0      0      0      0      0      0
      0      0      0      0      0      0      0      0      0      0      0      0      0      0      0      0      0      0      0      0      0      0      0      0      0      0      0      0      0      0      0      0      0      0      0      0      0      0      0      0      0      0      0      0      0      0      0      0      0      0      0      0      0      0      0      0      0      0      0      0      0      0      0      0      0      0      0      0      0      0      0      0      0      0      0      0      0      0      0      0      0      0      0      0      0      0      0      0      0      0      0      0      0      0      0      0      0      0      0      0
