\ 
\ Covariance Function Histogram Table
\ 
\ X Parameter: Time of Eclipse
\ X Abbrev   : TS
\ X Units    : BJD
\ X Items    : 100         
\ 
\ Y Parameter: A Priori Transit Prob
\ Y Abbrev   : PTG
\ Y Units    : none
\ Y Items    : 100         
\ 
|col000|col001|col002|col003|col004|col005|col006|col007|col008|col009|col010|col011|col012|col013|col014|col015|col016|col017|col018|col019|col020|col021|col022|col023|col024|col025|col026|col027|col028|col029|col030|col031|col032|col033|col034|col035|col036|col037|col038|col039|col040|col041|col042|col043|col044|col045|col046|col047|col048|col049|col050|col051|col052|col053|col054|col055|col056|col057|col058|col059|col060|col061|col062|col063|col064|col065|col066|col067|col068|col069|col070|col071|col072|col073|col074|col075|col076|col077|col078|col079|col080|col081|col082|col083|col084|col085|col086|col087|col088|col089|col090|col091|col092|col093|col094|col095|col096|col097|col098|col099|
|int   |int   |int   |int   |int   |int   |int   |int   |int   |int   |int   |int   |int   |int   |int   |int   |int   |int   |int   |int   |int   |int   |int   |int   |int   |int   |int   |int   |int   |int   |int   |int   |int   |int   |int   |int   |int   |int   |int   |int   |int   |int   |int   |int   |int   |int   |int   |int   |int   |int   |int   |int   |int   |int   |int   |int   |int   |int   |int   |int   |int   |int   |int   |int   |int   |int   |int   |int   |int   |int   |int   |int   |int   |int   |int   |int   |int   |int   |int   |int   |int   |int   |int   |int   |int   |int   |int   |int   |int   |int   |int   |int   |int   |int   |int   |int   |int   |int   |int   |int   |
      0      0      0      0      0      0      0      0      0      0      0      0      0      0      0      0      0      0      0      0      0      0      0      0      0      0      0      0      0      0      0      0      0      0      0      0      0      0      5      0      0      0      0      0      0      0      0      0      0      0      0      0      0      0      0      0      0      0      0      0      0      0      0      0      0      0      0      0      0      0      0      0      0      0      0      0      0      0      0      0      0      0      0      0      0      0      0      0      0      0      0      0      0      0      0      0      0      0      0      0
      0      0      0      0      0      0      0      0      0      0      0      0      0      0      0      0      0      0      0      0      0      0      0      0      0      0      0      0      0      0      0      0      0      0      0      0      0      0      0      0      0      0      0      0      0      0      0      0      0      0      0      0      0      0      0      0      0      0      0      0      0      0      0      0      0      0      0      0      0      0      0      0      0      0      0      0      0      0      0      0      0      0      0      0      0      0      0      0      0      0      0      0      0      0      0      0      0      0      0      0
      0      0      0      0      0      0      0      0      0      0      0      0      0      0      0      0      0      0      0      0      0      0      0      0      0      0      0      0      0      0      0      0      0      0      0      0      0      0      0      0      0      0      0      0      0      0      0      0      0      0      0      0      0      0      0      0      0      0      0      0      0      0      0      0      0      0      0      0      0      0      0      0      0      0      0      0      0      0      0      0      0      0      0      0      0      0      0      0      0      0      0      0      0      0      0      0      0      0      0      0
      0      0      0      0      0      0      0      0      0      0      0      0      0      0      0      0      0      0      0      0      0      0      0      0      0      0      0      0      0      0      0      0      0      0      0      0      0      0      0      0      0      0      0      0      0      1      0      0      0      0      0      0      2      0      0      0      0      1      0      0      0      0      0      0      0      0      0      0      0      0      0      0      0      0      0      0      0      0      0      0      0      0      0      0      0      0      0      0      0      0      0      0      0      0      0      0      0      0      0      0
      0      0      0      0      0      0      0      0      0      0      0      0      0      0      0      0      0      0      0      0      0      0      0      0      0      0      0      0      0      0      0      0      0      0      0      0      0      0      0      0      0      0      0      0      0      0      1      2      0      0      0      0      0      0      0      0      0      0      0      0      0      0      6      0      0      0      0      0      0      0      0      0      0      0      0      0      0      0      0      0      0      0      0      0      0      0      0      0      0      0      0      0      0      0      0      0      0      0      0      0
      0      0      0      0      0      0      0      0      0      0      0      0      0      0      0      0      0      0      0      0      0      0      0      0      0      0      0      0      0      0      2      0      0      0      0      0      0      0      0      0      0      0      0      0      1      0      0      0      1      0      0      0      4      1      0      0      0      0      0      0      0      0      0      0      0      0      1      0      0      0      0      0      0      0      0      0      0      0      0      0      0      0      0      0      0      0      0      0      0      0      0      0      0      0      0      0      0      0      0      0
      0      0      0      0      0      0      0      0      0      0      0      0      0      0      0      0      0      0      0      0      0      0      0      0      0      0      0      0      1      4      0      0      3      0      0      0      0      0      0      0      0      0      0      0      0      0      0      0      3      0      0      0      0      0      7      1      0      0      3      0      0      0      0      0      0      0      0      0      0      0      0      0      0      0      0      0      0      0      0      0      0      0      0      0      0      0      0      0      0      0      0      0      0      0      0      0      0      0      0      0
      0      0      0      0      0      0      0      0      0      0      0      0      0      0      0      0      0      0      0      0      0      0      0      0      0      0      0      0      0      3      0      0      0      0      0      3      0      0      0      0      0      0      0      0      0      2      0      5      0      0      5      1      0      0      3      0      0      0      2      0      0      0      0      0      0      0      0      0      0      0      0      0      0      0      0      0      0      0      0      0      0      0      0      0      0      0      0      0      0      0      0      0      0      0      0      0      0      0      0      0
      0      0      0      0      0      0      0      0      0      0      0      0      0      0      0      0      0      0      0      0      0      0      0      0      0      0      0      0      0      0      2      0      4      0      0      7      0      6      0      0      1     12      1      0      0      4      6      0      2      0      3      0      7      3      0      0     11      5      5      0      0      0      0      0      0      0      0      0      0      0      0      0      0      0      0      0      0      0      0      0      0      0      0      0      0      0      0      0      0      0      0      0      0      0      0      0      0      0      0      0
      0      0      0      0      0      0      0      0      0      0      0      0      0      0      0      0      0      0      0      0      0      0      0      0      7      0      0      3      2      0      0      0      2      0      0      0      0      1      0      0      6      0      0      0      1      7      0      0      2      3      4      7      0      1      0      1      0      0      0      0      0      0      0      0      0      0      0      0      0      0      0      0      0      0      0      0      0      0      0      0      0      0      0      0      0      0      0      0      0      0      0      0      0      0      0      0      0      0      0      0
      0      0      0      0      0      0      0      0      0      0      0      0      0      0      0      0      0      2      0      0      0      0      0      0      0     10      0      2      0     13      0      8      0      4      1     19      0      0      0      4      1      0      0      0      8     12      2      2     10      0      0      0      2      0      9      3      3      0      0      2      0      0      0      0      0      0      0      0      0      0      0      0      0      0      0      0      0      0      0      0      0      0      0      0      0      0      0      0      0      0      0      0      0      0      0      0      0      0      0      0
      0      0      0      0      0      0      0      0      0      0      0      0      0      0      0      0      0      0      0      0      0      0      0      0      0      0      0      0      0      0      0      0      7      6      0      0      2      5      2      0      0      0      7      0      0      0      0      6      0     11      2      2      0      0      0      0      0      3      3      0      0      4      0      0      0      0      0      1      0      0      0      0      0      0      0      0      0      0      0      0      0      0      0      0      0      0      0      0      0      0      0      0      0      0      0      0      0      0      0      0
      0      0      0      0      0      0      0      0      0      0      0      0      0      0      0      0      0      0      0      0      0      0      0      0      0      1      0      0      0      0      0     11      4      0      1      0      0      0      0      8      0      6      1      8      1      4     15      0      2      7      0      5      0      6     13      1      2      0      0      0      0      6      0      0      0      0      0      0      0      0      0      0      0      0      0      0      0      0      0      0      0      0      0      0      0      0      0      0      0      0      0      0      0      0      0      0      0      0      0      0
      0      0      0      0      0      0      0      0      0      0      0      0      0      0      0      0      0      0      0      0      0      0      0      0      0      0      0      1      2      3      0      0      0      0      0      2      0      9      0     10      5      5      0     10      6      0      0      5      3      0      0      0      0      0      0      0      0      0      7      4      2      0      1      0      0      0      0      0      0      0      0      0      0      0      0      0      0      0      0      0      0      0      0      0      0      0      0      0      0      0      0      0      0      0      0      0      0      0      0      0
      0      0      0      0      0      0      0      0      0      0      0      0      0      0      0      0      0      0      0      0      0      0      1      0      0      0      0      2      0      2      0      0      0      4     10      5      3      5      7      0      0      3      9      0      0      3      0      1      0      2      0      1      0      6      0     18      7      5      0      5      0      0      2      0      0      0      2      0      0      0      0      0      0      0      0      0      0      0      0      0      0      0      0      0      0      0      0      0      0      0      0      0      0      0      0      0      0      0      0      0
      0      0      0      0      0      0      0      0      0      0      0      0      0      0      0      0      0      0      0      0      0      0      0      0      1      0      0      0      0      0      0      5      0      0      7      0      0      2     12      7     29      6      3      9      2      1      0      2      1      8      0      1      4      0      4      0      4      0      1      0      0      0      0      0      0      0      1      0      0      0      0      0      0      0      0      0      0      1      0      0      0      0      0      0      0      0      0      0      0      0      0      0      0      0      0      0      0      0      0      0
      0      0      0      0      0      0      0      0      0      0      0      0      0      0      0      0      0      0      0      2      9      0      0      0      0      2      0      3      0     11      0      0      2      5      3     19      0      0      4      5     11      0      2      7      1      3      0      9      1      2      0      8      9      6      5      0      0      0      0      0      0      0      0      0      0      4      0      0      0      0      0      0      0      0      0      0      0      2      0      0      0      0      0      0      0      0      0      0      0      0      0      0      0      0      0      0      0      0      0      0
      0      0      0      0      0      0      0      0      0      0      0      0      0      0      0      0      0      0      0      0      0      0      0      0      0      0      0      0      7      0      1      4      0     10      4     12     10     17      0      2     34      8      6      0      1      3      0      2      4     13      6      5      8      2      4      2      0      0      4      4      0      8      0      0      0      0      0      0      0      0      1      0      0      0      0      0      0      0      0      0      0      0      0      0      0      0      0      0      0      0      0      0      0      0      0      0      0      0      0      0
      0      0      0      0      0      0      0      0      0      0      0      0      0      0      0      0      0      0      0      4      0      0      0      0      0      0      0      7      0      0      2      2      0      0      0      5      0      2      2      0      0      5      0      0     30      2      0      6      1      4      3      1      2     10      7      1      1      4      0      0      0      0      0      0      0      0      0      0      0      0      0      0      0      0      0      0      0      0      0      0      0      0      0      0      0      0      0      0      0      0      0      0      0      0      0      0      0      0      0      0
      0      0      0      0      0      0      0      0      0      0      0      0      0      0      0      0      1      0      0      0      0      7      0      0      0      0      6      3      9      0      7      9      4      7      8      5      4     35      1      4     12      0      8      0     13      0      0      5      0      2      2     10      2      2      3      0      2      0      0      4      8      1      3      8      0      0      0      0      0      0      0      0      0      0      0      0      0      0      0      0      0      0      0      0      0      0      0      0      0      0      0      0      0      0      0      0      0      0      0      0
      0      0      0      0      0      0      0      0      0      0      0      0      0      0      0      0      0      4      0      0      0      0      8      0      3     10      2      4     25      8      8      3     14      1      7      6      3      3      3      0     13      5      0     20      8      6      0     18     16      3      0      3      8      9      0      1      2      4      0      0      0      0      0      6      0      0      1      0      0      0      0      0      0      0      0      0      0      0      0      0      0      0      0      0      0      0      0      0      0      0      0      0      0      0      0      0      0      0      0      0
      0      0      0      0      0      0      0      0      0      0      0      0      1      0      0      0      2      0      0      0      0     11      0      0      3      2      0      0      1     16      2     13     20      6      3      0      1      2      8     16     15     23     18      4      6      7      1     10      7      4      0      2      2      7      1      9      5      3      0      0      0      3      0      0      0      0      0      0      0      0      0      0      0      0      0      0      0      0      0      0      0      0      0      0      0      0      0      0      0      0      0      0      0      0      0      0      0      0      0      0
      0      0      0      0      0      0      0      0      0      0      0      0      0      0      0      0      0      0      2      0      0      3      8      2      1      9     11     15      0      0      1      1      5      9      9      3      2     10      0      8     11      4      9      6      4      0      1      0      1      6      2      0      5      8      5      0      0      0      0      1     14      0      7      0      6      1      0      0      0      0      0      0      0      0      0      0      0      0      0      0      0      0      0      0      0      0      0      0      0      0      0      0      0      0      0      0      0      0      0      0
      0      0      0      0      0      0      0      0      0      0      0      0      0      0      0      0      0      0      0      0      0      0      1      0      0      4     15     12      3     18     22      3     15     22      5      9     12      9      0     11      4      8      4      1      5      5      1     17      0      2      9     10      5      4      8      0      0      2      0      0      4      5      0      2      0      0      0      0      3      0      0      0      0      0      0      0      0      0      0      0      0      0      0      0      0      0      0      0      0      0      0      0      0      0      0      0      0      0      0      0
      0      0      0      0      0      0      0      0      0      0      0      0      0      0      0      0      3      0      0      0      2      0      0      0      7      8     19     11     10      5      0     24     14     15      4      6     13      4      3     10     24     10      7     13      5     27     14      3      3      6      6     13      9      0      1      2      3      9      2     13      0      7      7      0     11      0      0      0      0      0      0      4      2      1      0      0      0      0      0      0      0      0      0      0      0      0      0      0      0      0      0      0      0      0      0      0      0      0      0      0
      0      0      0      0      0      0      0      0      0      0      0      0      0      0      3      0      0     11      0      0      0      0      0      0     12      5      5      2     11      2      1      0     19      9     14     23      5     18     13     14     12     14      8      4      6     12     15     33      7     14      7     12     16      3      7     12      2      2      8      5      0      1      2     18      0      1      2      0      0      1      0      0      0      4      0      0      0      0      0      0      0      0      0      0      0      0      0      0      0      0      0      0      0      0      0      0      0      0      0      0
      0      0      0      0      0      0      0      0      0      0      0      1      3      0      0      0      0      1      0      3      0      3      0      3      3      1      2      3      5     15     11      4     16     15     10     19     15     17     16     16     29      9      8      2      4      5      8      3     11      8      0      7      2     20      8     13      0      4      2      3     23      0      1      7      0      1     12      1      0      0      0      1      2      5      0      0      0      0      0      0      0      0      0      0      0      0      0      0      0      0      0      0      0      0      0      0      0      0      0      0
      0      0      0      0      0      0      0      0      0      0      0      0      0      0      0      0      0      0      0      0      0      0      8      2      9     19      1     10      5      2      7      1     21      3     12      4     35     14     22     11     20      6     18     20     19      1     31     12     24      7      9      7      9      5      9     25      5      4     10      0      0      4     11      2      2      2      4      1      0      0      0      0      0      0      0      0      0      0      0      0      0      0      0      0      0      0      0      0      0      0      0      0      0      0      0      0      0      0      0      0
      0      0      0      0      0      0      0      0      0      0      0      0      0      0      0      0      0      0      0      0      3      6      3      3      5      1      1     20     13     20      8     29     51     17     22      7     24     29     22      8     10      2     17     13      8      8     15     13      9     16     19     11      5      1      7     10      8      2      4      4      6      5      3      0      8      7      6      3      2      0      0      0      0      0      0      0      0      0      0      0      0      0      0      0      0      0      0      0      0      0      0      0      0      0      0      0      0      0      0      0
      0      0      0      0      0      0      0      0      0      0      0      2      0      6      3      2      0      0      4      2      1      1      6      7     13      4      2      0     26      4     24     17      3     34     21     10     27     20     36     12     30     16     19     17     20      2     24     11     14      9      2      8     13     22      9     12     20     16      9      5      9      0      6      0      0      0      2      0      0      6      0     15     10      0      0      3      0      0      0      0      0      0      0      0      0      0      0      0      0      0      0      0      0      0      0      0      0      0      0      0
      0      0      0      0      0      0      0      0      0      0      0      0      0      0      0      0      3      2      0      0      7     14      3      2      2      8      7     21      0     20      8     12     24     21     24     51     23     17     35     13     24     34     16     56     18     24     18     20     42     10     18     43     26     16     19     14      4      7     37     18     24      0      0      6      0      3      9      0      3      0      0      1      0      0      0      2      0      0      0      0      0      0      0      0      0      0      0      0      0      0      0      0      0      0      0      0      0      0      0      0
      0      0      0      0      0      0      0      0      0      2      0      0      0      0      0      0      1      0      0      7      0      3      6      1      3      4      7     11      4     26     22     15     19     26     56     16     36     58     38     24     55     14     40     14     24     34     21     20     39     20      7     16     18     24     32      8     14     10      7     34      5      4      8     10      5      2      1      4      2      1      0      0      0      5      0      0      0      5      0      0      0      0      0      0      0      0      0      0      0      0      0      0      0      0      0      0      0      0      0      0
      0      0      0      0      0      0      0      0      0      0      0      0      2      0      0      4      0      0      7      2     12     22      0     16      2      2     20      5     30     22     39     14     19      6     50     23     34     55     11     27     26     21     25     17     16     18     19     25     43     43      8     24     40     20      3     26      9      7     10      4      3     12      3      0      6      6      1      0      0     10      1      9      0      0      0      0      0      0      4      5      0      0      0      0      0      0      0      0      0      0      0      0      0      0      0      0      0      0      0      0
      0      0      0      0      0      0      0      0      0      0      0      0      0      0      0      0      0      5      0      0      3      2      5      8     21      2      7      6      5     19     20     12     31     14     22     28     35     21     18     27     25     17     71     15     46     33     30      8     24     38     45     20     29     13     40      4     28     22      6     11      1     10     12     14      5      8      4     13      0      0      4      0      0      0      4      0      0      0      0      0      1      0      0      0      0      0      0      0      0      0      0      0      0      0      0      0      0      0      0      0
      0      0      0      0      0      0      0      0      0      0      3      0      0      1      0      0      0      2      1     18      4      7     16      4      6     14     29     18     21     11      4     32     17      7     18     27     17     24     46     29     39     46     34     55     34     68     45     23     30     21     17     29     20     18     18     19      5     38     15      5      7     10     15     19      5     18      2      0      0     14      0      0      0      0      6      0      0      0      0      9      0      0      0      0      0      0      0      0      0      0      0      0      0      0      0      0      0      0      0      0
      0      0      0      0      0      0      0      0      0      0      0      0      0      0      0      0      0      3      1     12     10     14      0      5     10      8      8     23      5     28      7     23     41     19     56     23     37     60     31     38     25     20     31     16     67     56     46     19     38     37     28     41     51     40     10     27      9     24      8     31     13     14     19      5      2      5      7      1      7      1      4      0      0      0      0      3      0      0      0      3      0      0      0      0      0      0      0      0      0      0      0      0      0      0      0      0      0      0      0      0
      0      0      0      0      0      0      5      0      0      0      0      0      1      0      0      6      0      0      4      8     17     11      1      1     14     12     10     12     38     25     42     12     21     28     29     46     37     53     62     61     24     26     74     34     47     47     70     25     28     42     27     43     21     29     32     34     15     13     17      4      8      4     14     12     13     21      6      1      1      0      9      2      2      2      0      0      0      0      5      0      0      0      0      0      0      0      0      0      0      0      0      0      0      0      0      0      0      0      0      0
      0      0      0      0      0      0      0      0      0      0      0      0      2      0      1      6      0      2      0      0      2      1      8      7     11      5     17     10     18     20     44     21     15     44     26     69     40     50     67     39     24     75     53     36     73     46     80     33     12     73     44     78     19     23     51     27     34     42      0     37      8     14      3      7      6      4      0      1      9      4      0      1      3      0      0      2      0      3      0      0      0      0      0      0      0      0      0      0      0      0      0      0      0      0      0      0      0      0      0      0
      0      0      0      0      0      0      0      0      0      0      0      0      0      0      0      0      0      2      1      0      4      0     12      2     16     22      9     21     26     28     30     36     12     17     16     23     76     83     36     70     35     60     87    100     68     45     50     48     15     58     20     32     53     56     42     31     43     11     18     13      8     24     10     17     51      5     14      4      6      4      0      3      7      1      4      2      1      2      0      0      0      1      0      0      0      0      0      0      0      0      0      0      0      0      0      0      0      0      0      0
      0      0      0      0      0      0      0      0      0      0      0      1      0      0      0      0      0      3      0      0     11      4     12      7     17     15     35     15     16     76     23     24     20     55     62     40     29     53     53     92     85     91     69     32     24     39     85     57     18     23     53     74     43     39     41     26     33     23     46      1      9     30     10     11      8     40      9     10     17      2      0     15      0      2      2      0      0      0      0      0      0      0      0      0      0      0      0      0      0      0      0      0      0      0      0      0      0      0      0      0
      0      0      0      0      0      0      0      2      0      0      0      0      0      2      0      6      3      3      9     10      7      3     20     15      6      0     12     20     12     32     27     78     24     63     15     48     75     54     59     71     97     59     47     96     45     68     52     44     70     41     46     75     70     33     33     27     24     13     15     41     11     24     14      5      8      3      6      9      2      0      4      2      2      2      0      8      0      0      0      0      0      0      0      0      0      0      0      0      0      0      2      0      0      0      0      0      0      0      0      0
      0      0      0      0      0      0      0      0      0      0      0      0      1      0      5      2      0      4      1      1     10     21      6     12     22     33     23     11     23     43     45     58     27     66     23     42     73     38     73     73     95     42     50     76     48     81     38     81     78     37     69     43     58     56     41     50     14     21     26     29      3     11     23     21     10     23      4      3      3      6      3      6      2      1      2      1      1      1      0      4      0      0      0      0      0      0      0      3      0      0      0      0      0      0      0      0      0      0      0      0
      0      0      0      0      0      0      0      0      0      0      7      4     11      0      0     11      9      5      7      2      9      9      6     17     10     26     24      7     43     20     14     26     63     57     81     91     68     51     57     67     70     79     82     36     69     76     72     81     42    100     67     44     30     21     50     26     57     71     32     24     30     19     21      5     16      5     17     29      1     35     23      9      1      1     10      8      0      0      0      0      2      0      0      0      0      0      0      0      0      0      0      0      0      0      0      0      0      0      0      0
      0      0      0      0      0      0      0      0      0      0      0      0      1      2      4      0      6      0      5      3      8      7     15      8      4     22     34     40     51     15     41     45     40     45     72    106     77     90     83     87     59     75     99     81     50     73     54    113     83     40     60     44     23     68     41     49     57     33     25     49     32      7     19     13     19     10      5     15      5      1      4      8      2     10      7      0      1      3      6      1      0      0      0      0      0      0      0      0      0      0      0      0      0      0      0      0      0      0      0      0
      0      0      0      0      0      0      0      0      0      0      0      0      0      0      0      1      0      1      1      2     10     26     17     21      7     26     16      9     25     33     36     53    100     44     47     64     90     64     77    111     58     81    100     97     87     77     94     56     62    124     94     84     40     91     87     38     24     36     15     21     21     45     35     16     19     25     29     35     15     11     11     21      4      0     23      3      5      2      0      5      0      0      0      0      0      3      0      5      2      0      0      0      0      0      0      0      0      0      0      0
      0      0      0      0      0      0      0      0      0      1      0      2      7      1      2      0      2      2      0      5      6      0     24     17     29     26     47     15     19     33     45     42     70     66     81     64     61     55    102     69     93     89     76    133     94    109     77     65     58     84     42     99     52     64    100     46     58     31     19     58     45      4     37     36     12      4     29     10     24      0      1      3      5     22      2     12      9     10      1      0      0      0      0      0      0      0      0      0      0      0      0      0      0      0      0      0      0      0      0      0
      0      0      0      0      0      0      0      0      0      0      0      0      0      0      0      0      0      0      8      5      0      9      3      8     26      7     27     19     26     27     44     78     31     29     90     53    113     78     54     62     98     62     70     88    119     77     90     54    109    103     45    115     29     38     70     53     23     54     35     21     75     56     25     38     44     36     14     34      3      2     15     11      4      0      8      2     14      1      3      0      9      0      0      1      0      0      0      0      3      0      0      0      0      0      0      0      0      0      0      0
      0      0      0      0      0      0      0      0      2      0      0      0      0      3      0      2      4      0      4      4      0     11     24      4      8     11     59     43     39     31     25     23     40     63     76     57     48    100     57     89     71     73     90     69     83     75     63    117    103     52     59     87     65     40     83     28     77     47     42     34     50     26     52     35     25     22     33     15     21      9     14      0      1      8      1      5      5      0      0      0      7      2      2      0      0      3      0      0      0      0      0      0      0      0      0      0      0      0      0      0
      0      0      0      0      0      0      0      1      0      0      0      0      0      0      3      0      7      5     10      3     12      2     10      7     15     31     15     19     26     39     31     66     65     61     52     40     47    116     86     81     88    108     79     46     68     60    113     64     31    100    101     34     85     41     68     84     58     56     53     24     65     64     35     32     33     26     36     13     14     26     19     33     14      0      0     12      6     12      2      9      0      0      1      0      0      0      0      0      0      0      0      0      0      4      0      0      0      0      0      0
      0      0      0      0      0      0      0      0      0      0      0      0      0      0      1      6      5      4      0      1      1      1     17      5     17     25     27     21     17     57     55     94     72     36     65     88     70     30    103    121     89    129    168    132     79     93     92     87    118     48     75     93     59     98     94     36     77     75     46     23     55     27     47     26     15     17      8     13     14      7     11      3     13     10      1      0      0     20      0      0      6      0      0      0      0      0      0      0      0      3      0      0      0      0      0      0      0      0      0      0
      0      0      0      0      0      0      0      0      0      0      0      0      0      7      7      0      2      1      6      1      3      2     30     17     16     15      2     14     43     43     48     62     24     44     75     82     61    138     58     91    136    107    100     67    154    129     75    110     72    178     53     73     80    122     74     71     60     55     36     45     25     62     20     29     18     36     12     13     40     23     37     12      8     19      1     26      6      5      0      0      1      0      4      8      0      0      0      0      1      0      0      0      0      0      0      0      0      0      0      0
      0      0      0      0      0      0      0      0      0      0      0      0      0      0      2      0      0      1      0      0      0     34     20      8     14      7     10     21     40     17     41     31     34     52     65     63     77     81    160     88    104     88     69     79     63     74     39    113     66    109    105     86     95     75     61     31     54     65     51     91     27     24     30     47     23     13     31     42     13     17     12      3     20     13      7      8      6     21      7      0      0      0      0      0      1      0      5      0      0      0      6      0      0      3      0      0      0      0      0      0
      0      0      0      0      0      0      0      0      0      3      0      0      1      0      0      0      0      2      0      8     10      8      3     10      3      7     34     12     19     47     56     47     21     35     56     79     39     58     98     85     71     60     87    107    116     88    132    118     71    112     76     78     89     78    100     59     29     44     35     37     77     24     36     22     49     15      7      8      5     38     17     25     15      2      2     15      1      2      1      0      2      4      0      1      0      0      0      0      0      0      0      0      0      0      0      0      0      0      0      0
      0      0      0      0      0      0      0      0      0      0      0      0      0      0      0      3      0     11      2      2      9      6     13      9     11     36     19     12     17     10     44     48     24     56     34     43     34     76     27     72    101     81    111    142     93    150     96     60    125     74     84     70     53     54     97     40     77     46     30     57     54     95     20     17     12     54      8     13     38      7     11      8     12     15      3     23      6      1     11      0      2      3      0      0      0      3     10      7      0      0      0      0      0      0      0      0      0      0      0      0
      0      0      0      0      0      0      0      0      0      0      0      0      0      0      0      2      0      5      0      0      1     19      9     14      0      6     34     13     28     62     62      4     29    105     72     63     55     86     25    102     71     45    110     79     42    116     40    171    135     81     83     77    113     96     81     58     68     26     29     28     60     60     36     30     55     23     27     11      6      8      8     10     27      6     25      2      0      8      5     16      6      0      1      0      9      7      0      2      0      0      0      0      0      0      0      0      0      0      0      0
      0      0      0      0      0      0      0      0      0     11      0      0      0      0      0     10      4      0      1      1      3      2      7     29     37     10     24     31      8     35     50     29     12     40    100     46    148     69     48     37     58     62     99     60     86     99     44    105    134    104     67     91     83    111     66     74     53     83     73     66     42     45     58     34     78     39     19     38      9     12     12     10     13     18      8      7     11      9     13      4      0      3      0      0      0     12      0      0      0      7     15      0      1      0      0      0      0      0      0      0
      0      0      0      0      0      0      0      0      0      0      0      0      0      0      0      2      0      1      1      6     10      0      0     12     10     28     12     24      5     40     43     56     21     15     76     45     43    143     45     68     52    113     73    112     53     63    134     47     59    124     89    120     45     68     55    101     97     74     86     76     10     69     16     13     18     66     43     66     23     14     29     12      1      7      7      4     16      5      4      8      4      0      5      0      0      0      0      0      1      0      3      0      0      0      3      0      0      0      0      0
      0      0      0      0      0      0      0      0      0      0      0      0      0      0      0      6     17      0      0     17      0      0      5     14      1     15     24     19      8      6     24     29     22     73     41     57     64     51     52     36     57    104    114     75     90     85     57    109     92     68     62     61     98     72     78     44     47     78     49     32     68     23     17     33     17      4     18      2     13     32     13     48      8     30     28      5      7      5      0      5      0      0      9      0      8      1      0      0      2      0      0      0      2      0      0      0      0      0      0      0
      0      0      0      0      0      0      0      0      0      0      1      0      0      0      0      0      0      0      0      0      1      0      2      6      5     18      2     11     40     24     32     27     13     36     34     77     45     92    110     30    108     64     91     70     63     87    105     71     37    109     79     87     61     55     53     54     74     46     44     67     32     46     72     20     35     46     10     32     51     41     39      1     22      7     14      0     13      1      0      0      2      0      1      6      0      3      6      0      0      0      0      0      0      0      0      0      0      0      0      0
      0      0      0      0      0      0      0      0      0      0      0      0      0      0      0      0      6      0      1      6      0     10      0     29      5      0      9     11     12     22     15     22     19     61     31     37     69     44     56     69     62     53     38     74     59     46    103     95    141     84     76     67     70     62     51     69     46     73     46     82     84     56     24     27     62      8     26      4     29     14     26     16     10     10      0      4      4     11     11     18     26      1      0      0      3      1      0      0      0      0      3      0      0      0      0      0      0      0      0      0
      0      0      0      0      0      0      0      0      0      0      0      0      0      0      0      0      3      0      2      3      8      3      9      7      1      0     12      4     18     44     27     18     21     33     29     52     49     64     55     10     55     31     91     65    140     67     47     53     43     43     88     48     52     59     97     55     90     20     25     29     23     81     53     20     22     26     31     26     19      6     25      3      0      4      0     10     10      0      8      8      0      0      0      1      0      8      0      0      0      0      6      0      0      0      0      0      0      0      0      0
      0      0      0      0      0      0      0      0      0      0      0      0      0      0      0      0      0      0      0      0      4     13      3      0      1     17      1     10      8     25     10     11     10     13     25     27     35     24     43     47     44     59     49     54     74     54     65    112    108     40     74    105     57     74     52     51     26     43     53     48     32    104     16     45     25     22     23     13      4      8     11     12      9      4     10     13      0      9      6      0      1      9      1      4      1      0     12      5      0      0      0      0      0      0      0      0      0      0      0      0
      0      0      0      0      0      0      0      0      0      0      0      0      0      0      0      0      0      0      0      0      0      1      6      0      1      1      5      7     20      0      7     11     16     27     17     27     38     45     50     44     21     67     52     36     49     65     40     51     66     94    103     46     52     63     66     18     14     51     37     85     49     39     27     49     24     34     37     21     12     15     12     10      5      0      1      4      4      0      1      0      5      7      3      4      0      0      0      0      0      1      1      0      1      0      0      0      0      0      0      0
      0      0      0      0      0      0      0      0      0      0      0      0      0      0      0      0      0      0      7     14      5      0      6      3      0      6     23     17     15      1     19     18     47     25     16     30     14     30      7     31     11    111     61     34     46     85     59     98     68     58     31     60     53     60     55     17     42     53     29     43     36     51     21     38     37      7      8     18     31     42      9      1      7      6      5      0      6      0      0      3      2      7      0      0      2      5      0      0      0      0      0      1      0      0      0      0      0      0      0      0
      0      0      0      0      0      0      0      0      0      0      0      0      0      0      0      0      3      2      0      0      0      0      0      1      2      3      2     24      9     13      4     16     16     16      7     18     30     50     43     17     20     79     45     41     53    106     72     95     31     69     53     25     27     93     64     34     71     72     42     40     38     70      7     46     52     22      9      9     27      7      5     39     27     11      7      3      9     14     14     19      3      7      0      0      0     11      0      0      4      0      4      0      0      1      0      0      0      0      0      0
      0      0      0      0      0      0      0      0      0      0      0      0      0      0      0      5      0      0      0      0      3      1      1      1      4      3      5      2      9      9      7     11     25     26     15     15     15     12     30     44     52      7     22     19     27     12     42     47     46     64     41     35     36     40     53     20     86     26      7     56     58     20     47     21     36     38      4      9     30      1      7      7      5      1      9      8      6      0      0      0      0      1     11      0      9      2      0      0      0      0      7      0      0      0      0      0      0      0      0      0
      0      0      0      0      0      0      0      0      0      0      0      0      0      0      0      0      0      1      0      1      0      5      0      0      0      0      0      1     10      2      6     12      8     10      3      7     17     31     30     56     26     24     42     57     33     29     42     93     65     21     35     40     68      8     33     29     13     48      8     15     31     10      6     16     12     16     11     18     17      5     31     13     11      7      2      1      8      2      4      0      6      0      0      4      0      0      0      0      0      0      0      8     15      0      0      0      0      0      0      0
      0      0      0      0      0      0      0      0      0      0      0      0      0      0      0      0      0      0      0      0      0      0      0      0      0      0      0      1      4      9      1     14     12     28      5     14      0     30     11     38     35     29     16     27     23     61     41     61     29     22     36     29     14     50     38     34     34     24     34      2      6     31     10     24     25     11      6     39     33     12      5     21      0     13     24      1      4      0      0      8      0      0      0      1      0      5      0      0      0      0      0      0      0      0      0      0      0      0      1      0
      0      0      0      0      0      0      0      0      0      0      0      0      0      9      0      0      0      0      0      0      0      0      0      0      1      3      3      9      2      2      1      0      1     10      4      6      0     29     27     19     20      6     23      6     37     22     51     26     41     23     38      9     37     59     55     22     35     69     24     23     26     19     36     39     23     46      0     53     14      9     26     11      4     15      0      0      2      1      6     13      3      2      3      0      7     13      0      0      0      0      0      1      0      0      0      0      0      0      0      0
      0      0      0      0      0      0      0      0      0      0      0      0      0      0      0      0      0      0      0      4      0      6      0      1      3      4      0     10      1      0      0      2     17     18      9      0     10      3     10     11     25     23     13     25     26     18     15     19     24     26     33      5     43     30     22     31     33     30      9     34     66      7     24     14     33     16     22     16     17      8      1     14      6      7      2      1      0      0      5      3      0      9      0      5      0      3      0      2      0      6      7      0      6      0      0      2      0      0      0      0
      0      0      0      0      0      0      0      0      0      0      0      0      0      0      0      0      0      8      0      0      0      0      0      0      0      5      0      2      3      3      0      1      0      0      5     11      0     16      6     12     12      6     22     32     19     28      8     19     17      4     17     33      3     29     33     15     22     13     31     26     26     16     17      0     29     60      6     28     11      2     17      9      5      0      1     10     20      3      2      0      0      2      0      0      0      0      0      0      2      0      0      0      2      0      0      0      0      0      0      0
      0      0      0      0      0      0      0      0      0      0      0      0      0      0      0      0      0      0      0      0      0      0      0      0      0      2      2      0      0      0      0     10      3      9      6      9      7      9     12     42      4      3     12     33      1     22     16     52     36     12      3      8     33     37      9     57     51      5     10      7     18     10     20     26     11      2     13      4     21     11     15     26      0      3      5      3      0      2      2      0      7      0     20      0      2     13      0      0      0      0      0      0      0      1      0      0      0      0      0      0
      0      0      0      0      0      0      0      0      0      0      0      0      0      0      0      0      0      0      0      0      4      0      0      0      0      0      2      0      0      3      0      3      0      0      3      9      0      1      4      4      9     26      9     14      6     18      4      5      1      1     14      6     30     31     44     14     29     30     15     17     12     22      6     34      0      7     20     23     14     12      1     22      6      1      5      0      0      0      0      0      0      0      0      0      0      1      0      0      0      0      0      0      0      0      0      0      0      0      0      0
      0      0      0      0      0      0      0      0      0      0      0      0      0      0      0      0      0      0      0      0      0      0      0      0      0      0      0      0     13      0      0      6      2      9     19      7     10      0      5      3      6     11      3     19      4     14      2      1     16      8      3      5     25      5     19     21     51     26     18      2      8      0      8      5     13      6     24      3     14      7     17      5      1     19      0      6      6      1      0      0      7      2      0      0      0      0      0      0      0      0      5      0      0      2      0      0      0      0      0      0
      0      0      0      0      0      0      0      0      0      0      0      0      0      0      0      0      0      0      0      0      0      0      0      0      0      0      4      0      0      0      2      0      0      2      1      3      0     12      6      0      6     16      1      7      7     18     16     28      2      1      3      9      6     11      5     21      5     18      1      0     12     22     34      5      3      2      0      1      0     22      1      0      0      0      5      0      7     10      0      0      7     11      0      0      0      1      1      0      1      0      0      0      0      0      7      0      0      0      0      0
      0      0      0      0      0      0      0      0      0      0      0      0      0      0      0      0      0      0      0      0      0      0      0      0      0      4      0      0      0      0     13      0      0      0      0      7      3      0      0     14     12      4      0     10      0      1      6      7      1      7     25      4     13      5     17      4      5     10     16     11      1     15      1      0     16      9     15     16      2      5      5     13     12     15      0     12      0      2      0      0      0      0      0      0      3      0      0      0      0      0      0      0      0      0      0      0      0      0      0      0
      0      0      0      0      0      0      0      0      0      0      0      0      0      0      0      0      0      0      0      0      0      0      0      0      0      0      0      0      0      0      4      1      0      5     15      0      0      4      0      0      0      9      2      4      2      5      5      0      3      2      5      6      5      2      7      0     25     12      6      2      0     22     15      0     16     12      4      3      0      0     15      7      0     10      0      0      0      0      1      0      0      0      0      3      0      6      0      0      0      9      0      0      0      0      0      0      0      0      0      0
      0      0      0      0      0      0      0      0      0      0      0      0      0      0      0      0      0      0      0      0      0      0      0      0      3      0      0      0      5      0      0      0      0      0      7      0      0      0      4      3      5      1      4      0      4      3      0     12      0      7     10      3     23     12      9      0      5     12      3      3      0      4      9      0     18     12     25      4      3      5      9      1      2      0      0      5      8     19      0      3      0      4      0      0      0      0      2      0      0      0      0      0      0      0      0      0      0      0      0      0
      0      0      0      0      0      0      0      0      0      0      0      0      0      0      0      0      0      0      0      0      0      0      0      0      0      0      1      0      0      0      0      0      0      2      0      0      5      0      0      4      0     10      0      0      0      0     10      0     15      2      3      2      4      4     14     15     16     12      0     11      3      3     17      0      8      4      7      4      5      3      0     18      3      0      3      0      2      0      0      0      0      0      0      4      0      0      0      0      0      0      0      0      1      0      2      0      0      0      0      0
      0      0      0      0      0      0      0      0      0      0      0      0      0      0      0      0      0      0      0      0      0      0      0      0      0      0      0      0      1      0      0      0      0      0      0      0      0      0      7      0      0      2      0      0      0      3      4      4      0      1      1      0      2      2      0      7      0     12      0     21      3      7      5      0      1      2      4      0      3      7      1      0      0      0      0      0      4      0      0      0      0      0      0      3      7      4      2      0      0      0      0      0      0      0      0      0      0      0      0      0
      0      0      0      0      0      0      0      0      0      0      0      0      0      0      0      0      0      0      0      0      0      0      0      0      0      0      0      0      0      0      0      4      0      0      0      0      0      2      1      1      0      0      0      0      0      5      5     11      0      1      6      0      7      8      4      0      3      0      7      6     53      0      4      5      0      5      5      0      0     13      0      0      0      0      0      0      0      0      0      1      0      0      0      0      0      0      0      0      6      0      0      0      0      0      0      0      0      0      0      0
      0      0      0      0      0      0      0      0      0      0      0      0      0      0      0      0      0      0      0      0      0      0      0      0      0      0      0      0      0      1      0      0      0      0      0     11      3      0      0      0      0      2      0      0      5      0      1      0      0      3      1      4     15      1      0      0      0      7      0      0      0      0      0      2      0      3      1      0      0      0      0      5      0      2      0      0      0      0      0      0      0      0      0      0      0      0      0      0      2      0      0      0      0      0      0      0      0      0      0      0
      0      0      0      0      0      0      0      0      0      0      0      0      0      0      0      0      0      0      0      0      0      0      0      0      0      0      0      0      0      0      0      0      0      0      0      0      0      0      0      0      0      3      0      0      6      0      0      0      0      9      0      0      9      8      2     17      0      5      8      5      2      0      0      3      0      0     11      0      0      0      0      0      0      0      0      0      0      0      0      0      0      0      0      6      0      0      2      0      0      0      0      0      0      0      0      0      0      0      0      0
      0      0      0      0      0      0      0      0      0      0      0      0      0      0      0      0      0      0      0      0      0      0      0      0      0      0      0      0      0      0      0      0      0      0      0      0      0      0      4      0      0      0      0     11      4      0      0      0      5      0      5      1      0      1      2      0      2      2      0      4      0      0      0      0      0      0      0      0      4      1     13      0      0     10      5      2      0      0      0      0      0      0      0      0      0      2      0      0      0      0      0      0      0      0      0      0      0      0      0      0
      0      0      0      0      0      0      0      0      0      0      0      0      0      0      0      0      0      0      0      0      0      0      0      0      0      0      0      0      0      0      0      0      0      0      3      0      0      0      0      0      0      0      1      0      0      0      0      0      1      0      0      0      0      0      2      0      0      0      0      0      0      0      0      0      0      0      7     14      0     11      0      0      0      0      0      0      0      0      0      0      0      0      0      0      0      0      0      0      0      0      0      0      0      0      0      1      0      0      0      0
      0      0      0      0      0      0      0      0      0      0      0      0      0      0      0      0      0      0      0      0      0      0      0      0      0      0      0      0      0      0      0      0      0      0      1      0      0      0      0      0      0      0      0      0      2      0      0      0      0      0      3      0      0      0      0      0      2      0      3      0      0      0      4      0      0      0      1      0      0      0      0      0      0      0      0      0      1      0      0      0      0      0      0      0      0      0      0      0      0      0      0      0      0      0      0      0      0      0      0      0
      0      0      0      0      0      0      0      0      0      0      0      0      0      0      0      0      0      0      0      0      0      0      0      0      0      0      0      0      0      0      0      0      0      0      0      0      0      0      0      0      0      0      0      4      0      0      0      0      0      0      0      2      0      0      0      0      4      0      0      0      0      9      0      0      0      0      0      0      4      0      2      0      0      0      0      1      0      0      0      0      0      0      0      0      0      0      0      0      0      0      0      0      0      0      0      0      0      0      0      0
      0      0      0      0      0      0      0      0      0      0      0      0      0      0      0      0      0      0      0      0      0      0      0      0      0      0      0      0      0      0      0      0      0      0      0      0      0      0      0      0      0      1      0      0      0      0      0      0      0      0      0      1      0      0      5      0      0      0      0      0      0      0      0      0      0      0      0      0      0      0      0      1      0      0      0      0      0      0      0      8      0      0      0      0      0      0      0      0      0      0      0      0      0      0      0      1      0      0      0      0
      0      0      0      0      0      0      0      0      0      0      0      0      0      0      0      0      0      0      0      0      0      0      0      0      0      0      0      0      0      0      0      0      0      0      0      0      0      0      0      0      0      0      0      0      0      0      0      2      0      0      0      0      0      0      0      0      0      0      0      0      0      0      0      0      0      0      0      0      0      0      0      0      0      0      0      0      0      0      0      0      0      0      0      0      0      0      0      2      0      0      0      0      0      0      0      0      0      0      0      0
      0      0      0      0      0      0      0      0      0      0      0      0      0      0      0      0      0      0      0      0      0      0      0      0      0      0      0      0      0      0      0      0      0      0      0      0      0      0      0      0      0      0      0      0      0      0      0      0      0      0      0      0      6      0      0      0      0      0      0      7      0      0      1      0      0      0      0      0      0      0      0      0      0      0      0      0      0      0      1      0      0      0      0      0      0      0      0      0      0      0      0      0      0      0      0      0      0      0      0      0
      0      0      0      0      0      0      0      0      0      0      0      0      0      0      0      0      0      0      0      0      0      0      0      0      0      0      0      0      0      0      0      0      0      0      0      0      0      0      0      3      0      0      0      0      0      0      0      2      0      0      0      0      0      0      0      0      0      0      0      0      0      0      0      0      0      0      0      0      0      0      0      0      0      0      0      0      0      0      0      0      0      0      0      0      0      0      0      0      0      0      0      0      0      0      0      0      0      0      0      0
      0      0      0      0      0      0      0      0      0      0      0      0      0      0      0      0      0      0      0      0      0      0      0      0      0      0      0      0      0      0      0      0      0      0      0      0      0      0      0      0      2      0      0      0      0      0      0      0      0      0      0      0      0      0      0      0      0      0      0      0      0      0      0      0      0      0      0      0      0      0      0      0      0      0      0      0      0      0      0      0      0      0      0      0      0      0      0      0      0      0      0      0      0      0      0      0      0      0      0      0
      0      0      0      0      0      0      0      0      0      0      0      0      0      0      0      0      0      0      0      0      0      0      0      0      0      0      0      0      0      0      0      0      0      0      0      0      0      0      0      0      0      0      0      0      0      0      0      0      0      0      0      0      0      0      0      0      0      0      0      0      0      0      0      0      0      0      0      0      0      0      0      0      0      0      0      0      0      0      0      0      0      0      0      0      0      0      0      0      0      0      0      0      0      0      0      0      0      0      0      0
      0      0      0      0      0      0      0      0      0      0      0      0      0      0      0      0      0      0      0      0      0      0      0      0      0      0      0      0      0      0      0      0      0      0      0      0      0      0      0      0      0      0      0      0      0      0      0      0      0      0      0      0      0      0      0      0      0      0      0      0      0      0      0      0      0      0      0      0      0      0      0      0      0      0      0      0      0      0      0      0      0      0      0      0      0      0      0      0      0      0      0      0      0      0      0      0      0      0      0      0
      0      0      0      0      0      0      0      0      0      0      0      0      0      0      0      0      0      0      0      0      0      0      0      0      0      0      0      0      0      0      0      0      0      0      0      0      0      0      0      0      0      0      0      0      0      0      0      0      0      0      0      0      0      0      0      0      0      0      0      3      0      0      0      0      0      0      0      0      0      0      0      0      0      0      0      0      0      0      0      0      0      0      0      0      0      0      0      0      0      0      0      0      0      0      0      0      0      0      0      0
      0      0      0      0      0      0      0      0      0      0      0      0      0      0      0      0      0      0      0      0      0      0      0      0      0      0      0      0      0      0      0      0      0      0      0      0      0      0      0      0      0      0      0      0      0      0      0      0      0      0      0      0      0      0      0      0      0      0      0      0      0      0      0      0      0      0      0      0      0      0      0      0      0      0      0      0      0      0      0      0      0      0      0      0      0      0      0      0      0      0      0      0      0      0      0      0      0      0      0      0
      0      0      0      0      0      0      0      0      0      0      0      0      0      0      0      0      0      0      0      0      0      0      0      0      0      0      0      0      0      0      0      0      0      0      0      0      0      0      0      0      0      0      0      0      0      0      0      0      0      0      0      0      0      0      0      0      0      0      0      0      0      0      0      0      0      0      0      0      0      0      0      0      0      0      0      0      0      0      0      0      0      0      0      0      0      0      0      0      0      0      0      0      0      0      0      0      0      0      0      0
      0      0      0      0      0      0      0      0      0      0      0      0      0      0      0      0      0      0      0      0      0      0      0      0      0      0      0      0      0      0      0      0      0      0      0      0      0      0      0      0      0      0      0      0      0      0      0      0      0      0      0      0      0      0      0      0      0      0      0      0      0      0      0      0      0      0      0      0      0      0      0      0      0      0      0      0      0      0      0      0      0      0      0      0      0      0      0      0      0      0      0      0      0      0      0      0      0      0      0      0
      0      0      0      0      0      0      0      0      0      0      0      0      0      0      0      0      0      0      0      0      0      0      0      0      0      0      0      0      0      0      0      0      0      0      0      0      0      0      0      0      0      0      0      0      0      0      0      0      0      0      0      0      0      0      0      0      0      0      0      0      0      0      0      0      0      0      0      0      0      0      0      0      0      0      0      0      0      0      0      0      0      0      0      0      0      0      0      0      0      0      0      0      0      0      0      0      0      0      0      0
      0      0      0      0      0      0      0      0      0      0      0      0      0      0      0      0      0      0      0      0      0      0      0      0      0      0      0      0      0      0      0      0      0      0      0      0      0      0      0      0      0      0      0      0      0      0      0      0      0      0      0      0      0      0      0      0      0      0      0      0      0      0      0      0      0      0      0      0      0      0      0      0      0      0      0      0      0      0      0      0      0      0      0      0      0      0      0      0      0      0      0      0      0      0      0      0      0      0      0      0
