\ 
\ Posterior Density Function Histogram Table
\ 
\ Parameter: e sine omega
\ Abbrev   : esinw
\ Units    : none
\ 
| bin   | location      | probability   |
| int   | double        | double        |
       1       -0.202447        0.000011
       2       -0.198712        0.000000
       3       -0.194976        0.000000
       4       -0.191241        0.000103
       5       -0.187505        0.000091
       6       -0.183770        0.000068
       7       -0.180035        0.000148
       8       -0.176299        0.000114
       9       -0.172564        0.000205
      10       -0.168828        0.000240
      11       -0.165093        0.000240
      12       -0.161357        0.000217
      13       -0.157622        0.000297
      14       -0.153887        0.001004
      15       -0.150151        0.000799
      16       -0.146416        0.000753
      17       -0.142680        0.000787
      18       -0.138945        0.001255
      19       -0.135210        0.001894
      20       -0.131474        0.002020
      21       -0.127739        0.002362
      22       -0.124003        0.002385
      23       -0.120268        0.002636
      24       -0.116532        0.003583
      25       -0.112797        0.004485
      26       -0.109062        0.004885
      27       -0.105326        0.006322
      28       -0.101591        0.007201
      29       -0.097855        0.008902
      30       -0.094120        0.010043
      31       -0.090384        0.009404
      32       -0.086649        0.013010
      33       -0.082914        0.013638
      34       -0.079178        0.015270
      35       -0.075443        0.014802
      36       -0.071707        0.017119
      37       -0.067972        0.017495
      38       -0.064237        0.021661
      39       -0.060501        0.023167
      40       -0.056766        0.022254
      41       -0.053030        0.024445
      42       -0.049295        0.026408
      43       -0.045559        0.028542
      44       -0.041824        0.028463
      45       -0.038089        0.029010
      46       -0.034353        0.031635
      47       -0.030618        0.033746
      48       -0.026882        0.032651
      49       -0.023147        0.031179
      50       -0.019412        0.030140
      51       -0.015676        0.034055
      52       -0.011941        0.031601
      53       -0.008205        0.032856
      54       -0.004470        0.030106
      55       -0.000734        0.029741
      56        0.003001        0.029284
      57        0.006736        0.025221
      58        0.010472        0.026089
      59        0.014207        0.022711
      60        0.017943        0.023099
      61        0.021678        0.018853
      62        0.025413        0.019298
      63        0.029149        0.018899
      64        0.032884        0.017278
      65        0.036620        0.015053
      66        0.040355        0.012953
      67        0.044091        0.012999
      68        0.047826        0.011869
      69        0.051561        0.010785
      70        0.055297        0.007772
      71        0.059032        0.006619
      72        0.062768        0.006585
      73        0.066503        0.005147
      74        0.070238        0.004827
      75        0.073974        0.003880
      76        0.077709        0.002944
      77        0.081445        0.002100
      78        0.085180        0.001700
      79        0.088916        0.001141
      80        0.092651        0.001461
      81        0.096386        0.001244
      82        0.100122        0.001427
      83        0.103857        0.001004
      84        0.107593        0.000867
      85        0.111328        0.000422
      86        0.115064        0.000148
      87        0.118799        0.000148
      88        0.122534        0.000114
      89        0.126270        0.000205
      90        0.130005        0.000057
      91        0.133741        0.000000
      92        0.137476        0.000034
      93        0.141211        0.000068
      94        0.144947        0.000046
      95        0.148682        0.000148
      96        0.152418        0.000011
      97        0.156153        0.000000
      98        0.159889        0.000000
      99        0.163624        0.000000
     100        0.167359        0.000000
