\ 
\ Posterior Density Function Histogram Table
\ 
\ Parameter: Stellar Luminosity
\ Abbrev   : L*
\ Units    : Lsun
\ 
| bin   | location      | probability   |
| int   | double        | double        |
       1       -0.006346        0.000000
       2       -0.005613        0.000000
       3       -0.004880        0.000000
       4       -0.004147        0.000000
       5       -0.003414        0.000000
       6       -0.002681        0.000000
       7       -0.001947        0.000000
       8       -0.001214        0.000000
       9       -0.000481        0.000000
      10        0.000252        0.000000
      11        0.000985        0.000000
      12        0.001718        0.000000
      13        0.002451        0.000000
      14        0.003185        0.000068
      15        0.003918        0.000171
      16        0.004651        0.000114
      17        0.005384        0.000491
      18        0.006117        0.000605
      19        0.006850        0.001347
      20        0.007583        0.001963
      21        0.008317        0.002374
      22        0.009050        0.003869
      23        0.009783        0.004474
      24        0.010516        0.007167
      25        0.011249        0.009141
      26        0.011982        0.011218
      27        0.012715        0.014049
      28        0.013449        0.016685
      29        0.014182        0.018694
      30        0.014915        0.022585
      31        0.015648        0.021763
      32        0.016381        0.026876
      33        0.017114        0.026317
      34        0.017847        0.032149
      35        0.018580        0.031396
      36        0.019314        0.032776
      37        0.020047        0.035561
      38        0.020780        0.031647
      39        0.021513        0.035127
      40        0.022246        0.029980
      41        0.022979        0.032925
      42        0.023712        0.032879
      43        0.024446        0.033507
      44        0.025179        0.033096
      45        0.025912        0.031726
      46        0.026645        0.028873
      47        0.027378        0.028999
      48        0.028111        0.028371
      49        0.028844        0.024936
      50        0.029578        0.023726
      51        0.030311        0.021695
      52        0.031044        0.020531
      53        0.031777        0.019196
      54        0.032510        0.019082
      55        0.033243        0.017415
      56        0.033976        0.017141
      57        0.034710        0.015007
      58        0.035443        0.012280
      59        0.036176        0.015715
      60        0.036909        0.012257
      61        0.037642        0.012474
      62        0.038375        0.009769
      63        0.039108        0.009632
      64        0.039841        0.007635
      65        0.040575        0.006117
      66        0.041308        0.005923
      67        0.042041        0.005090
      68        0.042774        0.005706
      69        0.043507        0.004907
      70        0.044240        0.004474
      71        0.044973        0.003583
      72        0.045707        0.004382
      73        0.046440        0.003823
      74        0.047173        0.003561
      75        0.047906        0.003081
      76        0.048639        0.002237
      77        0.049372        0.002340
      78        0.050105        0.001335
      79        0.050839        0.001210
      80        0.051572        0.001552
      81        0.052305        0.001860
      82        0.053038        0.000993
      83        0.053771        0.001369
      84        0.054504        0.000981
      85        0.055237        0.000342
      86        0.055971        0.000536
      87        0.056704        0.001210
      88        0.057437        0.000730
      89        0.058170        0.000605
      90        0.058903        0.000365
      91        0.059636        0.000434
      92        0.060369        0.000262
      93        0.061103        0.000320
      94        0.061836        0.000148
      95        0.062569        0.000377
      96        0.063302        0.000080
      97        0.064035        0.000103
      98        0.064768        0.000171
      99        0.065501        0.000171
     100        0.066234        0.000194
