\ 
\ Posterior Density Function Histogram Table
\ 
\ Parameter: Stellar Radius
\ Abbrev   : R*
\ Units    : Rsun
\ 
| bin   | location      | probability   |
| int   | double        | double        |
       1        0.292160        0.000023
       2        0.294908        0.000080
       3        0.297657        0.000000
       4        0.300406        0.000080
       5        0.303154        0.000023
       6        0.305903        0.000148
       7        0.308652        0.000068
       8        0.311401        0.000000
       9        0.314149        0.000068
      10        0.316898        0.000046
      11        0.319647        0.000354
      12        0.322396        0.000342
      13        0.325144        0.000377
      14        0.327893        0.000662
      15        0.330642        0.000525
      16        0.333391        0.000514
      17        0.336139        0.000765
      18        0.338888        0.001073
      19        0.341637        0.001598
      20        0.344386        0.001655
      21        0.347134        0.002066
      22        0.349883        0.002214
      23        0.352632        0.002716
      24        0.355381        0.002865
      25        0.358129        0.005341
      26        0.360878        0.005056
      27        0.363627        0.005181
      28        0.366376        0.006402
      29        0.369124        0.009198
      30        0.371873        0.007989
      31        0.374622        0.010625
      32        0.377371        0.011869
      33        0.380119        0.012531
      34        0.382868        0.013581
      35        0.385617        0.016240
      36        0.388366        0.018602
      37        0.391114        0.019618
      38        0.393863        0.019139
      39        0.396612        0.022585
      40        0.399361        0.023053
      41        0.402109        0.026169
      42        0.404858        0.027036
      43        0.407607        0.031236
      44        0.410355        0.029182
      45        0.413104        0.032400
      46        0.415853        0.029010
      47        0.418602        0.032468
      48        0.421350        0.033016
      49        0.424099        0.029296
      50        0.426848        0.032959
      51        0.429597        0.031407
      52        0.432345        0.033883
      53        0.435094        0.031304
      54        0.437843        0.030836
      55        0.440592        0.028052
      56        0.443340        0.025073
      57        0.446089        0.027721
      58        0.448838        0.026454
      59        0.451587        0.024023
      60        0.454335        0.023977
      61        0.457084        0.019504
      62        0.459833        0.018123
      63        0.462582        0.017278
      64        0.465330        0.015395
      65        0.468079        0.014585
      66        0.470828        0.015726
      67        0.473577        0.011139
      68        0.476325        0.010054
      69        0.479074        0.009735
      70        0.481823        0.007064
      71        0.484572        0.007201
      72        0.487320        0.006094
      73        0.490069        0.005957
      74        0.492818        0.004759
      75        0.495567        0.004439
      76        0.498315        0.004040
      77        0.501064        0.002865
      78        0.503813        0.002819
      79        0.506562        0.001758
      80        0.509310        0.001940
      81        0.512059        0.001529
      82        0.514808        0.001484
      83        0.517556        0.001415
      84        0.520305        0.000628
      85        0.523054        0.000822
      86        0.525803        0.000331
      87        0.528551        0.000491
      88        0.531300        0.000331
      89        0.534049        0.000183
      90        0.536798        0.000183
      91        0.539546        0.000445
      92        0.542295        0.000091
      93        0.545044        0.000137
      94        0.547793        0.000217
      95        0.550541        0.000080
      96        0.553290        0.000103
      97        0.556039        0.000034
      98        0.558788        0.000103
      99        0.561536        0.000057
     100        0.564285        0.000000
