\ 
\ Posterior Density Function Histogram Table
\ 
\ Parameter: Effective Temperature
\ Abbrev   : Teff
\ Units    : K
\ 
| bin   | location      | probability   |
| int   | double        | double        |
       1     2708.546660        0.000000
       2     2724.385644        0.000091
       3     2740.224629        0.000011
       4     2756.063613        0.000011
       5     2771.902597        0.000080
       6     2787.741581        0.000126
       7     2803.580566        0.000194
       8     2819.419550        0.000023
       9     2835.258534        0.000183
      10     2851.097518        0.000377
      11     2866.936503        0.000183
      12     2882.775487        0.000114
      13     2898.614471        0.000902
      14     2914.453456        0.000342
      15     2930.292440        0.000582
      16     2946.131424        0.000742
      17     2961.970408        0.000708
      18     2977.809393        0.001563
      19     2993.648377        0.001118
      20     3009.487361        0.001643
      21     3025.326345        0.001643
      22     3041.165330        0.002842
      23     3057.004314        0.002602
      24     3072.843298        0.002979
      25     3088.682282        0.003709
      26     3104.521267        0.003538
      27     3120.360251        0.005512
      28     3136.199235        0.006870
      29     3152.038219        0.007384
      30     3167.877204        0.007783
      31     3183.716188        0.009016
      32     3199.555172        0.010271
      33     3215.394156        0.012051
      34     3231.233141        0.012862
      35     3247.072125        0.013786
      36     3262.911109        0.016936
      37     3278.750093        0.017735
      38     3294.589078        0.018111
      39     3310.428062        0.018248
      40     3326.267046        0.021102
      41     3342.106030        0.021752
      42     3357.945015        0.026169
      43     3373.783999        0.027310
      44     3389.622983        0.027595
      45     3405.461967        0.030266
      46     3421.300952        0.029170
      47     3437.139936        0.030220
      48     3452.978920        0.032286
      49     3468.817904        0.032628
      50     3484.656889        0.032377
      51     3500.495873        0.029433
      52     3516.334857        0.031441
      53     3532.173841        0.033039
      54     3548.012826        0.032731
      55     3563.851810        0.029159
      56     3579.690794        0.029912
      57     3595.529778        0.029376
      58     3611.368763        0.028166
      59     3627.207747        0.027447
      60     3643.046731        0.025895
      61     3658.885715        0.022505
      62     3674.724700        0.021250
      63     3690.563684        0.018226
      64     3706.402668        0.016559
      65     3722.241652        0.016845
      66     3738.080637        0.015304
      67     3753.919621        0.015019
      68     3769.758605        0.013273
      69     3785.597589        0.010739
      70     3801.436574        0.009952
      71     3817.275558        0.008160
      72     3833.114542        0.006893
      73     3848.953526        0.005295
      74     3864.792511        0.004496
      75     3880.631495        0.003846
      76     3896.470479        0.002807
      77     3912.309463        0.003401
      78     3928.148448        0.003081
      79     3943.987432        0.002682
      80     3959.826416        0.001963
      81     3975.665400        0.001495
      82     3991.504385        0.001187
      83     4007.343369        0.000879
      84     4023.182353        0.000753
      85     4039.021338        0.000411
      86     4054.860322        0.000593
      87     4070.699306        0.000365
      88     4086.538290        0.000171
      89     4102.377275        0.000274
      90     4118.216259        0.000103
      91     4134.055243        0.000034
      92     4149.894227        0.000411
      93     4165.733212        0.000057
      94     4181.572196        0.000240
      95     4197.411180        0.000011
      96     4213.250164        0.000046
      97     4229.089149        0.000011
      98     4244.928133        0.000023
      99     4260.767117        0.000000
     100     4276.606101        0.000000
