\ 
\ Posterior Density Function Histogram Table
\ 
\ Parameter: Equilibrium Temperature
\ Abbrev   : Teq
\ Units    : K
\ 
| bin   | location      | probability   |
| int   | double        | double        |
       1      465.123034        0.000068
       2      468.972515        0.000000
       3      472.821996        0.000011
       4      476.671477        0.000000
       5      480.520958        0.000103
       6      484.370439        0.000023
       7      488.219920        0.000194
       8      492.069401        0.000126
       9      495.918882        0.000320
      10      499.768363        0.000114
      11      503.617843        0.000548
      12      507.467324        0.000091
      13      511.316805        0.000388
      14      515.166286        0.000639
      15      519.015767        0.000867
      16      522.865248        0.000833
      17      526.714729        0.000559
      18      530.564210        0.001347
      19      534.413691        0.001609
      20      538.263172        0.002146
      21      542.112653        0.001883
      22      545.962134        0.001700
      23      549.811614        0.002979
      24      553.661095        0.003447
      25      557.510576        0.004565
      26      561.360057        0.005124
      27      565.209538        0.005181
      28      569.059019        0.007452
      29      572.908500        0.007772
      30      576.757981        0.008080
      31      580.607462        0.010534
      32      584.456943        0.011344
      33      588.306424        0.014071
      34      592.155905        0.014505
      35      596.005386        0.015897
      36      599.854866        0.016970
      37      603.704347        0.018260
      38      607.553828        0.020987
      39      611.403309        0.020337
      40      615.252790        0.025267
      41      619.102271        0.025518
      42      622.951752        0.028246
      43      626.801233        0.027995
      44      630.650714        0.029170
      45      634.500195        0.031669
      46      638.349676        0.029045
      47      642.199157        0.030231
      48      646.048637        0.028999
      49      649.898118        0.031179
      50      653.747599        0.035607
      51      657.597080        0.032537
      52      661.446561        0.032183
      53      665.296042        0.030368
      54      669.145523        0.032457
      55      672.995004        0.028714
      56      676.844485        0.029227
      57      680.693966        0.024480
      58      684.543447        0.022631
      59      688.392928        0.026249
      60      692.242408        0.024229
      61      696.091889        0.022403
      62      699.941370        0.017655
      63      703.790851        0.017541
      64      707.640332        0.018351
      65      711.489813        0.014768
      66      715.339294        0.015007
      67      719.188775        0.011549
      68      723.038256        0.010922
      69      726.887737        0.007487
      70      730.737218        0.008103
      71      734.586699        0.007315
      72      738.436179        0.006608
      73      742.285660        0.006425
      74      746.135141        0.004496
      75      749.984622        0.005261
      76      753.834103        0.002705
      77      757.683584        0.002796
      78      761.533065        0.002602
      79      765.382546        0.001986
      80      769.232027        0.001198
      81      773.081508        0.001621
      82      776.930989        0.001472
      83      780.780470        0.000628
      84      784.629951        0.000765
      85      788.479431        0.000274
      86      792.328912        0.000411
      87      796.178393        0.000468
      88      800.027874        0.000354
      89      803.877355        0.000217
      90      807.726836        0.000285
      91      811.576317        0.000103
      92      815.425798        0.000308
      93      819.275279        0.000171
      94      823.124760        0.000068
      95      826.974241        0.000331
      96      830.823722        0.000091
      97      834.673202        0.000000
      98      838.522683        0.000000
      99      842.372164        0.000000
     100      846.221645        0.000000
